"p_val" "avg_log2FC" "pct.1" "pct.2" "p_val_adj"
"AC004594.1" 1.44528259084672e-73 2.49136398575484 0.495 0.048 4.33584777254015e-70
"CHRNA7" 1.59851482014312e-71 0.761233729389382 0.394 0.063 4.79554446042935e-68
"VWC2L" 5.43986805757379e-70 2.25888742439495 0.423 0.047 1.63196041727214e-66
"GAD1" 5.60492918278958e-67 4.65621236976544 0.606 0.154 1.68147875483688e-63
"AC008415.1" 1.82705182901643e-66 2.62979355872043 0.423 0.106 5.4811554870493e-63
"BAMBI" 3.13759469182644e-65 0.292887315908352 0.47 0.117 9.41278407547933e-62
"PCDHB6" 4.5309055934932e-65 2.58977441120361 0.319 0.05 1.35927167804796e-61
"AC005154.6" 9.57790434628543e-65 3.37637996244388 0.376 0.03 2.87337130388563e-61
"MYOT" 2.2415081897838e-64 2.75508516033637 0.43 0.082 6.7245245693514e-61
"Z93241.1" 2.88730316699083e-63 1.69861798021588 0.462 0.098 8.66190950097249e-60
"P2RX7" 1.76646068649522e-62 2.89175004830313 0.444 0.058 5.29938205948566e-59
"AC010320.3" 3.45758738895626e-61 1.94960931381284 0.398 0.095 1.03727621668688e-57
"LGR5" 9.90156879862627e-60 2.41524108556169 0.516 0.095 2.97047063958788e-56
"AC012213.1" 2.16202589222079e-57 2.57340644144844 0.452 0.056 6.48607767666237e-54
"AP000708.1" 2.37779442316481e-57 2.15071879620847 0.444 0.115 7.13338326949444e-54
"AL035401.1" 1.02644698894702e-56 3.30803305130461 0.47 0.071 3.07934096684107e-53
"POLE2" 2.71272334033948e-56 3.23023909632056 0.391 0.082 8.13817002101845e-53
"AC104333.3" 4.10623616441864e-56 1.65464788535317 0.47 0.162 1.23187084932559e-52
"AC100818.1" 7.36959254002246e-56 2.36045526911224 0.237 0.031 2.21087776200674e-52
"AC093512.1" 3.21582407703158e-55 1.60531064786875 0.312 0.039 9.64747223109473e-52
"CMAHP" 4.96332914413838e-55 0.999915683415315 0.427 0.108 1.48899874324151e-51
"AL138756.1" 5.25310436067983e-55 1.6961917121094 0.401 0.048 1.57593130820395e-51
"ALS2CR12" 3.09839197403519e-54 1.90749637664184 0.229 0.064 9.29517592210556e-51
"H3F3B" 7.73647857357462e-54 2.9838904888873 0.789 0.424 2.32094357207239e-50
"MIR181A2HG" 1.13385779636385e-53 2.18305818184617 0.358 0.099 3.40157338909155e-50
"GRM7-AS3" 2.61028237701599e-53 4.25610119138834 0.28 0.044 7.83084713104798e-50
"TCAF1P1" 3.4455118461728e-53 2.38174905300271 0.28 0.083 1.03365355385184e-49
"AC009950.1" 6.08651915337864e-53 2.64226028556898 0.315 0.047 1.82595574601359e-49
"GABRD" 9.73951209990437e-53 3.66042512464745 0.326 0.021 2.92185362997131e-49
"ADAMTS17" 1.43744825648773e-52 1.83285946211895 0.348 0.099 4.31234476946318e-49
"MT-RNR1" 3.82460955754634e-52 1.14337164268651 0.882 0.431 1.1473828672639e-48
"ANP32BP1" 6.73055588115815e-52 2.56288112358222 0.29 0.08 2.01916676434745e-48
"AC092171.4" 1.05588273927735e-51 1.78041410298838 0.548 0.097 3.16764821783206e-48
"AC145138.1" 1.20676851200988e-51 0.770894135658045 0.366 0.077 3.62030553602965e-48
"ASIC4" 2.02405220120311e-51 1.31098384173754 0.287 0.057 6.07215660360932e-48
"RAPGEF4-AS1" 2.78901828060523e-51 2.23811763341043 0.387 0.06 8.3670548418157e-48
"AC008691.1" 4.83906995934619e-51 1.66959297147781 0.258 0.09 1.45172098780386e-47
"DLX6" 1.28133659646884e-50 3.31074795836241 0.484 0.114 3.84400978940651e-47
"UBAP1L" 2.01275580460311e-50 3.09248881129387 0.423 0.07 6.03826741380933e-47
"AC022639.1" 2.43750588151585e-50 1.0239548173123 0.297 0.088 7.31251764454754e-47
"ETV6" 2.96557686007648e-50 2.42308932011763 0.419 0.114 8.89673058022944e-47
"CENPP" 4.89279169582264e-50 2.58138486885855 0.28 0.078 1.46783750874679e-46
"SPINT1-AS1" 1.79449373721066e-49 2.20647912998834 0.405 0.04 5.38348121163198e-46
"PDCD6IPP2" 5.00596819971086e-49 1.03677548639114 0.344 0.121 1.50179045991326e-45
"AL133346.1" 6.029720218504e-49 1.12788395135331 0.38 0.146 1.8089160655512e-45
"AC005476.2" 1.0661349082053e-48 1.12566689075446 0.333 0.08 3.19840472461589e-45
"AL356488.3" 1.08961939300269e-48 2.74562978241562 0.24 0.061 3.26885817900806e-45
"NUP210L" 3.41986142582575e-48 2.16333441055835 0.333 0.075 1.02595842774773e-44
"MBP" 1.76193711934734e-47 1.30785559665531 0.247 0.045 5.28581135804201e-44
"AC018512.1" 1.59884602177673e-46 2.28302983608362 0.319 0.06 4.79653806533018e-43
"SSUH2" 1.70866029544524e-46 3.00059812203538 0.384 0.057 5.12598088633573e-43
"DOCK10" 6.14955424178258e-46 0.318222237591323 0.631 0.205 1.84486627253478e-42
"KEL" 1.77536551351582e-45 2.50403709446304 0.362 0.068 5.32609654054747e-42
"GPR176" 2.65189464105616e-45 2.5260196557881 0.229 0.054 7.95568392316849e-42
"CD68" 4.60902515997168e-45 2.93074103322517 0.158 0.011 1.3827075479915e-41
"ZNF679" 8.43179658035185e-45 2.16857475687993 0.484 0.087 2.52953897410556e-41
"AL031599.1" 2.51857359488612e-44 1.89969082904145 0.201 0.042 7.55572078465836e-41
"AC125232.1" 2.79006375131863e-44 0.748954698763255 0.405 0.101 8.3701912539559e-41
"AC008014.1" 4.02928382257323e-44 1.89709598088057 0.416 0.126 1.20878514677197e-40
"G0S2" 4.79638547362432e-44 1.93965856404072 0.376 0.1 1.43891564208729e-40
"IFI16" 5.24038903477941e-43 1.87681608939466 0.419 0.115 1.57211671043382e-39
"AGAP2-AS1" 8.5342900067034e-43 1.7349500092322 0.348 0.133 2.56028700201102e-39
"LINC01971" 2.02331192379768e-42 1.32764697627788 0.387 0.097 6.06993577139305e-39
"SPDYE18" 2.33939885067031e-42 2.0148215066469 0.301 0.043 7.01819655201093e-39
"AL139021.2" 2.41098552960087e-42 0.483072812508958 0.38 0.106 7.2329565888026e-39
"CKM" 6.65739086452374e-42 0.268510590057014 0.29 0.127 1.99721725935712e-38
"FAP" 9.20494379000056e-42 2.32987951418818 0.301 0.074 2.76148313700017e-38
"LINC00639" 1.84864557873524e-41 1.69426677486039 0.265 0.094 5.54593673620573e-38
"UCP3" 1.86020496941146e-41 1.570826158798 0.405 0.057 5.58061490823439e-38
"PTAFR" 2.08636092760091e-41 4.60248834652311 0.326 0.073 6.25908278280273e-38
"AL133353.1" 2.62361769854152e-41 1.52249428241294 0.405 0.107 7.87085309562457e-38
"LRRC9" 3.6671343522489e-41 2.13001931400341 0.387 0.121 1.10014030567467e-37
"DGKH" 4.01747533153433e-41 1.49563297168264 0.219 0.094 1.2052425994603e-37
"AC129102.1" 5.62235188799987e-41 2.32134076255653 0.319 0.046 1.68670556639996e-37
"BNC2" 7.64461581958267e-41 2.11630056456796 0.448 0.106 2.2933847458748e-37
"FILIP1L" 1.09927694661617e-40 1.29065358878003 0.473 0.1 3.2978308398485e-37
"SDK2" 1.66071056015286e-40 1.50880390749582 0.466 0.138 4.98213168045858e-37
"ABCA12" 1.66160022674217e-40 2.13677626965503 0.448 0.095 4.98480068022651e-37
"CDH22" 1.83805487436846e-40 2.00715935190223 0.226 0.059 5.51416462310538e-37
"ARHGAP28" 2.3926540187829e-40 3.56015137257818 0.534 0.123 7.17796205634871e-37
"NXPH1" 2.9634020585135e-40 1.76229721989909 0.258 0.112 8.8902061755405e-37
"AC109322.1" 4.20021901718014e-40 2.06662898723597 0.301 0.086 1.26006570515404e-36
"TMC5" 4.6525118266963e-40 2.42394325596293 0.283 0.05 1.39575354800889e-36
"SGO1-AS1" 1.02060623650965e-39 2.03993043691203 0.287 0.083 3.06181870952894e-36
"AC011444.1" 8.01379945332083e-39 2.46839201095158 0.405 0.092 2.40413983599625e-35
"AP002383.2" 8.97724461817425e-39 1.70871258449115 0.323 0.053 2.69317338545228e-35
"ZNF20" 1.13948707263761e-38 1.88901997815525 0.272 0.096 3.41846121791282e-35
"AC124248.1" 1.15116449609531e-38 2.66853274978581 0.401 0.076 3.45349348828592e-35
"FAM157A" 1.43946641702834e-38 2.25976044532388 0.391 0.082 4.31839925108502e-35
"AC011498.1" 2.34906466919981e-38 2.44622814220469 0.143 0.064 7.04719400759942e-35
"PLEKHH2" 3.58516672564658e-38 1.13802630758538 0.301 0.098 1.07555001769397e-34
"AL138760.1" 6.17018658057581e-38 2.90917392837646 0.545 0.122 1.85105597417274e-34
"ST8SIA5" 9.7880487796973e-38 0.604141475247584 0.448 0.181 2.93641463390919e-34
"SCART1" 1.24595248302293e-37 3.51945352168502 0.254 0.031 3.73785744906879e-34
"PCBP3" 1.43510303523125e-37 2.5078392554535 0.459 0.123 4.30530910569376e-34
"ACRBP" 1.98567777110865e-37 2.39765724831651 0.355 0.078 5.95703331332594e-34
"CLEC19A" 2.98446370540969e-37 2.54154921731648 0.319 0.092 8.95339111622906e-34
"NDST4" 6.37738786357244e-37 2.37348582391944 0.409 0.093 1.91321635907173e-33
"SCN1B" 6.68401161711375e-37 2.63926742958473 0.197 0.021 2.00520348513412e-33
"KCND2" 7.42474717516569e-37 2.80986356113831 0.269 0.098 2.22742415254971e-33
"AC016705.2" 1.00543618275835e-36 1.97225992048017 0.308 0.135 3.01630854827506e-33
"CBLN2" 1.44300392122663e-36 1.92138855332032 0.215 0.051 4.32901176367988e-33
"AL023806.1" 9.6497604338011e-36 0.805767404155308 0.161 0.084 2.89492813014033e-32
"AC005520.5" 1.29984635945867e-35 1.51933488783676 0.186 0.101 3.89953907837602e-32
"LINC01505" 1.32118497882952e-35 0.34177631096728 0.29 0.11 3.96355493648855e-32
"AC005532.1" 2.45784013029703e-35 2.0423271662344 0.136 0.077 7.37352039089109e-32
"EPB41L4A-AS1" 2.48682447421788e-35 2.10068085533685 0.441 0.167 7.46047342265365e-32
"MT-RNR2" 2.96329829032639e-35 6.34610950566493 0.713 0.448 8.88989487097918e-32
"AKNA" 4.99230805873937e-35 1.94805585772452 0.405 0.138 1.49769241762181e-31
"PPM1F" 1.08965921634249e-34 0.499936365852966 0.416 0.141 3.26897764902747e-31
"AL356481.1" 1.10197673225584e-34 1.00332822171983 0.401 0.15 3.30593019676751e-31
"ISG20" 1.47811286000533e-34 3.07941382341283 0.333 0.049 4.43433858001598e-31
"AC109326.1" 1.69212376624722e-34 1.74302494795489 0.434 0.15 5.07637129874167e-31
"AC073869.3" 1.7846135581673e-34 2.13367156881337 0.28 0.044 5.35384067450189e-31
"IRS1" 1.98762198319991e-34 1.69572571410196 0.301 0.112 5.96286594959973e-31
"LINC01170" 2.19538138548961e-34 1.10801421741848 0.477 0.132 6.58614415646884e-31
"AC025164.1" 3.45237325431146e-34 1.8832675835078 0.401 0.145 1.03571197629344e-30
"AC011912.1" 6.35370799240422e-34 0.370830772271106 0.254 0.074 1.90611239772127e-30
"PABPC5-AS1" 1.80625478519423e-33 1.91680473535947 0.24 0.105 5.4187643555827e-30
"BTG1" 2.71609168507535e-33 1.34976465277733 0.695 0.395 8.14827505522605e-30
"AL078644.2" 2.99339916226748e-33 2.39354051835586 0.495 0.09 8.98019748680244e-30
"AC145422.1" 3.78147346484718e-33 0.927174623813089 0.143 0.055 1.13444203945415e-29
"PDZRN3" 4.45288308967251e-33 0.419983318148473 0.563 0.226 1.33586492690175e-29
"APCDD1" 5.46091279357888e-33 3.99914560479018 0.272 0.111 1.63827383807366e-29
"AC021504.1" 6.27587477342039e-33 2.89996031352315 0.419 0.151 1.88276243202612e-29
"GRASP" 6.94778206893736e-33 0.800485910035702 0.104 0.062 2.08433462068121e-29
"AQP1" 1.44251172507166e-32 1.71780520110088 0.366 0.112 4.32753517521499e-29
"B4GALT1-AS1" 1.52224436012965e-32 3.14422072040869 0.491 0.17 4.56673308038896e-29
"AC117383.1" 1.61018985483056e-32 1.7660554109693 0.276 0.098 4.83056956449167e-29
"NAPA-AS1" 1.87233175379668e-32 1.37151366861787 0.33 0.115 5.61699526139003e-29
"LINC02055" 2.81159552512613e-32 1.13714431993029 0.251 0.134 8.4347865753784e-29
"GREB1L" 3.68018418635987e-32 1.04511641093686 0.183 0.04 1.10405525590796e-28
"DCT" 4.71411250910784e-32 1.63763935149065 0.233 0.095 1.41423375273235e-28
"TTC22" 4.99375271932666e-32 2.84123808965924 0.262 0.079 1.498125815798e-28
"ACTA2" 6.79738869445634e-32 1.97523946896252 0.201 0.086 2.0392166083369e-28
"GLYATL1" 7.51963740273382e-32 1.98510429226586 0.165 0.092 2.25589122082015e-28
"LINC00535" 9.80356563993389e-32 2.47776135977275 0.337 0.1 2.94106969198017e-28
"PLA2G10" 2.16744374247556e-31 2.96959237989935 0.437 0.076 6.50233122742668e-28
"AC090971.3" 2.94908342087622e-31 1.40457015615147 0.161 0.055 8.84725026262867e-28
"AC025219.1" 6.1766219196968e-31 2.6700597025424 0.283 0.102 1.85298657590904e-27
"CHD7" 7.81354161962273e-31 0.376577640213088 0.53 0.27 2.34406248588682e-27
"ETS1" 1.57516583045627e-30 2.02715509284408 0.111 0.115 4.72549749136882e-27
"APOD" 2.73561382472562e-30 2.82871336628667 0.1 0.034 8.20684147417685e-27
"SPATA5" 4.61046584730378e-30 3.55412354388608 0.233 0.103 1.38313975419113e-26
"ZNF385D" 7.9317679661974e-30 3.72818157785007 0.437 0.128 2.37953038985922e-26
"ALK" 9.37026161237566e-30 1.36572336800938 0.19 0.097 2.8110784837127e-26
"CRYAB" 9.41526552629329e-30 3.01543889773928 0.297 0.131 2.82457965788799e-26
"MEIOC" 1.3824449050917e-29 0.442802290842288 0.29 0.085 4.14733471527511e-26
"AC079160.1" 1.5085914670407e-29 1.55125141786946 0.219 0.074 4.52577440112209e-26
"LINC01818" 1.72619417493652e-29 1.11392427512371 0.161 0.095 5.17858252480956e-26
"HIST1H1D" 2.13321547712926e-29 0.694732179453416 0.308 0.117 6.39964643138777e-26
"EPHA1-AS1" 2.76357074057365e-29 2.26199511008149 0.186 0.072 8.29071222172094e-26
"MTUS2" 2.79881037358334e-29 1.07209917217684 0.262 0.136 8.39643112075002e-26
"HTR2C" 2.82361529118485e-29 1.17316510907113 0.244 0.059 8.47084587355456e-26
"MDGA1" 3.72760682845033e-29 3.01628740718446 0.341 0.114 1.1182820485351e-25
"FALEC" 5.68157956208894e-29 1.25733342340136 0.254 0.127 1.70447386862668e-25
"EFCAB5" 5.98194832228543e-29 0.79073967506706 0.312 0.12 1.79458449668563e-25
"SOX2-OT" 9.55502082275251e-29 3.28643510539528 0.552 0.304 2.86650624682575e-25
"AC109466.1" 1.01872930012687e-28 1.09014977349876 0.129 0.081 3.0561879003806e-25
"CEP83-AS1" 1.08573737241268e-28 0.880569107981479 0.362 0.136 3.25721211723803e-25
"PRRX1" 1.23467577545074e-28 1.51369640157642 0.315 0.144 3.70402732635222e-25
"AC012618.3" 1.36290471386368e-28 2.23937884494232 0.115 0.088 4.08871414159104e-25
"VN1R83P" 1.88241034865139e-28 2.01279964923432 0.151 0.067 5.64723104595418e-25
"THA1P" 2.25257539214642e-28 2.19050404113522 0.262 0.086 6.75772617643927e-25
"AC090013.1" 2.79238433359114e-28 0.695135147653199 0.122 0.085 8.37715300077343e-25
"LINC01122" 3.07904768254009e-28 2.9301555252216 0.265 0.12 9.23714304762027e-25
"ABCA3" 4.7273389564793e-28 3.7311208515658 0.204 0.142 1.41820168694379e-24
"AP002336.2" 5.13558796834882e-28 2.85743738135058 0.473 0.127 1.54067639050465e-24
"AC107871.2" 6.29855776103028e-28 2.64372087646797 0.104 0.042 1.88956732830908e-24
"AC092375.2" 6.76013228161574e-28 1.4453616508768 0.297 0.059 2.02803968448472e-24
"HS3ST4" 8.64606864125451e-28 1.08111749485758 0.373 0.076 2.59382059237635e-24
"SRRM3" 9.65172776677113e-28 2.36876524220227 0.366 0.13 2.89551833003134e-24
"SELENON" 1.39100013576228e-27 1.97715762857563 0.129 0.105 4.17300040728683e-24
"MIR7-3HG" 1.59452596129946e-27 3.52715883076136 0.459 0.123 4.78357788389837e-24
"ADAMTS9" 8.22548913087574e-27 1.37930733446666 0.254 0.104 2.46764673926272e-23
"CEP290" 1.13080268932651e-26 5.32826664004654 0.373 0.198 3.39240806797954e-23
"SLC2A13" 1.18288453420718e-26 1.48706313854693 0.47 0.151 3.54865360262153e-23
"SLC7A7" 1.24107928896804e-26 2.19452623686494 0.265 0.054 3.72323786690411e-23
"TXNDC16" 1.44376024728619e-26 1.52643607941071 0.384 0.168 4.33128074185856e-23
"LINC01801" 1.91739555121624e-26 2.29791426803786 0.301 0.074 5.75218665364872e-23
"CRH" 2.19326992961378e-26 0.900153781647077 0.219 0.057 6.57980978884133e-23
"FGF22" 2.72816650213079e-26 1.26447367314485 0.143 0.084 8.18449950639236e-23
"LINC02363" 3.27926334583962e-26 2.24969767462147 0.118 0.047 9.83779003751888e-23
"SLIT1" 3.52122462011972e-26 2.40619896404198 0.398 0.155 1.05636738603592e-22
"TEX15" 4.50707546475665e-26 1.62130881915251 0.312 0.078 1.35212263942699e-22
"AP003031.2" 5.00143270393353e-26 1.98810701586368 0.441 0.062 1.50042981118006e-22
"CHKB-AS1" 7.47381881524363e-26 1.11911424036434 0.215 0.109 2.24214564457309e-22
"OSBPL10" 1.04102538877984e-25 1.79195115321781 0.401 0.12 3.12307616633951e-22
"C7orf61" 1.06821622786239e-25 1.03339812153875 0.211 0.069 3.20464868358718e-22
"AP002518.2" 1.11032481645036e-25 2.35085653597935 0.154 0.04 3.33097444935109e-22
"SPTY2D1OS" 1.72004775169883e-25 1.96146853901397 0.254 0.13 5.16014325509649e-22
"PTPN14" 1.86161449252311e-25 0.565380086835518 0.222 0.105 5.58484347756933e-22
"LINC00624" 2.46044587283339e-25 2.1839583470153 0.201 0.121 7.38133761850017e-22
"HRK" 3.41622568497361e-25 2.68356733559274 0.315 0.091 1.02486770549208e-21
"ZBTB16" 5.94524016043089e-25 1.96899946980074 0.477 0.132 1.78357204812927e-21
"PRPH" 8.46693276742256e-25 2.9401063622802 0.419 0.096 2.54007983022677e-21
"GCNA" 9.54958750272318e-25 2.22518466662646 0.122 0.072 2.86487625081695e-21
"NDST1-AS1" 1.53043805999368e-24 1.373088946866 0.122 0.073 4.59131417998103e-21
"AC006460.1" 2.27738006547744e-24 0.985310100376104 0.143 0.067 6.83214019643232e-21
"AC078778.2" 2.58002522078291e-24 1.32288160362023 0.133 0.059 7.74007566234874e-21
"ADAM28" 2.60932269992415e-24 0.788872080409766 0.412 0.12 7.82796809977243e-21
"AC006030.1" 3.64636303440134e-24 2.01491303127354 0.337 0.08 1.0939089103204e-20
"MPZL3" 3.92496812931473e-24 1.67473462274605 0.358 0.066 1.17749043879442e-20
"FAAH2" 4.10802570957021e-24 1.49683935237345 0.24 0.128 1.23240771287106e-20
"HIST3H2BB" 1.16692772204835e-23 2.41902382150591 0.337 0.104 3.50078316614506e-20
"UPP2" 1.23293565129013e-23 1.31286114285773 0.505 0.159 3.69880695387038e-20
"AC015912.3" 2.08393788219494e-23 0.772364695553877 0.129 0.112 6.25181364658484e-20
"LINC01424" 3.36624856152205e-23 2.04698884357291 0.222 0.112 1.00987456845662e-19
"AC074286.1" 1.40944863915139e-22 2.39790142702026 0.251 0.073 4.22834591745418e-19
"SENP7" 1.41950041142499e-22 0.275808591039726 0.326 0.189 4.25850123427497e-19
"ITGA2B" 1.69386029316135e-22 2.28386139971145 0.28 0.079 5.08158087948406e-19
"REP15" 2.83346797177623e-22 2.35243737778959 0.416 0.116 8.50040391532868e-19
"AC003002.1" 3.06806190371417e-22 2.76214111482389 0.441 0.079 9.20418571114252e-19
"AL078581.3" 3.35124138035786e-22 1.39130115941184 0.108 0.068 1.00537241410736e-18
"PROX1-AS1" 3.94163630610873e-22 0.420956772171991 0.147 0.105 1.18249089183262e-18
"GRIK1" 5.37980329951456e-22 1.88694362027252 0.147 0.079 1.61394098985437e-18
"AC024361.2" 6.01439192061079e-22 2.44519595402297 0.43 0.099 1.80431757618324e-18
"PHF21B" 7.20833372124381e-22 1.55067707972113 0.333 0.184 2.16250011637314e-18
"PPP1R42" 7.85988298296764e-22 1.37685984992296 0.222 0.125 2.35796489489029e-18
"ADPRHL1" 9.65340820087176e-22 1.05239389168776 0.183 0.107 2.89602246026153e-18
"STMN4" 1.2355595099772e-21 4.40539621740948 0.634 0.387 3.7066785299316e-18
"AC093677.2" 1.27013128048875e-21 0.957456491364482 0.265 0.098 3.81039384146626e-18
"CFAP52" 2.23344147222995e-21 1.66944542985381 0.222 0.079 6.70032441668985e-18
"AL049749.1" 2.76794301275455e-21 1.61481468740913 0.355 0.059 8.30382903826364e-18
"AC092329.3" 4.3224791090947e-21 2.11684311507492 0.168 0.093 1.29674373272841e-17
"HIST1H2BE" 6.11823199432714e-21 0.256342596488022 0.147 0.159 1.83546959829814e-17
"C4orf22" 9.32211845617871e-21 2.31966547154117 0.194 0.064 2.79663553685361e-17
"AL136454.1" 1.09672672983736e-20 1.09747361608027 0.057 0.104 3.29018018951207e-17
"LINC01456" 1.25873072422166e-20 1.74543615783723 0.373 0.153 3.77619217266499e-17
"AC121342.1" 1.50983063064307e-20 1.66616544507863 0.197 0.072 4.5294918919292e-17
"DSCAML1" 1.89150655009424e-20 1.85013103191359 0.412 0.144 5.67451965028272e-17
"AC007040.2" 2.99471267381466e-20 1.34877635211009 0.201 0.109 8.98413802144397e-17
"AL157911.1" 3.58510256254075e-20 0.656336517099287 0.111 0.053 1.07553076876223e-16
"AL136038.3" 3.90625794283249e-20 2.94593187629515 0.358 0.064 1.17187738284975e-16
"ADRA1B" 4.36500066123766e-20 0.691054345370976 0.133 0.067 1.3095001983713e-16
"AOAH" 4.51659421078605e-20 1.28220976987143 0.211 0.11 1.35497826323582e-16
"CCDC88A" 7.0648515115088e-20 1.00186260689035 0.595 0.389 2.11945545345264e-16
"IQSEC3" 7.62831297884949e-20 2.32945629835461 0.315 0.1 2.28849389365485e-16
"AC008555.5" 9.98052036059127e-20 1.26115923477727 0.258 0.07 2.99415610817738e-16
"NLN" 1.22296040552014e-19 4.70774413813041 0.398 0.22 3.66888121656041e-16
"CNTN4" 1.69390130362303e-19 0.745068628994648 0.437 0.113 5.08170391086909e-16
"SLC6A1" 1.81659532259721e-19 3.38676306257638 0.201 0.107 5.44978596779163e-16
"EXOC3L1" 2.04448650117852e-19 1.6946398265806 0.43 0.121 6.13345950353557e-16
"TLL1" 2.71673988392443e-19 0.341110342532945 0.133 0.085 8.15021965177329e-16
"LINC02440" 3.12901498558546e-19 0.413535086538252 0.387 0.146 9.38704495675637e-16
"AC008741.2" 5.15259675532857e-19 2.5543863055966 0.262 0.024 1.54577902659857e-15
"AC012409.2" 6.08966384185521e-19 1.24231932226375 0.254 0.065 1.82689915255656e-15
"TIMP3" 6.47938476873296e-19 1.4804270127523 0.047 0.102 1.94381543061989e-15
"KIAA0586" 7.05528131221418e-19 1.86602690674058 0.348 0.158 2.11658439366425e-15
"AC009226.1" 7.19856531523329e-19 1.35298213825803 0.129 0.063 2.15956959456999e-15
"AC005329.1" 1.21620084061268e-18 0.259698792964519 0.143 0.089 3.64860252183804e-15
"MTSS1" 1.30214432412907e-18 0.600183763627301 0.53 0.352 3.9064329723872e-15
"XACT" 1.64455194505852e-18 1.12794004804422 0.165 0.088 4.93365583517556e-15
"HCN2" 1.71465185264737e-18 0.908703036190685 0.168 0.098 5.1439555579421e-15
"RGS2" 2.31004066848209e-18 4.79867902471489 0.369 0.153 6.93012200544628e-15
"AL591485.1" 2.65600995943178e-18 1.41732968867278 0.394 0.12 7.96802987829533e-15
"ERBB4" 3.709127141476e-18 1.05399242999291 0.452 0.182 1.1127381424428e-14
"DUSP6" 6.99740312220874e-18 1.48951079069981 0.208 0.119 2.09922093666262e-14
"AKAP9" 7.74323247427477e-18 1.00304660681125 0.573 0.376 2.32296974228243e-14
"MYCBP2" 1.01457895953063e-17 1.26124446209257 0.384 0.286 3.0437368785919e-14
"AC006994.2" 1.16014084296714e-17 1.03022872347511 0.118 0.095 3.48042252890143e-14
"PRKX" 1.35035178766094e-17 3.39875849011011 0.362 0.297 4.05105536298283e-14
"PLK2" 1.47989200674574e-17 1.73260498640494 0.405 0.267 4.43967602023722e-14
"AC113349.2" 2.11239508782075e-17 0.970816588387418 0.323 0.127 6.33718526346226e-14
"KLHDC1" 3.60488733634871e-17 2.44963671486733 0.33 0.129 1.08146620090461e-13
"LHX9" 3.96757629298746e-17 2.01442607290537 0.398 0.088 1.19027288789624e-13
"PPP1R15A" 9.18798596644164e-17 0.373994414519539 0.394 0.213 2.75639578993249e-13
"CHRM1" 1.16506681458565e-16 1.22146415773361 0.369 0.115 3.49520044375694e-13
"CFAP61" 1.30590640545201e-16 1.70346318885498 0.301 0.099 3.91771921635603e-13
"NTNG1" 1.37257096909822e-16 2.118455363497 0.122 0.114 4.11771290729466e-13
"LINC00574" 1.44282780975779e-16 1.74214330923574 0.065 0.107 4.32848342927336e-13
"GPR158" 2.41050245649987e-16 0.843999511827281 0.398 0.082 7.23150736949962e-13
"AVIL" 2.41832547255321e-16 1.16342632934135 0.179 0.099 7.25497641765963e-13
"THRB" 2.46930428818208e-16 1.52178601735374 0.355 0.116 7.40791286454622e-13
"AL137077.2" 2.84897319275747e-16 1.3859464291895 0.115 0.112 8.5469195782724e-13
"ITGA9-AS1" 3.26275824901456e-16 1.47637040434425 0.122 0.134 9.78827474704369e-13
"ZNF704" 3.39158201041307e-16 0.450109100850402 0.391 0.322 1.01747460312392e-12
"NRP1" 4.06551052954931e-16 3.21261088817212 0.086 0.109 1.21965315886479e-12
"SLC16A3" 4.82715036296286e-16 1.87220727371976 0.176 0.194 1.44814510888886e-12
"HCG23" 5.08935032289864e-16 1.93468416019216 0.032 0.128 1.52680509686959e-12
"DDIT4-AS1" 5.35238039171639e-16 1.07475127293309 0.244 0.099 1.60571411751492e-12
"AC130324.2" 9.45535925957614e-16 1.30719318440639 0.323 0.088 2.83660777787284e-12
"SMIM18" 1.04565057415418e-15 1.45840649158466 0.24 0.101 3.13695172246254e-12
"ZNF311" 1.56487748217229e-15 2.00949629798159 0.204 0.118 4.69463244651686e-12
"CELF4" 1.65171187164986e-15 1.74082188062443 0.459 0.164 4.95513561494958e-12
"LINC00467" 1.72786942637669e-15 1.01578597692836 0.244 0.094 5.18360827913007e-12
"AL365361.1" 1.89742784650412e-15 1.7695363546767 0.061 0.136 5.69228353951236e-12
"TPTE2" 1.94325560488922e-15 1.65635359871159 0.305 0.083 5.82976681466766e-12
"AC090241.2" 3.95084304786762e-15 1.93782826774703 0.319 0.097 1.18525291436028e-11
"AL357507.1" 4.0860187904796e-15 1.62739181324449 0.237 0.059 1.22580563714388e-11
"EAF1-AS1" 5.50378841929925e-15 1.36152290316468 0.272 0.092 1.65113652578977e-11
"LAMTOR5-AS1" 7.01829655215333e-15 3.90852406936568 0.197 0.085 2.105488965646e-11
"SULT2B1" 7.75497970355134e-15 2.46204688286059 0.237 0.089 2.3264939110654e-11
"ADM5" 7.97710463904479e-15 1.0395257182462 0.125 0.051 2.39313139171344e-11
"GUCY1A1" 1.06529508537336e-14 2.08261390566446 0.154 0.104 3.19588525612008e-11
"CCDC62" 1.08028635966156e-14 2.49160359645317 0.262 0.064 3.24085907898467e-11
"PCDH10" 1.23547871684029e-14 3.91131872255968 0.28 0.193 3.70643615052087e-11
"GNA14" 1.30446202905937e-14 1.00279809145828 0.186 0.056 3.91338608717811e-11
"MT-TS2" 1.44470774751199e-14 0.280011191751988 0.384 0.269 4.33412324253598e-11
"DST" 1.78056640124536e-14 1.33789625967253 0.459 0.342 5.34169920373609e-11
"DPF3" 2.22448727238358e-14 1.13941401940456 0.272 0.11 6.67346181715074e-11
"MTUS1" 2.3113677165059e-14 2.46427466734146 0.308 0.145 6.93410314951771e-11
"HSPA1B" 2.61186136413605e-14 4.34537497429158 0.341 0.142 7.83558409240816e-11
"AC010547.1" 2.6843766108447e-14 2.31988300131539 0.226 0.068 8.05312983253409e-11
"ELAVL4" 2.75673916900117e-14 4.21368758072385 0.448 0.346 8.2702175070035e-11
"AC027807.1" 3.02310255910541e-14 0.799031279677346 0.233 0.126 9.06930767731622e-11
"PRICKLE2" 3.49841166930893e-14 1.55743208043132 0.151 0.107 1.04952350079268e-10
"DLEU2" 4.50955167751939e-14 2.26145405459644 0.154 0.187 1.35286550325582e-10
"TRPM3" 7.97216322187742e-14 0.979444210046793 0.111 0.119 2.39164896656322e-10
"AC004949.1" 1.10393775189632e-13 2.9546939638534 0.151 0.087 3.31181325568895e-10
"PIK3CD-AS2" 1.55434509643518e-13 1.78440583312422 0.219 0.078 4.66303528930555e-10
"CCR10" 1.77564321267261e-13 3.09174397045478 0.301 0.111 5.32692963801783e-10
"KCNH8" 2.98201712168491e-13 4.12048532461139 0.333 0.144 8.94605136505474e-10
"AC132807.2" 3.22592090547685e-13 2.01000612109176 0.115 0.113 9.67776271643056e-10
"AC018648.1" 3.75560790961786e-13 2.2139172279333 0.297 0.109 1.12668237288536e-09
"LRRD1" 3.77899748997846e-13 1.23704551340194 0.376 0.115 1.13369924699354e-09
"C1QTNF3-AMACR" 4.48861725376181e-13 2.33336190476408 0.348 0.112 1.34658517612854e-09
"MADCAM1" 5.51413045479354e-13 1.83896636107462 0.38 0.133 1.65423913643806e-09
"TNFAIP8L3" 6.76478171220728e-13 1.195512652758 0.384 0.097 2.02943451366218e-09
"AC110285.2" 6.81841003859675e-13 0.904934942209486 0.222 0.098 2.04552301157903e-09
"KCNMB2-AS1" 7.91248715950714e-13 1.89196833907932 0.158 0.061 2.37374614785214e-09
"SHBG" 1.1425774263007e-12 0.370631881058202 0.269 0.16 3.42773227890209e-09
"SRP54-AS1" 1.18007496244087e-12 2.09013550996036 0.28 0.14 3.5402248873226e-09
"AL158050.1" 1.46192370163978e-12 1.56702978353032 0.025 0.107 4.38577110491935e-09
"RIPOR2" 1.49765240302507e-12 3.98493549209924 0.362 0.124 4.49295720907522e-09
"ERICH5" 1.7522364203655e-12 1.7282985637914 0.366 0.126 5.25670926109649e-09
"AF117829.1" 2.2386620169161e-12 1.44728783207849 0.111 0.106 6.71598605074829e-09
"TRPC5" 2.35957462778935e-12 0.678750565744179 0.1 0.038 7.07872388336804e-09
"AC103876.1" 2.45128866208944e-12 1.48049264588919 0.366 0.144 7.35386598626831e-09
"MPP7" 2.53598236476746e-12 1.41340433146794 0.247 0.111 7.60794709430237e-09
"LEKR1" 3.17069857036296e-12 2.15965256336416 0.143 0.086 9.51209571108887e-09
"PHLDB2" 3.35264334963573e-12 1.76262118498559 0.208 0.07 1.00579300489072e-08
"CMYA5" 3.84179009133191e-12 1.1411286365054 0.183 0.078 1.15253702739957e-08
"RXFP1" 4.03165207425771e-12 1.36285485231679 0.301 0.13 1.20949562227731e-08
"SGCZ" 4.9470133345914e-12 2.00130080085991 0.276 0.119 1.48410400037742e-08
"AC022400.8" 6.09162884553509e-12 2.4555474164362 0.394 0.108 1.82748865366053e-08
"ZCCHC6" 6.42849462860754e-12 3.53666736513574 0.24 0.162 1.92854838858226e-08
"AL353807.2" 1.03740010300459e-11 1.39264124924621 0.129 0.069 3.11220030901378e-08
"AC103736.1" 1.14270789146634e-11 1.98893307925066 0.244 0.125 3.42812367439901e-08
"AC092839.1" 1.36387336685779e-11 1.04635073912633 0.323 0.136 4.09162010057337e-08
"HSPB1" 1.55247666013907e-11 6.41006981588073 0.269 0.271 4.65742998041721e-08
"DIRAS3" 2.0435552169361e-11 0.883321096321042 0.108 0.126 6.13066565080831e-08
"NPTX2" 2.92069165135822e-11 2.80044793733656 0.147 0.123 8.76207495407466e-08
"CLASP2" 2.97148969025952e-11 3.12381297251593 0.548 0.413 8.91446907077855e-08
"ATP6V0A4" 3.28914507558741e-11 3.11002622642912 0.136 0.064 9.86743522676224e-08
"PGM5" 3.93387421404682e-11 1.40007263086156 0.258 0.067 1.18016226421405e-07
"CSRNP3" 3.96906126372609e-11 1.02540182523347 0.369 0.229 1.19071837911783e-07
"KCNK3" 4.094658040874e-11 1.32857936416606 0.294 0.129 1.2283974122622e-07
"IER3" 4.42978342792808e-11 1.1793054567014 0.108 0.12 1.32893502837843e-07
"HIST1H3J" 5.06222442497672e-11 1.21180003931425 0.254 0.121 1.51866732749302e-07
"LEMD1" 5.09288609109849e-11 3.17934971215815 0.154 0.126 1.52786582732955e-07
"LINC00884" 5.41619759596985e-11 1.88389388990379 0.118 0.065 1.62485927879096e-07
"CDH13" 5.81609525813107e-11 0.25869106520323 0.079 0.132 1.74482857743932e-07
"AC103952.1" 6.25108073388984e-11 1.11249555702589 0.158 0.092 1.87532422016695e-07
"STARD9" 6.5821205282237e-11 2.34217921524306 0.036 0.13 1.97463615846711e-07
"AC096887.1" 6.89664455903104e-11 2.25005182821236 0.348 0.155 2.06899336770931e-07
"AC009961.1" 7.65037729400941e-11 0.774413949848832 0.186 0.136 2.29511318820282e-07
"NFKBIA" 1.75716037166799e-10 1.47507110693541 0.122 0.194 5.27148111500398e-07
"HCG17" 2.39652758054844e-10 2.04407095165123 0.154 0.123 7.18958274164532e-07
"BBC3" 2.41805096907136e-10 5.41945372875683 0.391 0.17 7.25415290721408e-07
"ALPL" 2.46549434363454e-10 0.857920559659144 0.272 0.092 7.39648303090362e-07
"GRIK1-AS1" 2.530168733769e-10 2.13491456666578 0.358 0.079 7.59050620130701e-07
"SLAIN1" 2.75379053890242e-10 2.09743057315876 0.387 0.329 8.26137161670725e-07
"ATG9B" 3.59818244584786e-10 1.49216495543573 0.226 0.159 1.07945473375436e-06
"CSAD" 4.21234195911097e-10 0.399912983871245 0.251 0.155 1.26370258773329e-06
"TNFRSF10D" 4.21557525853503e-10 1.64288193478124 0.179 0.158 1.26467257756051e-06
"RNU6-6P" 4.42083849974599e-10 5.64352646856587 0.208 0.146 1.3262515499238e-06
"ADGRL2" 5.79067250525922e-10 4.62913641431648 0.054 0.152 1.73720175157777e-06
"AP003392.6" 6.41596073811534e-10 1.82821706084515 0.208 0.08 1.9247882214346e-06
"AP001468.1" 6.46487378286848e-10 1.16244440310236 0.197 0.11 1.93946213486054e-06
"RUNX1" 8.15787815846752e-10 1.36271344351234 0.194 0.111 2.44736344754026e-06
"SNORD3A" 9.15083694565279e-10 2.09198462132121 0.104 0.158 2.74525108369584e-06
"U91319.1" 9.21074927184318e-10 0.759584417636859 0.194 0.089 2.76322478155296e-06
"SCOC-AS1" 1.15719194233275e-09 0.791973967876595 0.172 0.112 3.47157582699825e-06
"MEGF11" 1.18022306609371e-09 1.15106748690181 0.115 0.08 3.54066919828112e-06
"CYR61" 1.255229008253e-09 0.992210603958359 0.05 0.107 3.76568702475901e-06
"AC005833.2" 1.4882287240662e-09 2.51759377589119 0.262 0.099 4.46468617219859e-06
"ZNRF2" 1.7263473477899e-09 0.871454638572548 0.122 0.092 5.17904204336971e-06
"SHQ1" 2.56315233080595e-09 1.60141263522321 0.168 0.133 7.68945699241786e-06
"NAT16" 3.21226214147855e-09 2.1786227896382 0.305 0.095 9.63678642443566e-06
"TSPYL2" 3.30408389444e-09 4.10857660438454 0.358 0.18 9.91225168331999e-06
"CAMTA1-DT" 3.77036631605208e-09 2.80639914789043 0.194 0.117 1.13110989481562e-05
"AC018462.1" 4.32934414648008e-09 2.38824702483559 0.183 0.046 1.29880324394402e-05
"SOX4" 5.2324865657831e-09 0.897285893902843 0.631 0.489 1.56974596973493e-05
"NELL1" 5.51388263791473e-09 2.54237755748408 0.283 0.126 1.65416479137442e-05
"AC115618.1" 6.30925375339688e-09 1.13619248886443 0.161 0.05 1.89277612601906e-05
"LINC01876" 6.46006364983923e-09 1.1948876883875 0.133 0.083 1.93801909495177e-05
"AC007389.1" 6.85914081789097e-09 2.82049742101764 0.183 0.091 2.05774224536729e-05
"CAPN14" 6.94128832958748e-09 1.51614349883727 0.104 0.058 2.08238649887624e-05
"LINC02488" 7.80144053669166e-09 2.47848138927384 0.133 0.147 2.3404321610075e-05
"LSMEM1" 8.11470609061385e-09 2.25962886602144 0.111 0.083 2.43441182718416e-05
"PCDH17" 8.86494943879585e-09 1.58944420145341 0.161 0.083 2.65948483163876e-05
"GABRB3" 9.47788478024213e-09 0.523064443159056 0.251 0.203 2.84336543407264e-05
"GNG8" 1.29869842262924e-08 1.40216906941752 0.129 0.102 3.89609526788771e-05
"FAM133DP" 1.48945918653138e-08 1.7530670480708 0.043 0.115 4.46837755959415e-05
"STPG2" 1.54241519034089e-08 1.26098804058741 0.272 0.097 4.62724557102266e-05
"GCNT2" 1.74629028515229e-08 2.37359696918591 0.165 0.121 5.23887085545687e-05
"ERO1B" 1.94451540224572e-08 1.1566789706416 0.315 0.144 5.83354620673717e-05
"GPR22" 1.9689437286692e-08 1.68376447954136 0.115 0.126 5.90683118600761e-05
"MET" 2.3003355275729e-08 1.13769539545196 0.387 0.1 6.90100658271871e-05
"ANKRD12" 2.3066958042977e-08 1.57282740379273 0.401 0.312 6.92008741289311e-05
"LINC00174" 2.37752185183795e-08 3.77918036823982 0.394 0.166 7.13256555551386e-05
"AL121761.1" 2.40113449676831e-08 0.953379321134072 0.168 0.122 7.20340349030493e-05
"MROH8" 2.42163781328353e-08 0.875682030548239 0.247 0.113 7.26491343985059e-05
"ANKUB1" 2.9335250809022e-08 0.689678336811957 0.097 0.127 8.80057524270661e-05
"AL358075.2" 3.04371842092588e-08 1.66091712520255 0.401 0.131 9.13115526277766e-05
"RAPGEF5" 3.7727790265981e-08 1.07951327823449 0.118 0.14 0.000113183370797943
"DPP10-AS1" 4.17195940332921e-08 1.56173907925836 0.068 0.105 0.000125158782099876
"AC004076.1" 4.66947704525607e-08 1.93711094695826 0.312 0.123 0.000140084311357682
"HSP90AB1" 5.20702722569707e-08 4.94499681256471 0.591 0.447 0.000156210816770912
"HSPH1" 5.50430321112853e-08 5.81313618858555 0.337 0.314 0.000165129096333856
"AC005306.1" 5.5706877423635e-08 2.44794353304595 0.226 0.134 0.000167120632270905
"MSX1" 6.82845411073092e-08 1.02153311944074 0.283 0.112 0.000204853623321928
"MT-TL1" 8.67095986668147e-08 4.98471514224756 0.287 0.161 0.000260128796000444
"EEA1" 1.06443335429251e-07 2.90630366304179 0.258 0.197 0.000319330006287753
"AC010864.1" 1.32434443452094e-07 2.05592468382907 0.165 0.122 0.000397303330356282
"CADPS" 1.36543625198975e-07 1.65087311541089 0.283 0.144 0.000409630875596926
"GAS2L3" 1.40157097323946e-07 1.38505997069518 0.305 0.149 0.000420471291971839
"CDH12" 1.49194633312781e-07 1.36855120018123 0.075 0.108 0.000447583899938344
"DNAJB1" 1.89143655934201e-07 6.22731730398008 0.229 0.214 0.000567430967802602
"LINC00271" 2.14122898646634e-07 1.27904553125136 0.147 0.101 0.000642368695939902
"BRINP2" 2.62428012026907e-07 3.24976725270786 0.244 0.11 0.000787284036080721
"ADM" 2.73087573034952e-07 0.535492508478223 0.219 0.221 0.000819262719104857
"CUTALP" 2.79403339596951e-07 1.18680366634407 0.136 0.099 0.000838210018790852
"AC099522.2" 3.11124811685164e-07 1.99964574987061 0.197 0.107 0.000933374435055492
"STXBP5L" 3.28462539229819e-07 1.62718594265904 0.108 0.115 0.000985387617689456
"GAS2" 3.30028636522083e-07 1.34521852855538 0.211 0.102 0.000990085909566248
"LINC01550" 3.57856883602548e-07 2.32830584105252 0.158 0.113 0.00107357065080764
"GRIN2D" 3.69346195313734e-07 1.83388181914812 0.222 0.117 0.0011080385859412
"MST1R" 4.05735798279724e-07 0.872186552248943 0.122 0.081 0.00121720739483917
"LAMB3" 4.60776879814239e-07 1.80828756822969 0.262 0.091 0.00138233063944272
"ZNF536" 5.65994611049559e-07 2.24789417410311 0.323 0.114 0.00169798383314868
"C4orf47" 6.01852398011705e-07 2.90038253162136 0.172 0.119 0.00180555719403511
"HIST1H2AC" 6.61717065081208e-07 0.509621765630273 0.19 0.11 0.00198515119524362
"LINC01252" 8.26403376573999e-07 1.91730939376898 0.283 0.128 0.002479210129722
"UNC5B" 8.93380631844901e-07 1.50063181064286 0.072 0.118 0.0026801418955347
"VAX1" 9.66453303813125e-07 1.07889831913786 0.179 0.106 0.00289935991143937
"CATSPERE" 1.04103138581022e-06 1.28631056446674 0.283 0.104 0.00312309415743065
"AC073332.1" 1.04166498649797e-06 1.21675925064433 0.391 0.158 0.00312499495949392
"FAM53A" 1.10112558440535e-06 0.761425381336114 0.068 0.107 0.00330337675321606
"TCF4" 1.18243892620878e-06 0.26475139237537 0.545 0.43 0.00354731677862634
"KPNA5" 1.69149736820878e-06 5.34795942601149 0.333 0.218 0.00507449210462634
"NSRP1" 1.69621901428807e-06 2.65246541139462 0.254 0.218 0.0050886570428642
"UBB" 1.9171406999572e-06 4.77174439055956 0.258 0.408 0.00575142209987161
"UNC5D" 1.98237365879777e-06 2.62786729909038 0.079 0.159 0.00594712097639331
"AC011815.2" 2.00405941172875e-06 1.23124647936763 0.258 0.099 0.00601217823518626
"TNS2" 2.46111455043201e-06 0.399227845609452 0.086 0.126 0.00738334365129603
"PVT1" 2.54775811303263e-06 0.696740830771041 0.28 0.118 0.00764327433909788
"RNVU1-6" 3.17528750726795e-06 0.915702555179394 0.047 0.118 0.00952586252180384
"CCDC3" 3.32048557994149e-06 2.01221440770916 0.179 0.128 0.00996145673982446
"LINC01415" 3.80443159455185e-06 1.86336305776293 0.24 0.149 0.0114132947836556
"NAALADL2" 4.06092192637045e-06 0.636275270668428 0.211 0.152 0.0121827657791114
"GRIP1" 4.22560317920911e-06 0.647032635834648 0.208 0.151 0.0126768095376273
"TMEM52" 4.23615626811193e-06 0.282329063928268 0.075 0.128 0.0127084688043358
"CNTN5" 4.92425766734123e-06 0.981777385536223 0.075 0.129 0.0147727730020237
"RPL35P2" 5.05834740215592e-06 2.24551331956397 0.197 0.1 0.0151750422064677
"DCX" 5.5800254476345e-06 0.822019723773753 0.591 0.487 0.0167400763429035
"AC053503.2" 5.62304006706157e-06 1.03498423572757 0.398 0.166 0.0168691202011847
"TWISTNB" 6.54376766523382e-06 4.10307207417928 0.197 0.162 0.0196313029957015
"RPS19" 7.54887229741899e-06 0.842301580457306 0.534 0.435 0.022646616892257
"LARGE1" 7.57434664555285e-06 2.05480304763454 0.108 0.12 0.0227230399366585
"EPHA6" 7.70007568903622e-06 1.2885012983657 0.186 0.107 0.0231002270671087
"GDA" 8.85567072421751e-06 2.42833345001298 0.308 0.116 0.0265670121726525
"INTS6-AS1" 9.6767355628652e-06 0.921129920229856 0.151 0.066 0.0290302066885956
"AC025048.4" 9.72342018009526e-06 1.7111611643084 0.1 0.106 0.0291702605402858
"LDHA" 1.04067418459339e-05 3.04010397117164 0.315 0.131 0.0312202255378018
"AFF3" 1.06799104106071e-05 3.14246631673056 0.222 0.16 0.0320397312318212
"PLAC1" 1.16400680171828e-05 1.2536532951686 0.19 0.085 0.0349202040515484
"AC008074.3" 1.16818111938341e-05 1.25796087903828 0.194 0.149 0.0350454335815022
"FBXO31" 1.57627061095882e-05 0.298246405448394 0.118 0.097 0.0472881183287645
"RAI2" 1.80928651821003e-05 3.22921321888615 0.24 0.124 0.0542785955463009
"TTC3" 1.98449535250843e-05 2.820445390012 0.548 0.448 0.0595348605752528
"AC107068.1" 2.06619668761181e-05 0.616462856087105 0.151 0.122 0.0619859006283544
"TEX101" 2.12837640104474e-05 2.23365957439071 0.337 0.126 0.0638512920313421
"HAVCR2" 2.13636827371154e-05 2.04909538187303 0.147 0.12 0.0640910482113462
"VGF" 2.16552978078289e-05 3.07879100661314 0.14 0.118 0.0649658934234867
"LINC00324" 2.73569919256934e-05 2.43046796134333 0.133 0.091 0.0820709757770802
"HCN1" 2.8348048980721e-05 2.44612300497209 0.158 0.131 0.085044146942163
"CENPC" 3.01862136294034e-05 1.51301073027566 0.168 0.143 0.0905586408882102
"TRHDE" 3.85174286182102e-05 1.12618311203509 0.115 0.101 0.11555228585463
"NYAP2" 4.57645605247999e-05 3.2303705432454 0.208 0.127 0.1372936815744
"NTN4" 5.23344495729113e-05 0.875821375455779 0.161 0.13 0.157003348718734
"AC091948.1" 5.31122363927455e-05 1.8665117217863 0.14 0.142 0.159336709178236
"ASAP3" 6.46872415054147e-05 2.3048842656976 0.129 0.14 0.194061724516244
"TTN" 6.92239957874426e-05 0.282165876521724 0.204 0.114 0.207671987362328
"AL158834.2" 7.4029628209068e-05 0.99874432014739 0.158 0.099 0.222088884627204
"NANOS1" 7.88594831032804e-05 1.47919329835073 0.061 0.108 0.236578449309841
"EGFEM1P" 8.25760555120056e-05 1.61360212073525 0.097 0.13 0.247728166536017
"CLMN" 8.47297642415769e-05 1.02336777652242 0.079 0.112 0.254189292724731
"AC104137.1" 8.59565821269962e-05 1.41808122727202 0.043 0.103 0.257869746380989
"AL357153.2" 0.000101647846714614 1.77019958370069 0.161 0.09 0.304943540143841
"HS6ST3" 0.000139732605358302 1.86351901453289 0.122 0.096 0.419197816074905
"TLE2" 0.000140957168665864 3.88783472513435 0.136 0.132 0.422871505997593
"TRIB3" 0.00015364788900012 0.755358947812347 0.326 0.156 0.460943667000361
"KCNQ1OT1" 0.000177920271975574 0.847583544548314 0.305 0.146 0.533760815926722
"CREBRF" 0.00019282205100561 1.05804965746763 0.247 0.14 0.57846615301683
"LINC00276" 0.000270462701564599 2.28173964273249 0.108 0.066 0.811388104693796
"MIR34AHG" 0.00031666424050072 1.62010455784754 0.151 0.082 0.949992721502161
"AGBL4" 0.000331515560237372 1.26872986035139 0.176 0.108 0.994546680712115
"CDKN1A" 0.000365971527762679 0.408377031325072 0.294 0.149 1
"BX284668.6" 0.000427837023926584 1.15597121886821 0.129 0.073 1
"VSTM2A-OT1" 0.000491739500591786 0.54043634313876 0.136 0.067 1
"PLA2G4C" 0.0005075452289837 2.13506510735161 0.176 0.104 1
"NPPA" 0.000568099439438961 3.83629463041955 0.323 0.078 1
"ZNF81" 0.000571132155693439 3.46067548281242 0.125 0.141 1
"GABRG2" 0.000588974359999885 2.92791174768766 0.194 0.083 1
"NEAT1" 0.000597130920330617 1.34182344443188 0.115 0.145 1
"AC068587.4" 0.000607916058107735 1.42006695380728 0.115 0.076 1
"WNT9A" 0.000622349615347377 0.893548389411624 0.122 0.105 1
"BTG2" 0.000754084189653844 1.67785218749051 0.05 0.149 1
"DDX21" 0.000826693300479859 4.24870908647318 0.151 0.227 1
"SLC2A3" 0.000987074483888226 0.309076354529667 0.194 0.138 1
"NRIP3" 0.00103746282105912 1.11547328328817 0.305 0.109 1
"KDM3A" 0.00106611849292759 3.73899981479653 0.409 0.256 1
"PUM3" 0.00113255357370393 7.35265249703193 0.215 0.205 1
"JPH3" 0.00117421419985893 0.495892980667795 0.312 0.178 1
"TEX14" 0.00130775179338523 3.67413121810485 0.362 0.172 1
"BICDL1" 0.00139160705747381 1.43700844325283 0.154 0.117 1
"SORCS2" 0.00144756764958191 0.607464813162725 0.093 0.103 1
"AC011290.1" 0.00148868383020893 1.28373576358698 0.09 0.106 1
"ZFHX4" 0.00165778726687284 1.50896366396803 0.054 0.201 1
"AC124319.2" 0.00178308145946294 1.93207159826613 0.115 0.132 1
"HSPA1A" 0.00181427520578538 3.72961743179285 0.158 0.121 1
"AC020558.1" 0.00187487106996831 2.00090581313457 0.097 0.167 1
"CPNE8" 0.00196627371218693 2.70914193834569 0.115 0.102 1
"BEX1" 0.00197663377103302 1.19155950482797 0.319 0.414 1
"ZNF491" 0.00200207938382678 1.32461270698401 0.125 0.106 1
"LINC00487" 0.00234202995989453 1.72281669711499 0.097 0.123 1
"SYT17" 0.00237711015978015 0.639932004571305 0.125 0.139 1
"LINC02240" 0.00244499394404513 0.55729997938972 0.1 0.062 1
"RASSF3" 0.0024529335603988 2.20232307035392 0.158 0.154 1
"AC091826.2" 0.0026422687343407 2.96375379957117 0.229 0.131 1
"MYO1D" 0.00275785129860904 2.16329635128429 0.24 0.147 1
"AC025048.2" 0.00276743946439822 1.40234225966607 0.147 0.147 1
"CYTH1" 0.00333143772456321 6.17579230381619 0.262 0.15 1
"PDE5A" 0.00382143959226949 2.76716846113792 0.165 0.114 1
"PLCH2" 0.00511699768867933 0.552985550890769 0.065 0.118 1
"BCL3" 0.00513667121829164 1.76545919669048 0.168 0.14 1
"H1F0" 0.00516950582354202 1.72384124761557 0.427 0.26 1
"STXBP5-AS1" 0.00541370059168868 0.761092436888983 0.068 0.108 1
"C19orf38" 0.00609481893786895 2.27086189958021 0.086 0.115 1
"LINC02223" 0.0061435821606961 1.80990462725765 0.208 0.088 1
"AL137782.1" 0.0067665311005854 1.33258463862236 0.014 0.112 1
"WFDC2" 0.00693692335470667 0.465667306540533 0.011 0.101 1
"AL160314.2" 0.00700703735186035 0.384378658133329 0.068 0.115 1
"TOX2" 0.00709668915136147 2.05658257333668 0.118 0.131 1
"LINC01965" 0.0075551797362864 1.70129461588458 0.029 0.11 1
"DUSP5" 0.00773109118159222 3.64383683493436 0.287 0.123 1
"NPAS1" 0.00776468196087288 2.66197233282266 0.226 0.104 1
"GPC5" 0.00881657411722565 1.3841029099252 0.143 0.114 1
"ANAPC5" 0.00899455821145138 4.06515926508376 0.24 0.277 1
"DCC" 0.00966895335256161 1.51161872453037 0.05 0.107 1
"COA7" 0.00976981691500325 5.05479777946522 0.082 0.138 1
"ACSM3" 0.0107255679447911 2.33183493858133 0.05 0.1 1
"CERS3-AS1" 0.0107934255335615 2.50559801331734 0.362 0.125 1
"AC020704.1" 0.011729556377017 0.820516579214505 0.097 0.115 1
"AC011477.4" 0.0119966251769016 1.71300267223976 0.136 0.105 1
"CCDC144NL" 0.01228849141244 1.71047944358426 0.366 0.139 1
"ZNF721" 0.01261217700154 3.31460689292426 0.14 0.119 1
"SORBS2" 0.0128002011783614 3.21029181390246 0.104 0.18 1
"ARRDC3" 0.0130769841535682 4.65246212231294 0.394 0.29 1
"TNNI3" 0.0131741063119389 1.65094477224123 0.133 0.107 1
"MIR17HG" 0.013528136520393 1.4543093799002 0.086 0.138 1
"AL591222.1" 0.0137864655213631 1.292781381553 0.186 0.091 1
"ATF3" 0.0154570449483593 4.28579662520579 0.262 0.155 1
"FTL" 0.0167289872216131 0.346162311251643 0.369 0.407 1
"AC087564.1" 0.0178725382155074 0.849970508043077 0.032 0.119 1
"GADD45B" 0.0178812270981932 1.96630579243402 0.186 0.123 1
"PIP5K1B" 0.0187682943281339 2.28623427151466 0.136 0.124 1
"ELMO1" 0.0191382677174326 0.542216305055732 0.147 0.146 1
"TAF1D" 0.0198708843556659 0.431252996271239 0.237 0.168 1
"LRFN5" 0.0208897798201098 1.35564189798833 0.125 0.114 1
"LINC01497" 0.021037401318722 3.81337314193128 0.168 0.032 1
"RGN" 0.024306313828194 1.56163023682139 0.183 0.118 1
"AP002495.1" 0.0261220243403254 0.856514813296853 0.129 0.123 1
"TRANK1" 0.0263418041414222 1.53279527867031 0.093 0.119 1
"AL353194.1" 0.0267244374389736 1.59306220575522 0.097 0.124 1
"HRH2" 0.0269389305042502 1.14162772871058 0.28 0.153 1
"KCNJ3" 0.0280552370586834 3.30606779604516 0.222 0.095 1
"NOCT" 0.0289474028012568 1.84317225054597 0.118 0.103 1
"ZNF121" 0.0308152639507708 1.5198219467073 0.1 0.133 1
"AL133166.1" 0.0334995667212262 1.67877474292608 0.05 0.109 1
"AC004852.2" 0.0348655851500414 0.417394270984778 0.125 0.122 1
"HS3ST5" 0.0353157010813449 1.03716976917436 0.122 0.074 1
"GRIK2" 0.035376670690591 0.951625346523871 0.183 0.122 1
"KCNQ1" 0.0357057037488708 0.260932952585591 0.172 0.109 1
"HIST1H4J" 0.0393734799942379 2.45896148330567 0.233 0.142 1
"AC005609.5" 0.0405031365153007 1.87679347853344 0.039 0.127 1
"AP003086.2" 0.0417634200725453 0.424805519527782 0.226 0.125 1
"CTNNA3" 0.042923028048477 3.19165919061304 0.226 0.132 1
"GRK3" 0.0430752836621389 2.26814796330824 0.19 0.139 1
"AC110285.6" 0.0436096954943556 2.54078364841232 0.154 0.099 1
"CCDC92B" 0.0443964346767393 1.17055189543222 0.1 0.114 1
"AC012368.1" 0.0468786197355719 1.71469707948431 0.115 0.124 1
"AC244517.1" 0.0471014744066906 0.719730171086903 0.086 0.118 1
"CPE" 0.0480921754852586 0.759054968501529 0.358 0.39 1
"AC092720.2" 0.051289092560864 3.28892006664612 0.143 0.094 1
"AC004917.1" 0.0521760466888803 0.438985539508899 0.262 0.148 1
"JUN" 0.0545036515013502 3.0162995080343 0.326 0.329 1
"CDK18" 0.0549799235826652 1.47109366117028 0.05 0.159 1
"AF279873.3" 0.0559428807094763 2.2948767956307 0.226 0.069 1
"TBC1D2" 0.056140751013987 1.7465416198677 0.269 0.127 1
"TMEM45A" 0.0579056792119981 0.955351286048794 0.24 0.125 1
"KCNH5" 0.058175546942522 0.796907000016322 0.065 0.121 1
"AC233280.1" 0.0595811540343154 0.665623007005632 0.108 0.116 1
"AC006946.2" 0.0615240016593408 2.50385653468761 0.229 0.071 1
"ATP1B1" 0.0653216973065099 3.78046347418809 0.369 0.308 1
"SLC9A5" 0.0670082932439341 2.1299942436527 0.108 0.141 1
"ANKRD37" 0.0688919830575273 2.28348193996254 0.326 0.16 1
"PRR34" 0.0707410454983145 1.15320025441654 0.118 0.126 1
"SYN3" 0.0727931143573124 1.652607075463 0.108 0.115 1
"AC068473.1" 0.0734750129935765 0.563358260390579 0.208 0.128 1
"CWF19L2" 0.0747077731513382 3.07172390028034 0.265 0.229 1
"NSG2" 0.0750079662568719 2.82684844121608 0.437 0.358 1
"EDN2" 0.0784500937964578 1.68840891526691 0.201 0.113 1
"AC003682.1" 0.0850698633111604 1.41696782606917 0.115 0.101 1
"CES5A" 0.0859313958226078 2.08591990508542 0.108 0.139 1
"LINC02268" 0.0882670474894701 1.74064250181391 0.19 0.104 1
"UBE2F-SCLY" 0.0884387546043991 1.52587016945018 0.036 0.103 1
"VLDLR-AS1" 0.0902617794727074 2.01617989553194 0.194 0.125 1
"AC084018.2" 0.0959407626496265 0.69251804746632 0.276 0.103 1
"PCSK1N" 0.103756802603462 1.20872701323542 0.376 0.412 1
"PCDHB2" 0.104024527367085 0.73009141737497 0.143 0.248 1
"FAM133A" 0.109304771774234 1.08501686943783 0.154 0.132 1
"AP000721.2" 0.110544647387723 1.17387541411776 0.24 0.119 1
"CEBPG" 0.115176898110213 1.31711431331316 0.258 0.276 1
"UNC13C" 0.115870123175194 0.540615772347863 0.143 0.128 1
"DIRC3" 0.118652268930103 0.808742957717378 0.179 0.142 1
"ELP6" 0.12092504753663 2.23003034916285 0.108 0.127 1
"SORCS3" 0.127094353071044 1.91321949175648 0.258 0.132 1
"PXDNL" 0.133759549694559 2.2001627663467 0.201 0.122 1
"FAM196A" 0.142560047421705 0.468413719563763 0.133 0.101 1
"ZRSR2" 0.147578684986804 1.18097672883484 0.28 0.184 1
"AC107067.1" 0.148015059507139 0.694095040698882 0.183 0.072 1
"CDKN2B" 0.153910664314421 0.581402856361649 0.136 0.098 1
"ZNF385C" 0.161845063643941 1.32650323152568 0.129 0.074 1
"AC087280.2" 0.161923009734889 0.60278837541262 0.269 0.137 1
"EYS" 0.163197975333362 0.586268012235978 0.136 0.106 1
"SYCP2L" 0.168515673386558 1.30018568768899 0.194 0.096 1
"RPS2" 0.168620741858362 0.531246524301806 0.398 0.434 1
"CBWD4P" 0.171601445224159 0.62194317956005 0.108 0.099 1
"SLC16A14" 0.171820769944066 6.31010891548716 0.093 0.134 1
"IL20RB" 0.174856329035432 0.639604608900482 0.111 0.086 1
"AL445248.1" 0.18202046288888 1.2520022182025 0.125 0.101 1
"EYA1" 0.185275005192973 1.46687033965974 0.14 0.089 1
"MUM1L1" 0.193626694101299 1.0577663144337 0.097 0.105 1
"AL356489.2" 0.198176368961968 0.568553726679946 0.154 0.137 1
"BPIFC" 0.202350593057944 1.7395880025006 0.115 0.093 1
"IQCC" 0.204581001555482 1.53252854609294 0.072 0.143 1
"GALNT17" 0.212872950535697 1.01379611334363 0.158 0.105 1
"AL645728.1" 0.213475425731765 0.839982114019598 0.104 0.113 1
"ARAP3" 0.214484772347149 2.12411325191802 0.161 0.14 1
"SCG5" 0.239493049934492 1.32293142354787 0.111 0.117 1
"CBLB" 0.243290449116069 2.53373038355461 0.204 0.169 1
"KCNB2" 0.253769933481507 2.30310502355495 0.154 0.141 1
"AC091551.1" 0.275283067922106 0.251901861300238 0.072 0.118 1
"SOX6" 0.276780862958503 3.05800472001039 0.082 0.157 1
"TMEM63C" 0.287438957522565 1.91816088047866 0.211 0.107 1
"AC079296.1" 0.288636024083518 1.73007465143643 0.161 0.108 1
"IL1RAPL1" 0.3180640461052 2.15178539392823 0.1 0.131 1
"KLF10" 0.319684444710972 5.76753502645622 0.226 0.169 1
"PDIA2" 0.321154236260343 0.452609819215857 0.158 0.076 1
"SH3BGRL3" 0.326840764734104 0.8634900007154 0.323 0.413 1
"KCNAB1" 0.334931128365075 1.46348590123148 0.065 0.101 1
"AC024940.2" 0.338020660490349 2.22847522425461 0.104 0.125 1
"ANK3" 0.350112702858026 2.7633576231345 0.19 0.168 1
"AC005363.2" 0.357467727638573 1.46800487672033 0.1 0.097 1
"MSH4" 0.377091565317754 0.828950961303226 0.168 0.112 1
"DDX24" 0.377577557574774 2.0321680870518 0.366 0.387 1
"NRCAM" 0.382012365191289 3.76239387443606 0.176 0.223 1
"AC008443.1" 0.397667058549199 0.72359675362366 0.14 0.108 1
"PFKFB3" 0.443799323183972 1.2551520994859 0.355 0.258 1
"DANT2" 0.45656875721545 1.94835677102948 0.161 0.102 1
"CACNA2D3" 0.461770273818176 1.96289766529518 0.233 0.111 1
"MAFB" 0.471520962291353 1.53133542222483 0.179 0.161 1
"HS3ST2" 0.48261707099985 1.60452323749673 0.072 0.113 1
"AP001318.2" 0.495495408554472 2.24363355865025 0.136 0.111 1
"CRTAC1" 0.50496038149448 1.31110766735025 0.143 0.097 1
"BARX1" 0.515203429173443 1.35812421641123 0.283 0.128 1
"FAM222A" 0.515629324668981 1.8464286452242 0.108 0.099 1
"LURAP1L" 0.524393766806701 1.68880439114281 0.136 0.115 1
"AL021453.1" 0.565851027214881 0.509611409141396 0.226 0.161 1
"RCAN2" 0.566148566348224 2.35607227570002 0.258 0.121 1
"CXCR4" 0.573243900124968 5.08175945828818 0.272 0.157 1
"PEX5L" 0.575681972761902 0.977806999676117 0.165 0.117 1
"PPFIA2" 0.576309306670903 1.68129167699748 0.254 0.199 1
"SYT6" 0.598313735861221 0.414367453161356 0.097 0.133 1
"FO538757.1" 0.601217817972293 0.711862721678743 0.082 0.118 1
"CCDC112" 0.60820504979978 1.22657300104357 0.341 0.351 1
"BAZ2B" 0.622258612787577 1.72266444494691 0.315 0.336 1
"EPAS1" 0.646208114878902 2.47833948254625 0.154 0.205 1
"AL109615.3" 0.654857002159767 1.34091411206878 0.237 0.145 1
"RNF103-CHMP3" 0.682486382228896 0.804820281332091 0.108 0.133 1
"APOL4" 0.683146481537685 1.23567560409744 0.143 0.118 1
"AC006329.1" 0.699164130124481 1.73759694359286 0.176 0.09 1
"ZFPM2" 0.704602927218071 2.14687208569769 0.161 0.097 1
"ASXL3" 0.726522028872441 0.820335522977512 0.176 0.22 1
"SLC44A5" 0.728713142420772 0.669443150976283 0.079 0.142 1
"LIMD1-AS1" 0.742374120267085 0.799412195224356 0.151 0.103 1
"KCNJ2-AS1" 0.744701842818014 0.636153640396131 0.129 0.089 1
"SPESP1" 0.748394693573858 2.21014024560581 0.172 0.125 1
"FAM212B-AS1" 0.793429667199238 2.14173754746237 0.122 0.163 1
"AL596220.1" 0.793722446071314 1.89181068418346 0.133 0.09 1
"AL139412.1" 0.819844931059075 0.511388994674897 0.075 0.147 1
"FAM156A" 0.836712670762208 0.359135038354392 0.093 0.107 1
"GABRA2" 0.84325924925257 1.8127114384796 0.204 0.133 1
"TNNT1" 0.882041205890809 1.447230156983 0.115 0.128 1
"FNBP1P1" 0.882861387829961 1.96310021355495 0.179 0.119 1
"KCNJ2" 0.917919255553811 1.54274798018453 0.143 0.065 1
"ADRA1A" 0.925981051940604 1.26884368467532 0.115 0.106 1
"PIK3CD" 0.9280930086959 2.66779433566763 0.168 0.138 1
"PDZRN4" 0.940695360189355 2.95833850708285 0.161 0.163 1
"H1FX" 0.946023827509056 0.451558966924966 0.437 0.412 1
"TES" 0.95761131098572 1.02304498113602 0.133 0.127 1
"SCN3A" 0.96242097733923 2.02129656339004 0.204 0.209 1
"SETBP1" 0.965304258743594 6.76194454970169 0.197 0.266 1
