p_val avg_log2FC pct.1 pct.2 p_val_adj
NEUROD6 0 0.300687430775779 0.711 0.212 0
BHLHE22 0 2.4395183960658 0.707 0.164 0
ENC1 0 3.22798939715693 0.785 0.218 0
SLA 1.19533905558971e-305 1.5461818262001 0.658 0.167 3.58601716676914e-302
GNG3 6.97278406573207e-295 3.81466580851916 0.708 0.292 2.09183521971962e-291
MLLT3 1.1443600235968e-231 0.444353562617252 0.622 0.248 3.43308007079041e-228
SOX11 3.17404027818416e-230 2.31743913614436 0.691 0.338 9.52212083455248e-227
JPT1 8.06528790894339e-228 1.65263674943832 0.719 0.37 2.41958637268302e-224
PRDX1 3.63039615427664e-207 1.36521988635511 0.632 0.301 1.08911884628299e-203
NSG2 8.91627157113557e-201 1.53976958510082 0.644 0.294 2.67488147134067e-197
CPE 1.32366848980579e-198 2.49480392645821 0.67 0.325 3.97100546941736e-195
MLLT11 8.73862336996247e-177 0.521535531051304 0.716 0.406 2.62158701098874e-173
ZBTB18 1.57317292312923e-166 1.69221263707969 0.579 0.263 4.71951876938768e-163
ATP6V0A4 1.5111262262008e-161 1.76659514453219 0.185 0.039 4.5333786786024e-158
GRIA2 6.48174697178277e-160 5.11472572786245 0.539 0.234 1.94452409153483e-156
HS3ST1 3.95446204399481e-157 2.73363654409222 0.364 0.081 1.18633861319844e-153
RBFOX2 3.9802208348167e-155 1.34898479534137 0.643 0.366 1.19406625044501e-151
ST6GAL2 2.46598307339905e-153 1.15580799876559 0.425 0.168 7.39794922019716e-150
AC092506.1 1.069181902593e-144 1.90006681278111 0.163 0.073 3.20754570777899e-141
EPHA3 1.55252882111057e-139 1.69029680058776 0.473 0.211 4.65758646333172e-136
RTN1 7.8244469885531e-138 0.941890155876914 0.644 0.379 2.34733409656593e-134
SEZ6 6.75333287609418e-137 5.54693448847208 0.408 0.136 2.02599986282825e-133
PGAP1 1.21042196355987e-133 1.3188627744508 0.475 0.261 3.63126589067962e-130
AP002991.1 3.62076320732226e-133 2.43096979538672 0.228 0.052 1.08622896219668e-129
SMARCD3 1.00150672729667e-132 1.60391804258803 0.489 0.255 3.00452018189e-129
STMN1 3.52449202200055e-131 0.419619195074424 0.709 0.441 1.05734760660016e-127
CHD3 1.88198377355014e-130 2.80138371238173 0.618 0.345 5.64595132065043e-127
SPATA9 5.364188161416e-128 2.22513938173703 0.176 0.042 1.6092564484248e-124
AC137630.3 2.42994010546163e-127 2.38276061605027 0.189 0.046 7.2898203163849e-124
CAPN14 4.81355702701866e-127 2.15031431365038 0.174 0.033 1.4440671081056e-123
CADM1 9.221170472769e-127 3.88325637058357 0.609 0.312 2.7663511418307e-123
PTMA 8.83733121184528e-126 0.323754631519501 0.651 0.388 2.65119936355358e-122
TSPAN13 2.49482696049549e-125 1.87730943892146 0.457 0.256 7.48448088148648e-122
OCIAD2 1.55234367886037e-121 2.24484336589564 0.414 0.165 4.6570310365811e-118
WNT9A 2.88508736311763e-121 0.651282920386377 0.203 0.083 8.6552620893529e-118
CHRM1 3.60543820575935e-121 1.76881862198807 0.199 0.104 1.08163146172781e-117
MEIS2 7.93505741644701e-121 0.668177013713617 0.577 0.307 2.3805172249341e-117
INHBA-AS1 8.95558131089406e-121 1.29233621175276 0.203 0.064 2.68667439326822e-117
TNFRSF25 2.66385625775315e-120 0.527830258000037 0.195 0.095 7.99156877325945e-117
PHF20L1 8.86763054288312e-114 1.98086813404898 0.556 0.312 2.66028916286494e-110
AL357153.2 1.32639732838797e-113 1.17254041366369 0.158 0.076 3.97919198516392e-110
CSRP2 9.63746740646089e-113 4.25878402445971 0.571 0.257 2.89124022193827e-109
NSG1 1.43258711576613e-112 1.22273008616296 0.561 0.316 4.29776134729838e-109
PALMD 1.54713028609664e-112 3.79832099618582 0.313 0.092 4.64139085828992e-109
GACAT2 8.95046071945285e-112 1.54028395847439 0.195 0.048 2.68513821583586e-108
TMSB10 8.71411141851596e-111 0.393444268666512 0.694 0.454 2.61423342555479e-107
LRP8 1.11734769473658e-110 2.45752401568467 0.322 0.129 3.35204308420975e-107
NETO1 1.69458731261885e-107 0.841351408489865 0.169 0.048 5.08376193785655e-104
AC022031.2 6.21355192844267e-106 1.151139104009 0.104 0.028 1.8640655785328e-102
AC233280.1 6.69418261053971e-106 0.341724039913093 0.192 0.098 2.00825478316191e-102
TAGLN3 1.75605985483964e-105 0.694997830627734 0.564 0.327 5.26817956451893e-102
ISPD 5.41889964159883e-105 1.73596911818878 0.212 0.09 1.62566989247965e-101
CD24 1.5303081115129e-104 0.45689756808922 0.63 0.39 4.59092433453871e-101
PLXNA2 6.47032992251845e-104 1.69956652693487 0.375 0.151 1.94109897675554e-100
GPM6A 8.23049234433087e-102 0.735641654971614 0.583 0.356 2.46914770329926e-98
KIAA1024 1.33259153861742e-101 0.688942764398194 0.106 0.084 3.99777461585227e-98
RPS4XP1 2.02700226036366e-101 1.05102979219011 0.167 0.069 6.08100678109097e-98
PRDM8 2.61619196434455e-101 0.878256117514991 0.291 0.12 7.84857589303364e-98
PRKX 8.27075370479378e-101 0.318208158958035 0.465 0.26 2.48122611143813e-97
GRIK1-AS1 2.30031103422042e-100 1.46610334443362 0.16 0.069 6.90093310266126e-97
CHODL 4.84874553538678e-100 0.550881497046179 0.114 0.066 1.45462366061603e-96
BEX1 6.13594207839397e-100 1.39707801090589 0.589 0.37 1.84078262351819e-96
NRP1 1.99149310807152e-99 2.96036746221278 0.284 0.068 5.97447932421457e-96
SORBS2 9.62255803918194e-97 1.27383888372398 0.324 0.144 2.88676741175458e-93
LEF1-AS1 6.56731763841591e-95 0.785698615899566 0.147 0.046 1.97019529152477e-91
UNC5D 1.06874704861127e-94 0.315154043788045 0.324 0.118 3.20624114583381e-91
PRL 2.01947255951457e-94 2.91672953507624 0.167 0.048 6.05841767854372e-91
NANOS3 4.0748674310593e-94 2.43680971870212 0.231 0.134 1.22246022931779e-90
TATDN2P2 5.78530878083242e-94 2.43210982950999 0.104 0.043 1.73559263424972e-90
GRIN2D 6.13464713390708e-94 0.260478011057131 0.191 0.103 1.84039414017212e-90
SCN11A 9.68264183471166e-94 1.42246798543318 0.166 0.046 2.9047925504135e-90
AC244517.5 3.45052123770769e-93 1.29030542208344 0.118 0.046 1.03515637131231e-89
CD200 5.44655560278337e-93 0.353855081458403 0.427 0.26 1.63396668083501e-89
LINC01990 6.32753118709466e-92 1.93199809794067 0.161 0.059 1.8982593561284e-88
TTC28 1.14533142729806e-91 0.535082450690621 0.428 0.198 3.43599428189418e-88
AL391117.1 1.47793413543568e-91 1.65622651078444 0.129 0.031 4.43380240630703e-88
ABRACL 4.04820223709014e-91 1.56165718755324 0.497 0.264 1.21446067112704e-87
MT-CO3 5.19178862033907e-90 0.707109031963863 0.618 0.398 1.55753658610172e-86
DIRAS2 2.59482825032778e-89 3.52025103647207 0.186 0.052 7.78448475098333e-86
AC112236.1 2.88885374398569e-89 1.74611516505698 0.11 0.06 8.66656123195708e-86
AL354793.1 1.0914175354941e-88 3.21074663942587 0.154 0.085 3.2742526064823e-85
CNTNAP2 6.78976700647657e-88 0.614482305067821 0.432 0.168 2.03693010194297e-84
DEPTOR 5.71537627956234e-86 3.56921179279733 0.21 0.081 1.7146128838687e-82
TBC1D3L 9.12446204908629e-85 1.0118472174878 0.177 0.072 2.73733861472589e-81
PCSK1N 1.45787731825551e-84 0.963103093544566 0.587 0.371 4.37363195476653e-81
PLCB1 3.62437337939815e-84 1.13607605642461 0.329 0.17 1.08731201381945e-80
HS3ST2 8.00149633658128e-84 1.95845758237704 0.215 0.088 2.40044890097439e-80
PTMS 2.29920225916904e-83 0.679841940819767 0.604 0.404 6.89760677750713e-80
LINC02389 3.9094770420504e-83 0.63750829212867 0.176 0.08 1.17284311261512e-79
AC008764.2 6.89202629671169e-83 1.16914310238668 0.107 0.067 2.06760788901351e-79
ARHGAP25 3.59496636044093e-82 1.42857066081955 0.107 0.038 1.07848990813228e-78
IGFBPL1 6.93518389105937e-82 1.97055405478061 0.322 0.112 2.08055516731781e-78
CMYA5 4.72970496016187e-81 1.33374200968502 0.137 0.068 1.41891148804856e-77
PLPPR5 6.11341788163177e-81 5.69306240528532 0.311 0.101 1.83402536448953e-77
CNTNAP5 8.97757715989842e-81 1.68406513417389 0.185 0.097 2.69327314796952e-77
NTM 1.27668782607838e-80 4.24262894021451 0.385 0.191 3.83006347823515e-77
ELMO1 1.3345895215033e-80 1.63782005251085 0.205 0.132 4.00376856450991e-77
LINC01871 5.08341676064564e-80 2.24170455210719 0.15 0.048 1.52502502819369e-76
EML6 1.2288737279783e-79 2.52876519057887 0.232 0.081 3.6866211839349e-76
KRT19 1.35537371005577e-79 2.1725145786644 0.152 0.057 4.06612113016731e-76
SH3BP5 9.18065003178106e-79 0.885151082590658 0.32 0.208 2.75419500953432e-75
NEK8 2.24911870082567e-78 0.301842982680622 0.128 0.048 6.74735610247701e-75
B4GALT4-AS1 4.17330077456165e-78 0.282618351887173 0.143 0.046 1.2519902323685e-74
AC008894.2 4.87906262786935e-78 0.662285848233646 0.131 0.042 1.46371878836081e-74
GPR85 4.91730209699718e-78 1.25096342467562 0.268 0.126 1.47519062909915e-74
GFRA2 1.31500828255719e-77 0.347590232173403 0.111 0.058 3.94502484767156e-74
FGF9 2.9766132556973e-77 0.265461055797291 0.171 0.143 8.9298397670919e-74
AC104411.1 4.71046726326712e-77 1.42639611198701 0.127 0.031 1.41314017898014e-73
RAB3C 9.02362588653168e-77 2.03374425049873 0.164 0.127 2.7070877659595e-73
AC027307.3 9.60320745034101e-77 1.92175710374741 0.17 0.064 2.8809622351023e-73
AC098484.2 1.57868883226304e-75 0.857438926192904 0.128 0.027 4.73606649678912e-72
CNTNAP4 1.58916584363541e-75 1.8143080974478 0.116 0.1 4.76749753090622e-72
ZNF804A 1.97228203653603e-75 1.9291672746708 0.235 0.121 5.9168461096081e-72
AC135782.1 2.64563675587066e-75 0.685137468242065 0.15 0.089 7.93691026761199e-72
PTPN4 7.4509894153353e-75 1.72924101936035 0.36 0.155 2.23529682460059e-71
SYT9 1.16786075527921e-74 1.73462718072481 0.113 0.037 3.50358226583762e-71
FUT9 2.4130421891922e-74 2.27944906543494 0.473 0.251 7.23912656757659e-71
AP001065.1 2.46668822247042e-74 0.307361518716778 0.148 0.092 7.40006466741127e-71
AC011290.1 7.80966119666334e-74 0.543277382831135 0.16 0.094 2.342898358999e-70
ADAMTS2 1.30405981013354e-73 0.454249506289592 0.135 0.076 3.91217943040061e-70
PLXNA4 1.63495183989428e-73 1.12950281758428 0.287 0.153 4.90485551968283e-70
PCLO 2.22818722568188e-73 1.32010300469163 0.246 0.157 6.68456167704565e-70
AL109840.2 3.65458285771009e-73 0.69260889845809 0.115 0.058 1.09637485731303e-69
CXXC4-AS1 4.50609515085319e-73 1.30857534438888 0.131 0.042 1.35182854525596e-69
AC008403.3 8.40420639203558e-73 1.94440989855178 0.236 0.102 2.52126191761067e-69
ABHD6 2.47377941347936e-72 1.56571087440709 0.275 0.157 7.42133824043808e-69
KIDINS220 3.10237415290141e-72 0.373091372997402 0.576 0.39 9.30712245870424e-69
TMEM81 3.75789837905172e-72 0.695417536293013 0.123 0.11 1.12736951371552e-68
UCHL1 7.33728601405246e-72 0.529325677986449 0.56 0.361 2.20118580421574e-68
PPP2R2B 2.92451904359851e-71 0.269426396614683 0.392 0.209 8.77355713079553e-68
ADAMTS5 8.61224062597301e-71 1.70200006933538 0.212 0.096 2.5836721877919e-67
AL158058.1 1.47518739994276e-70 2.62229159728717 0.159 0.085 4.42556219982828e-67
FAM13A 2.88332094046758e-69 1.68813625280738 0.332 0.194 8.64996282140275e-66
CRMP1 6.84248621089147e-69 0.431956281162657 0.596 0.401 2.05274586326744e-65
FBXO31 1.27289044577942e-68 1.89469929058711 0.137 0.088 3.81867133733827e-65
FAM156A 4.44276298696483e-68 0.821697758559552 0.192 0.088 1.33282889608945e-64
ZNF608 1.57207146583838e-67 2.84160351774904 0.36 0.227 4.71621439751515e-64
AC018648.1 1.85608017520419e-67 0.352538519913793 0.19 0.097 5.56824052561258e-64
ADAP2 7.77876956164047e-67 1.09650078801587 0.155 0.079 2.33363086849214e-63
KLF4 1.15369486164815e-66 1.48940434137459 0.213 0.087 3.46108458494446e-63
NOCT 9.68193080593103e-66 1.34059268417821 0.198 0.081 2.90457924177931e-62
EDIL3 1.2144229337445e-65 1.55988497199589 0.24 0.121 3.6432688012335e-62
AL118558.1 2.024460884816e-65 1.74797871627735 0.145 0.093 6.073382654448e-62
ADRA2A 2.20226072036061e-65 0.833981645652599 0.329 0.104 6.60678216108184e-62
HAS2-AS1 3.63809228352867e-65 0.630551109772176 0.203 0.1 1.0914276850586e-61
LINC02361 9.5870089057386e-65 1.37079025665089 0.124 0.083 2.87610267172158e-61
CBLN2 9.73348090562407e-65 0.473918093532838 0.141 0.036 2.92004427168722e-61
SEZ6L2 1.21088720162864e-64 3.80511818899708 0.309 0.197 3.63266160488592e-61
HAS2 1.24385676341413e-64 0.527107760378659 0.118 0.084 3.73157029024239e-61
AC093424.1 4.05885898625178e-64 1.56251425097392 0.109 0.045 1.21765769587553e-60
AL137782.1 4.5444139775049e-64 1.61148062049425 0.171 0.095 1.36332419325147e-60
HELQ 9.53558939528697e-64 0.668239716777627 0.175 0.13 2.86067681858609e-60
PLCB4 1.90133108640666e-63 2.50272050725237 0.226 0.121 5.70399325921999e-60
AC092910.3 3.77748696546318e-63 0.558862566444477 0.152 0.114 1.13324608963895e-59
CRISPLD2 1.93310068962373e-62 0.443961518245791 0.202 0.083 5.79930206887119e-59
PRSS12 2.96824572080354e-62 3.69459951768281 0.23 0.05 8.90473716241061e-59
SRM 3.3321196303332e-62 4.4479050747616 0.494 0.297 9.99635889099959e-59
LAG3 6.21815581156453e-62 1.28037283763263 0.129 0.087 1.86544674346936e-58
NOMO2 6.63061381030809e-62 0.504907776648016 0.139 0.078 1.98918414309243e-58
ZNF670-ZNF695 6.64468964599329e-62 1.65329293123133 0.177 0.093 1.99340689379799e-58
MARCH4 1.10378156682793e-61 0.58419502429421 0.217 0.108 3.3113447004838e-58
AC037459.3 4.71900932842281e-61 1.39155953639937 0.131 0.076 1.41570279852684e-57
PAK5 1.85442870620149e-60 0.373879350098945 0.364 0.235 5.56328611860448e-57
AC008105.3 8.19138889502506e-60 0.811682294999367 0.101 0.046 2.45741666850752e-56
C1orf115 8.33902946209232e-60 2.31420452511827 0.179 0.066 2.5017088386277e-56
C12orf40 8.95476943724753e-60 1.45287757258816 0.177 0.072 2.68643083117426e-56
AC078909.2 9.89508349030855e-60 0.546173067051011 0.104 0.084 2.96852504709256e-56
OXTR 1.25940038448866e-59 0.578734610777612 0.108 0.042 3.77820115346599e-56
TRPV1 1.48599323751575e-59 1.12415539900607 0.142 0.069 4.45797971254725e-56
CCBE1 1.94305684456183e-59 3.11018219152904 0.164 0.068 5.82917053368548e-56
EYS 7.13150158805669e-59 0.664516864032109 0.106 0.107 2.13945047641701e-55
DACT3-AS1 1.13093973332925e-58 0.990240566315892 0.134 0.117 3.39281919998774e-55
AC131212.1 1.78608276173675e-58 1.32300454962961 0.132 0.071 5.35824828521025e-55
AC016773.1 1.87122305702306e-58 0.609890006997169 0.132 0.049 5.61366917106919e-55
LINC00997 4.14814962068941e-58 1.0115472713857 0.17 0.14 1.24444488620682e-54
NPR2 4.3861140502144e-58 1.90073093883958 0.152 0.081 1.31583421506432e-54
TPRG1 6.77007920946543e-58 0.319050008524341 0.131 0.058 2.03102376283963e-54
NPSR1-AS1 2.01388255685074e-57 1.63956043185018 0.177 0.103 6.04164767055222e-54
MIR181A1HG 3.35351064202444e-57 1.30275104396788 0.154 0.115 1.00605319260733e-53
AC145138.1 4.28049682397883e-57 0.789587559633157 0.105 0.08 1.28414904719365e-53
AC009084.1 4.6043071047866e-57 1.0781377506558 0.101 0.059 1.38129213143598e-53
AC068722.1 9.59508593546853e-57 2.29669681044064 0.183 0.076 2.87852578064056e-53
AC113349.2 7.06572438210768e-56 1.47562374214921 0.144 0.129 2.1197173146323e-52
LAMA2 8.15341813173897e-56 1.19581587385452 0.156 0.094 2.44602543952169e-52
SCG2 9.84778865452403e-56 0.489261966921124 0.198 0.144 2.95433659635721e-52
AL691403.1 2.15789882162979e-55 0.680745352541654 0.212 0.145 6.47369646488937e-52
AC107068.1 2.4485210491648e-55 0.455394360980096 0.154 0.115 7.34556314749439e-52
AP001528.1 3.14695993454953e-55 2.14957255061287 0.104 0.064 9.4408798036486e-52
KIAA1324 1.17861081008205e-54 5.66593514772619 0.218 0.057 3.53583243024614e-51
AL354920.1 1.58100474599334e-54 1.90657415337238 0.133 0.103 4.74301423798001e-51
GABRG3 4.11226374730393e-54 1.86726058930179 0.19 0.061 1.23367912419118e-50
CLASP2 4.88068453279322e-54 0.678023762922334 0.563 0.383 1.46420535983797e-50
GCG 6.61524650695167e-54 3.73512237537891 0.158 0.037 1.9845739520855e-50
DEPDC7 8.1246550220616e-54 0.910268631950933 0.165 0.106 2.43739650661848e-50
AC008147.1 1.50384168949869e-53 0.685445367664284 0.134 0.05 4.51152506849607e-50
LINC02282 1.63426818283461e-53 0.861708749033625 0.138 0.098 4.90280454850384e-50
AL121761.1 2.94735791425624e-53 0.971307799453037 0.141 0.119 8.84207374276873e-50
PCDHB11 4.23176383767948e-53 1.78037471205212 0.128 0.089 1.26952915130384e-49
SMIM18 5.75907540152054e-53 2.08759015143516 0.156 0.093 1.72772262045616e-49
HAVCR2 1.29947922863928e-52 1.51917417063294 0.126 0.119 3.89843768591783e-49
MEIOC 2.32648735733292e-52 1.12024609384717 0.109 0.086 6.97946207199877e-49
UNC5A 3.89221534594636e-52 3.18863701387766 0.217 0.053 1.16766460378391e-48
ZGLP1 5.2578811459743e-52 1.40169164698099 0.145 0.089 1.57736434379229e-48
AC006547.2 6.49902610776692e-52 1.13560027078529 0.11 0.106 1.94970783233007e-48
KEL 7.19582139045477e-52 1.47261497326158 0.117 0.067 2.15874641713643e-48
BTBD8 7.95998560994878e-52 2.76761467325068 0.207 0.13 2.38799568298463e-48
CTSV 8.0059449201723e-52 1.22029635524301 0.116 0.062 2.40178347605169e-48
ZFP37 8.79389665662272e-52 1.25767761904223 0.165 0.151 2.63816899698681e-48
MT-CO1 1.19167618658107e-51 0.402924131077599 0.583 0.428 3.5750285597432e-48
KBTBD11-OT1.1 1.26198382555995e-51 0.984058978905573 0.106 0.069 3.78595147667986e-48
AL008718.2 5.32839353110311e-51 1.57306226571325 0.134 0.064 1.59851805933093e-47
PLCH2 1.09775737836696e-50 1.88209787487129 0.158 0.107 3.29327213510089e-47
NETO2 1.27634871967781e-50 1.96753379073199 0.387 0.254 3.82904615903344e-47
MIR17HG 1.57031642053324e-50 0.896471078212455 0.142 0.135 4.71094926159971e-47
PPP4R1-AS1 2.14503193286149e-50 0.360256042459019 0.181 0.122 6.43509579858446e-47
AL117348.2 6.4583262937669e-50 0.528308628173566 0.127 0.119 1.93749788813007e-46
CHRNB4 1.01275833013607e-49 1.17645760393727 0.1 0.046 3.03827499040821e-46
AC108516.2 1.52334133143135e-49 2.42253433412133 0.129 0.08 4.57002399429406e-46
BSN 1.85047975278186e-49 0.362387495110063 0.166 0.147 5.55143925834559e-46
IER3 6.15964521312907e-49 1.42214022354993 0.19 0.103 1.84789356393872e-45
ZBTB20-AS5 8.3144637538562e-49 1.32824660346269 0.185 0.119 2.49433912615686e-45
AC105020.6 9.41307081314857e-49 0.691608134253169 0.116 0.057 2.82392124394457e-45
PTCHD1-AS 1.31914389802934e-48 0.353800581216319 0.161 0.085 3.95743169408803e-45
SYT6 1.56612967076365e-48 0.320253622312581 0.205 0.116 4.69838901229094e-45
CACNA1C-AS2 1.76568163633824e-48 1.90636475484543 0.253 0.079 5.29704490901473e-45
DHDH 2.48816990383349e-48 0.584686781526431 0.149 0.064 7.46450971150046e-45
RARS 3.6571184314348e-48 2.0892561107351 0.181 0.174 1.09713552943044e-44
FRMD4B 6.28186220541353e-48 3.29812511615457 0.359 0.175 1.88455866162406e-44
SLC5A4-AS1 1.55432051405272e-47 1.21312529831577 0.082 0.105 4.66296154215815e-44
GNG8 2.06736597796892e-47 1.13303705040332 0.185 0.084 6.20209793390675e-44
ZNF704 2.1365257536819e-47 0.952416934699521 0.433 0.299 6.40957726104571e-44
AC096887.1 2.43638080955552e-47 0.957536268421675 0.241 0.141 7.30914242866657e-44
LRP5L 2.51872431722948e-47 0.930150029274198 0.136 0.065 7.55617295168845e-44
AC006329.1 2.81990119698647e-47 1.26771978496237 0.143 0.081 8.45970359095942e-44
KREMEN2 3.62539005258264e-47 1.15374372508809 0.11 0.043 1.08761701577479e-43
AL358075.2 7.98278865383646e-47 0.437157270232424 0.141 0.138 2.39483659615094e-43
PDIA2 8.08499543015692e-47 1.91797629314916 0.123 0.067 2.42549862904708e-43
CFAP52 9.76426851455122e-47 0.62285855449589 0.131 0.071 2.92928055436536e-43
SLC7A7 1.75046397649458e-46 0.537639550649244 0.107 0.049 5.25139192948375e-43
AC019077.1 3.29579282829978e-46 0.79194297736089 0.144 0.118 9.88737848489935e-43
AC022217.3 3.61287437811576e-46 0.693611769162967 0.132 0.103 1.08386231343473e-42
AC004852.2 4.21286014396362e-46 0.464122098243369 0.116 0.123 1.26385804318909e-42
AL390763.2 5.42041913733492e-46 2.15555441294794 0.103 0.027 1.62612574120048e-42
AVIL 9.11297607668521e-46 1.66594920380444 0.127 0.096 2.73389282300556e-42
AC234782.2 2.32169995776616e-45 1.12311800371154 0.196 0.145 6.96509987329847e-42
AC096992.2 1.06160239377445e-44 1.33795578304993 0.065 0.104 3.18480718132335e-41
CDH13 1.41878604403528e-44 1.16121871474297 0.168 0.122 4.25635813210584e-41
PLA2G10 2.10121065494536e-44 0.659432556122331 0.109 0.08 6.30363196483608e-41
ACAP1 2.12910680743809e-44 0.737452796218834 0.116 0.086 6.38732042231426e-41
CAPS 2.4081817856195e-44 1.08160106377841 0.134 0.094 7.2245453568585e-41
MROH8 4.07731136980976e-44 0.713952156221499 0.107 0.119 1.22319341094293e-40
SLC44A5 1.11278607357562e-43 1.1456376516779 0.212 0.123 3.33835822072687e-40
FOCAD 3.40619679989985e-43 2.03747935489436 0.147 0.117 1.02185903996995e-39
NR4A3 3.93086302149107e-43 0.750200273035462 0.168 0.108 1.17925890644732e-39
LINC01551 4.70259690374102e-43 1.77040431110634 0.421 0.303 1.41077907112231e-39
AC006480.2 5.10662199848185e-43 0.817096591978475 0.178 0.111 1.53198659954456e-39
GALNT13 5.67307783537655e-43 0.63167557266337 0.152 0.112 1.70192335061297e-39
AL358790.1 1.12682905440065e-42 0.641995750875186 0.15 0.107 3.38048716320196e-39
TENM1 1.42881405926849e-42 1.12606766945021 0.123 0.107 4.28644217780548e-39
TICAM1 2.97940933028364e-42 0.795395155640223 0.101 0.066 8.93822799085093e-39
AC026471.4 4.37044285186874e-42 1.82964534364102 0.161 0.121 1.31113285556062e-38
TMEM74 1.12169956349741e-41 3.83360290470974 0.199 0.084 3.36509869049222e-38
CEL 2.72057561281584e-41 0.515683433901337 0.14 0.121 8.16172683844753e-38
AC009812.1 2.99779444259523e-41 0.80795755534284 0.101 0.111 8.99338332778569e-38
AL137003.1 1.25793371558627e-40 0.541635232844458 0.101 0.056 3.77380114675881e-37
AC068473.1 1.44738930682435e-40 0.523403691324328 0.157 0.124 4.34216792047306e-37
AC006064.2 1.4731871681551e-40 0.559052531170755 0.102 0.112 4.41956150446529e-37
RCAN3 1.75719891570715e-40 2.27328301381835 0.179 0.097 5.27159674712145e-37
AC007566.1 2.33709960875616e-40 0.905788042872992 0.16 0.105 7.01129882626848e-37
KCNK1 2.41719346379258e-40 0.984062315444383 0.116 0.098 7.25158039137774e-37
ARHGAP28 3.22955683929757e-40 0.874887891452081 0.103 0.141 9.6886705178927e-37
EFCAB5 7.64998907017566e-40 0.737992283367493 0.122 0.125 2.2949967210527e-36
BICDL1 8.59591686408884e-40 1.10200947203533 0.106 0.121 2.57877505922665e-36
CCKBR 1.50974745372539e-39 0.730085348627391 0.205 0.121 4.52924236117616e-36
GAREM1 1.7127448845282e-39 2.68961219544336 0.223 0.112 5.13823465358461e-36
AC091551.1 4.13825827599045e-39 1.27812409549166 0.13 0.113 1.24147748279713e-35
RASGEF1B 4.74877221376629e-39 0.958979781917831 0.238 0.092 1.42463166412989e-35
AC005920.2 5.35293644641483e-39 1.27399458781151 0.07 0.1 1.60588093392445e-35
AC013727.1 1.48714716149867e-38 2.24581657419275 0.16 0.049 4.461441484496e-35
TMEM151B 1.84500544787995e-38 1.98831812157891 0.15 0.079 5.53501634363984e-35
AL731569.1 1.96706610694474e-38 0.999351350446842 0.1 0.092 5.90119832083422e-35
AC010320.3 2.44413288988262e-38 1.36261478754715 0.146 0.093 7.33239866964787e-35
AC027644.1 3.56514811057415e-38 0.429916520449222 0.151 0.073 1.06954443317225e-34
AC009299.3 5.31175401340308e-38 1.34036426220919 0.117 0.068 1.59352620402092e-34
AL445248.1 5.37621655206683e-38 0.772452293064875 0.101 0.102 1.61286496562005e-34
SLC38A6 6.8927843589531e-38 0.745556035410536 0.08 0.128 2.06783530768593e-34
SIAH3 1.20946083559324e-37 0.785427900586564 0.11 0.077 3.62838250677971e-34
CCDC92B 1.85377254189504e-37 0.747931931095289 0.117 0.113 5.56131762568511e-34
AP000873.2 2.33808505981478e-37 1.02459171217643 0.084 0.109 7.01425517944434e-34
AC092471.2 3.41199567576586e-37 0.420984365951838 0.136 0.093 1.02359870272976e-33
SLC38A1 7.94355960128077e-37 0.325069444560402 0.43 0.331 2.38306788038423e-33
CDH11 1.03897171399541e-36 1.51757234750679 0.196 0.102 3.11691514198624e-33
AL136162.1 1.12915539398132e-36 0.564272804566336 0.147 0.09 3.38746618194396e-33
AC004076.1 6.56426609842208e-36 0.755467514113791 0.112 0.132 1.96927982952662e-32
LINC02525 7.13099713166537e-36 0.687865856298789 0.182 0.107 2.13929913949961e-32
ADAM28 7.69275999433556e-36 0.671387238064849 0.152 0.122 2.30782799830067e-32
CNTN5 1.1478469243755e-35 0.63687263573097 0.159 0.121 3.44354077312651e-32
ARSF 1.18018911342357e-35 0.961431457059573 0.192 0.067 3.5405673402707e-32
ADGRL2 1.45889881338888e-35 1.65043558591304 0.207 0.136 4.37669644016665e-32
SENP7 1.65744961695309e-35 0.694947422157865 0.194 0.192 4.97234885085928e-32
IL10RA 1.80981016273637e-35 1.48449890946364 0.173 0.098 5.42943048820912e-32
AC069257.3 1.84405083190025e-35 0.264198743252322 0.104 0.09 5.53215249570075e-32
RIIAD1 2.37727100370509e-35 0.660842537156444 0.13 0.092 7.13181301111528e-32
ZFR2 2.43592205017243e-35 0.743431667369467 0.16 0.116 7.30776615051728e-32
LEAP2 4.27959490673701e-35 0.813981009129696 0.116 0.127 1.2838784720211e-31
CCDC191 5.21719725062518e-35 0.408586543001542 0.073 0.128 1.56515917518756e-31
UBE2F-SCLY 1.12225191440013e-34 0.491879537434277 0.107 0.099 3.3667557432004e-31
SGK1 2.5703491733755e-34 0.459444529082839 0.17 0.106 7.71104752012649e-31
AHNAK2 4.14764952660447e-34 1.01553101257165 0.174 0.142 1.24429485798134e-30
TGFB1 7.02394274996611e-34 0.543747770421188 0.071 0.108 2.10718282498983e-30
SYN3 7.34028982948309e-34 1.4278444318322 0.136 0.11 2.20208694884493e-30
TNIK 1.00643091777572e-33 2.03743830256456 0.222 0.151 3.01929275332717e-30
ZSCAN23 2.01674177000662e-33 1.09396161304401 0.115 0.125 6.05022531001987e-30
DRAXIN 2.41368236158582e-33 4.40618859270605 0.291 0.232 7.24104708475746e-30
CACNA1D 3.24602461864738e-33 0.658270549362664 0.126 0.119 9.73807385594213e-30
KHDRBS3 3.54631725773454e-33 1.32997095794466 0.281 0.193 1.06389517732036e-29
CECR2 3.77567368203963e-33 0.81558284052231 0.243 0.147 1.13270210461189e-29
IQCC 4.69158580502423e-33 0.763577149922495 0.133 0.143 1.40747574150727e-29
CCDC3 5.6707775692147e-33 1.0114726197432 0.146 0.125 1.70123327076441e-29
ZNF578 6.66947040038084e-33 0.988860775145929 0.071 0.109 2.00084112011425e-29
AC100814.1 8.96917788941873e-33 0.883418158207974 0.123 0.089 2.69075336682562e-29
RNF103-CHMP3 1.98972735975265e-32 0.478153076420151 0.145 0.129 5.96918207925796e-29
GPC5 3.017630457569e-32 0.298206142061623 0.107 0.117 9.05289137270701e-29
PDE4D 3.72911247127038e-32 1.54306692465325 0.279 0.193 1.11873374138111e-28
MYO1D 4.98976683761151e-32 1.6540501757502 0.129 0.155 1.49693005128345e-28
AKR1E2 1.02819907207964e-31 0.906036270295996 0.129 0.074 3.08459721623893e-28
ANKRD18CP 1.38630386187868e-31 0.759067639642918 0.172 0.133 4.15891158563605e-28
AC005498.3 1.66096223980885e-31 0.541612670165858 0.081 0.145 4.98288671942655e-28
SLC17A6 2.05231061681097e-31 2.62549866590046 0.169 0.067 6.15693185043292e-28
LINC01505 2.57129005495863e-31 1.16824160891056 0.131 0.111 7.71387016487589e-28
AC010336.5 3.06285569764614e-31 0.466157292444851 0.132 0.134 9.18856709293843e-28
SVOP 4.1007763497135e-31 0.721800674266962 0.056 0.143 1.23023290491405e-27
GRIA3 5.74994434764164e-31 2.33849422827292 0.232 0.146 1.72498330429249e-27
FHDC1 1.06370836402996e-30 1.57258004969244 0.188 0.073 3.19112509208987e-27
AC008074.3 1.35232914620188e-30 1.00019087109147 0.151 0.15 4.05698743860563e-27
DDX24 2.50050026662289e-30 1.10990204598536 0.475 0.366 7.50150079986866e-27
AL162412.1 3.05227543817688e-30 1.88097954241993 0.139 0.046 9.15682631453065e-27
KIAA0825 4.68256251438813e-30 0.939784044741359 0.12 0.127 1.40476875431644e-26
CLTCL1 1.33285145922652e-29 1.04369307357226 0.107 0.102 3.99855437767955e-26
AC091167.6 2.16996171872835e-29 0.977578854905618 0.1 0.104 6.50988515618505e-26
NEFH 2.4593917575852e-29 0.760244646445821 0.088 0.114 7.37817527275561e-26
ARID4A 2.63272421874875e-29 4.38715285079674 0.235 0.254 7.89817265624625e-26
AP001486.2 3.31056927934802e-29 0.77644471149428 0.113 0.131 9.93170783804406e-26
PIK3CD 4.55769057479359e-29 0.300101794042437 0.155 0.135 1.36730717243808e-25
AC104794.2 9.77118425295712e-29 1.76441624135328 0.118 0.106 2.93135527588714e-25
CLMP 1.03151876775403e-28 0.784789564358272 0.234 0.089 3.09455630326209e-25
AC114689.3 1.23353226112418e-28 0.790072278030115 0.118 0.091 3.70059678337253e-25
TMEM63C 1.61489147667963e-28 1.03824273309167 0.128 0.106 4.8446744300389e-25
CFAP61 2.55217916863222e-28 0.568254143029689 0.072 0.112 7.65653750589666e-25
AMOTL2 2.91309921504676e-28 1.28717424024772 0.147 0.125 8.73929764514027e-25
HIST1H4J 3.31306427948427e-28 0.617436412506668 0.171 0.139 9.9391928384528e-25
AC092117.1 3.62101595258543e-28 1.70523045728765 0.113 0.067 1.08630478577563e-24
AP002852.1 6.04769743365659e-28 0.259755594870214 0.103 0.092 1.81430923009698e-24
TCEAL5 6.22718557957169e-28 0.32672629953016 0.129 0.138 1.86815567387151e-24
PHF21B 9.1500578777864e-28 2.45579911119725 0.183 0.189 2.74501736333592e-24
SLIT2 1.01787123774274e-27 0.542515458961008 0.113 0.121 3.05361371322822e-24
ZRSR2 3.02600008954757e-27 2.27709456933452 0.179 0.188 9.07800026864272e-24
FAM47E 4.18628444333055e-27 1.11995289256492 0.137 0.063 1.25588533299917e-23
EAF1-AS1 4.58522864040024e-27 0.508197402517148 0.074 0.102 1.37556859212007e-23
DPY19L1 1.50085874801731e-26 4.3790521822009 0.278 0.102 4.50257624405192e-23
GABRB3 1.96680056745214e-26 1.21163301523712 0.27 0.189 5.90040170235641e-23
DANT2 2.10971360095731e-26 0.288688780316903 0.116 0.1 6.32914080287194e-23
TENM4 2.41976370545348e-26 0.588661388505713 0.206 0.155 7.25929111636043e-23
RBM11 2.51407075894583e-26 2.0196856299197 0.135 0.087 7.54221227683748e-23
AC012349.1 4.04489750879794e-26 2.6551609369908 0.145 0.053 1.21346925263938e-22
LINC01105 4.28396110368376e-26 2.39159828331495 0.133 0.115 1.28518833110513e-22
IRS1 4.5076514404446e-26 1.8036461263306 0.161 0.107 1.35229543213338e-22
AC011477.4 5.15618304973501e-26 0.385094775939084 0.144 0.097 1.5468549149205e-22
COL9A3 5.94736924804037e-26 1.84052785342289 0.166 0.131 1.78421077441211e-22
SPINK5 1.49583587602392e-25 0.941384658844299 0.103 0.131 4.48750762807175e-22
AC020611.2 1.74243493937353e-25 0.676661547490308 0.211 0.151 5.22730481812058e-22
SLC7A5 4.25979866270451e-25 0.376575721762658 0.169 0.162 1.27793959881135e-21
LRP3 4.30583512304743e-25 1.31378053912747 0.092 0.115 1.29175053691423e-21
CCDC112 4.81813954195191e-25 0.442422338824424 0.409 0.338 1.44544186258557e-21
AC009961.1 1.0527105805751e-24 0.612146228273568 0.086 0.149 3.15813174172529e-21
IGDCC3 1.62223742751696e-24 3.34598193851939 0.195 0.115 4.86671228255088e-21
KCNAB1 2.66303581803488e-24 0.339027593045463 0.084 0.104 7.98910745410464e-21
CAMK2B 2.80929459503806e-24 1.22522748299435 0.194 0.108 8.42788378511419e-21
AC025048.2 2.87521990704777e-24 0.378128704492072 0.11 0.156 8.6256597211433e-21
AL591485.1 3.63370594624e-24 0.898055317706378 0.108 0.132 1.090111783872e-20
AL133166.1 3.77402433488601e-24 1.00347882674182 0.167 0.093 1.1322073004658e-20
AC004865.2 4.19501723097756e-24 1.69058421076968 0.111 0.059 1.25850516929327e-20
TBC1D2 7.74106181438564e-24 0.809455883141007 0.099 0.139 2.32231854431569e-20
C1QTNF4 1.15116819748025e-23 0.489206490304753 0.137 0.131 3.45350459244075e-20
IGFBP6 1.58336990336951e-23 1.52808556048851 0.074 0.11 4.75010971010852e-20
TMEM130 1.90829332411805e-23 2.13402582392705 0.185 0.124 5.72487997235414e-20
THY1 2.43681178265087e-23 1.41786164962303 0.21 0.185 7.31043534795261e-20
PENK 2.79490851398919e-23 1.93316098062121 0.205 0.078 8.38472554196757e-20
SPRY1 3.50421237054784e-23 0.331755276882967 0.1 0.122 1.05126371116435e-19
AC020558.1 3.60029510865628e-23 0.793011542837018 0.138 0.171 1.08008853259688e-19
FBXO16 4.58968764308792e-23 0.779279825391727 0.143 0.131 1.37690629292637e-19
NPR3 4.92460250963819e-23 0.675135029100607 0.155 0.088 1.47738075289146e-19
TTC22 5.84899972549871e-23 1.05192539214326 0.144 0.07 1.75469991764961e-19
ARHGAP27P1-BPTFP1-KPNA2P3 9.65425300650685e-23 0.618333989203332 0.072 0.133 2.89627590195205e-19
CAMKMT 1.48051931224278e-22 0.451018504355325 0.095 0.14 4.44155793672833e-19
AC027807.1 2.05386931733982e-22 0.823392777970499 0.136 0.127 6.16160795201946e-19
SYTL3 2.55315366824452e-22 0.345316966137817 0.058 0.152 7.65946100473357e-19
AC011815.2 5.87453772110365e-22 0.716576989382878 0.088 0.107 1.7623613163311e-18
AC026979.2 6.2244194937527e-22 0.321132883695038 0.123 0.111 1.86732584812581e-18
AC004917.1 6.48547373890482e-22 0.484000237060284 0.18 0.144 1.94564212167145e-18
CCDC144NL 7.69523162392874e-22 0.289675499091095 0.165 0.141 2.30856948717862e-18
ZBTB46 2.01633138092341e-21 0.834912348798108 0.129 0.135 6.04899414277024e-18
TMOD2 2.34263546352557e-21 0.968726208296219 0.303 0.277 7.02790639057671e-18
DDIT4-AS1 2.61927028080753e-21 0.894940879015678 0.08 0.108 7.85781084242258e-18
AC116535.1 3.32029690554108e-21 1.08039566992638 0.129 0.159 9.96089071662324e-18
AC087521.2 4.90335192999605e-21 0.849538594449761 0.043 0.108 1.47100557899881e-17
AC005410.1 8.61908538753093e-21 1.29262617000605 0.133 0.087 2.58572561625928e-17
CUX2 8.64395453508043e-21 0.569425014087997 0.235 0.095 2.59318636052413e-17
AC011444.1 9.93147268626831e-21 0.909032396007889 0.114 0.098 2.97944180588049e-17
ATP7B 1.04311258822518e-20 0.396268248795757 0.085 0.101 3.12933776467553e-17
AL135999.1 1.28610794063104e-20 0.328198888199916 0.163 0.134 3.85832382189311e-17
AATK 2.27472515585315e-20 0.863072894195142 0.103 0.146 6.82417546755944e-17
PRKG1 2.40227709198828e-20 0.762708171793607 0.109 0.131 7.20683127596483e-17
AL356479.1 2.56891770863475e-20 0.480250896194232 0.117 0.087 7.70675312590425e-17
NRP2 2.57931320343797e-20 0.256554934450755 0.084 0.12 7.73793961031392e-17
ASXL3 5.84798867123626e-20 0.704447067192343 0.231 0.216 1.75439660137088e-16
AL390719.1 6.24059761014176e-20 2.56308395007639 0.056 0.11 1.87217928304253e-16
GRIK2 6.53623427508589e-20 2.76578554993108 0.143 0.119 1.96087028252577e-16
MAP7D2 7.70230194954043e-20 1.46400206169095 0.142 0.101 2.31069058486213e-16
AC113414.1 1.35063509136617e-19 1.21329455092956 0.049 0.12 4.0519052740985e-16
AC025164.1 1.37262203212881e-19 1.34544974635363 0.126 0.158 4.11786609638644e-16
FBXL19-AS1 1.64912583695112e-19 0.277978792228796 0.027 0.115 4.94737751085335e-16
WNT3 1.76157217825051e-19 1.75695542528689 0.109 0.082 5.28471653475153e-16
AP002336.2 2.43459938573178e-19 0.48902440286056 0.072 0.151 7.30379815719533e-16
ATOH7 2.61847373165252e-19 1.13245673508566 0.129 0.1 7.85542119495755e-16
AC073610.3 2.95942824314215e-19 0.312287454850622 0.097 0.106 8.87828472942645e-16
PHEX 3.2216232811882e-19 1.07072782550823 0.167 0.058 9.6648698435646e-16
CDCP1 4.07722702842374e-19 2.98563635301158 0.207 0.064 1.22316810852712e-15
TES 4.28832808535206e-19 0.398459363349941 0.143 0.124 1.28649842560562e-15
GLYATL1 4.53005735424825e-19 1.45093671595678 0.215 0.067 1.35901720627447e-15
AL136454.1 4.86140816538253e-19 0.550017622910831 0.072 0.109 1.45842244961476e-15
PCDHB2 5.37912894494513e-19 1.64644932111272 0.274 0.238 1.61373868348354e-15
AL139142.1 5.97709886127801e-19 0.848673956962825 0.11 0.054 1.7931296583834e-15
CRABP1 1.49919688843613e-18 2.90328491803178 0.177 0.042 4.49759066530839e-15
AC023886.1 1.54119383150453e-18 0.547428591884367 0.147 0.127 4.62358149451359e-15
LINC01933 1.90859620625146e-18 3.0534666686981 0.125 0.033 5.72578861875439e-15
C8orf34 2.73015385196339e-18 0.495575841638365 0.105 0.093 8.19046155589017e-15
ENOX1 2.87074924818935e-18 1.47009814390345 0.16 0.191 8.61224774456804e-15
FAM155B 3.06188137872183e-18 1.0072866937314 0.161 0.17 9.18564413616549e-15
VGF 4.05640581913073e-18 1.49084395747882 0.117 0.119 1.21692174573922e-14
URB1-AS1 4.79464508084018e-18 0.345581110728068 0.097 0.13 1.43839352425205e-14
HIST1H2BN 7.71994004826558e-18 1.39692093245904 0.124 0.164 2.31598201447967e-14
LIMD1-AS1 2.29136155222235e-17 1.60882198133797 0.106 0.104 6.87408465666704e-14
AC069224.1 2.31007852271082e-17 1.2470455035188 0.099 0.148 6.93023556813247e-14
LINC01971 3.01525778556228e-17 0.360954115413042 0.027 0.123 9.04577335668684e-14
DAPK1 3.42250840179635e-17 1.35440217061076 0.097 0.195 1.02675252053891e-13
VIP 3.87723630682437e-17 0.363846748987488 0.073 0.121 1.16317089204731e-13
AL356481.1 4.6909439048602e-17 1.283984937055 0.117 0.165 1.40728317145806e-13
HS6ST3 5.86676259650529e-17 0.905141836865264 0.118 0.092 1.76002877895159e-13
C8orf46 6.04543902712527e-17 2.20036054215533 0.171 0.071 1.81363170813758e-13
EPS8L2 8.58797508255022e-17 0.298419399131667 0.181 0.115 2.57639252476507e-13
ZNF837 1.66448476337322e-16 0.6105946687307 0.084 0.122 4.99345429011966e-13
SUMO2P17 1.78811579332763e-16 1.28517183602662 0.104 0.098 5.36434737998288e-13
EPCAM 2.84067707448529e-16 0.746519790668614 0.18 0.128 8.52203122345588e-13
CNTRL 5.89222835791108e-16 1.38018472051472 0.078 0.144 1.76766850737332e-12
AC244517.1 9.13852102243335e-16 1.00567818300023 0.089 0.124 2.74155630673e-12
AP001468.1 9.51623575934163e-16 0.5405505970947 0.05 0.127 2.85487072780249e-12
ARAP3 1.10997428195477e-15 0.522034298703192 0.153 0.138 3.32992284586431e-12
AC135050.2 1.2709843089872e-15 0.388860257482998 0.105 0.126 3.81295292696161e-12
SEPT5 1.49299962525239e-15 0.546402075786244 0.086 0.137 4.47899887575716e-12
ZBTB38 1.96874876676159e-15 1.70716408301577 0.163 0.125 5.90624630028476e-12
AKAP9 2.81384358455965e-15 0.868179877923983 0.439 0.368 8.44153075367896e-12
AC073343.2 3.96944097574678e-15 0.77445105460756 0.12 0.169 1.19083229272403e-11
AC007285.1 4.42461378432156e-15 0.859049480177628 0.116 0.125 1.32738413529647e-11
AC125232.1 6.20183327796044e-15 0.562419844071814 0.029 0.128 1.86054998338813e-11
AC010931.2 6.43384260788277e-15 4.06463010753678 0.143 0.054 1.93015278236483e-11
AL158834.2 8.66731785065164e-15 0.393374978804518 0.06 0.11 2.60019535519549e-11
STK32A 1.86368761165798e-14 1.24641676775287 0.105 0.089 5.59106283497395e-11
DOCK2 2.11582061791675e-14 0.595944198639023 0.236 0.322 6.34746185375026e-11
KCTD16 2.19326623244045e-14 1.14796667909275 0.125 0.115 6.57979869732135e-11
CKM 2.50141052743107e-14 0.380424711736621 0.134 0.131 7.50423158229322e-11
SQLE 3.6151526597147e-14 4.65106949104386 0.286 0.373 1.08454579791441e-10
GSEC 5.10866597259027e-14 0.330129864204878 0.122 0.144 1.53259979177708e-10
TMEM52 6.59729087588109e-14 1.20238567185913 0.112 0.13 1.97918726276433e-10
AL589740.1 8.6521798501101e-14 0.400291252361667 0.182 0.149 2.59565395503303e-10
SLC35F4 8.78155012706441e-14 0.885499051069788 0.15 0.141 2.63446503811932e-10
LINC00276 8.85261350011751e-14 1.11235424373033 0.127 0.053 2.65578405003525e-10
LINC02488 8.90697715299719e-14 0.550278220040951 0.118 0.153 2.67209314589916e-10
SCG5 1.04388861407165e-13 1.55611223340713 0.092 0.123 3.13166584221495e-10
FP325335.1 1.44142322768493e-13 0.741154061080843 0.088 0.135 4.32426968305479e-10
DNAH10 2.01443509717626e-13 1.7731344530671 0.167 0.13 6.04330529152877e-10
CFL1P1 3.73297980035396e-13 0.797497437272177 0.103 0.18 1.11989394010619e-09
SCGB1B2P 4.92176925913e-13 0.971913105540812 0.073 0.125 1.476530777739e-09
AC008894.3 5.18204210906563e-13 1.34468241690393 0.121 0.137 1.55461263271969e-09
AC009053.1 6.39053798903316e-13 0.312386638570434 0.098 0.104 1.91716139670995e-09
WNT7A 9.86458851319398e-13 0.309842945843997 0.073 0.157 2.95937655395819e-09
CSRNP3 1.07812706843818e-12 0.333755059548035 0.271 0.224 3.23438120531454e-09
ARRDC3 1.31317378267274e-12 1.33043780896976 0.304 0.291 3.93952134801821e-09
AC093227.2 1.37895497553851e-12 0.580715953020549 0.053 0.126 4.13686492661554e-09
ZBTB20-AS1 2.84362588245797e-12 1.84450162728963 0.11 0.076 8.53087764737392e-09
IGSF21 2.95842879533803e-12 0.792484753382665 0.103 0.125 8.8752863860141e-09
LINC02055 4.43244511843658e-12 1.16338330010598 0.14 0.136 1.32973353553097e-08
AC005726.1 6.21782249541854e-12 0.273267201820692 0.14 0.104 1.86534674862556e-08
AF117829.1 7.50913650653725e-12 1.39908908037529 0.072 0.114 2.25274095196118e-08
FAR2 7.5899323351913e-12 1.22544683127124 0.118 0.16 2.27697970055739e-08
AC008758.6 8.36248370644138e-12 0.822973447224072 0.116 0.144 2.50874511193242e-08
AC046185.3 2.1669529814833e-11 1.08039878015741 0.123 0.155 6.50085894444991e-08
BAZ2B 2.27863953010748e-11 0.80787190673172 0.388 0.323 6.83591859032243e-08
AC109326.1 2.30318172179885e-11 0.264425467942884 0.137 0.162 6.90954516539654e-08
AC002310.4 2.81059302562627e-11 0.829754752336539 0.061 0.104 8.4317790768788e-08
SLC9A5 5.17875047542649e-11 0.262565486669375 0.132 0.142 1.55362514262795e-07
HCG17 6.89306839705909e-11 0.403927457339043 0.111 0.126 2.06792051911773e-07
THBS1 7.58024808918849e-11 2.7710304907547 0.158 0.085 2.27407442675655e-07
TMEM131L 7.61501191267024e-11 3.37550731755723 0.153 0.184 2.28450357380107e-07
GRIK4 8.62539181999832e-11 0.272034473727954 0.041 0.138 2.5876175459995e-07
AC124319.3 1.28412938479471e-10 0.379234457352441 0.062 0.1 3.85238815438413e-07
MXRA8 1.36026070731114e-10 0.371367693619918 0.13 0.133 4.08078212193342e-07
AC007066.2 1.89704569922384e-10 0.54315060394728 0.092 0.152 5.69113709767153e-07
MT-ATP6 1.97384068171589e-10 0.669016312379846 0.504 0.418 5.92152204514767e-07
ZNF454 2.13145138428733e-10 0.32629534009522 0.141 0.15 6.394354152862e-07
AC092171.3 2.63027255374666e-10 1.50615755938703 0.146 0.149 7.89081766123999e-07
MADCAM1 3.25645178906078e-10 0.663421712947153 0.109 0.147 9.76935536718235e-07
SLCO5A1 3.41044338528329e-10 0.423392343358131 0.148 0.152 1.02313301558499e-06
PCDHB9 4.53724165659822e-10 1.0021111170663 0.08 0.17 1.36117249697946e-06
MATN4 4.81160549471708e-10 0.664294762008444 0.091 0.133 1.44348164841512e-06
ARID5B 5.05777005200742e-10 1.00959639783232 0.091 0.143 1.51733101560223e-06
AC021752.1 8.80656330956702e-10 0.367638965294354 0.095 0.105 2.64196899287011e-06
AL163051.1 1.28734764646498e-09 0.501804880688102 0.094 0.154 3.86204293939495e-06
AL138760.1 1.6212678968231e-09 0.699847557320419 0.097 0.141 4.8638036904693e-06
AC022101.1 2.05580441032167e-09 0.264435263950867 0.263 0.264 6.16741323096501e-06
SH2B3 2.54586228747463e-09 0.714500561910096 0.048 0.134 7.6375868624239e-06
BNC2 3.67950577423058e-09 0.376894720904389 0.104 0.118 1.10385173226917e-05
ONECUT2 3.88974919652306e-09 0.872275245406215 0.163 0.203 1.16692475895692e-05
TRANK1 4.09268822084998e-09 1.16369584189404 0.053 0.133 1.22780646625499e-05
GOLGA6L10 4.76942787991593e-09 0.461030772885159 0.021 0.11 1.43082836397478e-05
LMO3 7.51277732725340e-09 0.29894718543898 0.268 0.228 2.25383319817602e-05
MT-ND3 1.06492360696801e-08 0.396300317192288 0.484 0.414 3.19477082090404e-05
AL110118.2 1.10192046573906e-08 1.37880647945772 0.046 0.117 3.30576139721717e-05
FILIP1 1.23893835732615e-08 2.59455361863876 0.104 0.085 3.71681507197844e-05
AC078923.1 1.46315882931377e-08 1.53230518691288 0.1 0.125 4.38947648794132e-05
RPSAP52 1.64642004625914e-08 1.76717411813821 0.129 0.054 4.93926013877742e-05
CEP126 2.21749259254565e-08 0.997241120828063 0.104 0.106 6.65247777763694e-05
NPB 2.39738333421503e-08 1.87250375462131 0.157 0.104 7.19215000264509e-05
CWF19L2 4.6206456464847e-08 1.1463740550875 0.166 0.245 0.000138619369394541
AL445433.2 7.73372464805294e-08 1.11575102398711 0.062 0.101 0.000232011739441588
S100A10 1.30143441303942e-07 0.92482472477813 0.126 0.112 0.000390430323911825
RNU5E-1 1.54559900323038e-07 0.746733178922206 0.118 0.19 0.000463679700969113
TTLL11 1.94841495975976e-07 1.18547157164272 0.059 0.139 0.000584524487927927
NAT16 2.09843219713568e-07 1.12171082346647 0.054 0.111 0.000629529659140703
KIT 4.24811332834534e-07 0.350117682451961 0.138 0.123 0.0012744339985036
MIAT 4.8524622644981e-07 1.17380293523522 0.168 0.152 0.00145573867934943
AC092143.2 4.92141857772713e-07 1.46738507539824 0.112 0.169 0.00147642557331814
NLN 5.12421747213608e-07 0.641944063191052 0.224 0.224 0.00153726524164082
LINC01170 9.52285003626537e-07 0.705894762502558 0.041 0.164 0.00285685501087961
DCC 9.66033442220199e-07 0.878994764423551 0.134 0.098 0.0028981003266606
PRSS23 1.0280216497936e-06 1.13628098445122 0.081 0.149 0.00308406494938081
ZCWPW1 1.2777564746392e-06 0.540577312957085 0.057 0.151 0.00383326942391759
AC098936.1 1.33056477978794e-06 0.274742782120656 0.08 0.186 0.00399169433936383
SLC2A3 2.2896079839837e-06 1.29478187847348 0.077 0.153 0.0068688239519511
PICK1 2.31517236652207e-06 2.50177577377952 0.084 0.118 0.0069455170995662
RAB11B-AS1 3.24167270038847e-06 1.59473063253383 0.056 0.109 0.0097250181011654
IDUA 5.41407453092618e-06 0.980762526156564 0.047 0.137 0.0162422235927786
AC104041.1 5.50308718908885e-06 0.825363193721996 0.062 0.128 0.0165092615672666
AC233992.3 6.09310450153104e-06 0.6292394433315 0.164 0.077 0.0182793135045931
CMPK2 8.46508335834833e-06 0.674189155378661 0.168 0.162 0.025395250075045
KLHL29 1.14463079810567e-05 0.949435723879841 0.085 0.113 0.03433892394317
AC009283.1 2.03977928609006e-05 0.974304509451976 0.123 0.06 0.0611933785827018
CRYM 2.18880927321487e-05 0.726217261504051 0.065 0.111 0.0656642781964462
PPM1F 2.47380588338099e-05 0.480207596825082 0.091 0.161 0.0742141765014297
ZNF684 2.71526595162544e-05 1.5502806467914 0.068 0.148 0.0814579785487633
WBP4 3.09335277429653e-05 0.260178953695567 0.1 0.146 0.0928005832288958
MAFK 3.44920354814649e-05 0.934963259190338 0.104 0.125 0.103476106444395
KCNIP4 5.69234019574525e-05 0.972775922893481 0.06 0.122 0.170770205872357
HCG23 5.80219445038605e-05 0.455865512059427 0.044 0.144 0.174065833511582
AP001458.2 6.92031317103025e-05 0.639216392908029 0.097 0.148 0.207609395130908
ITGA9-AS1 0.000113670347677776 0.292648708971452 0.072 0.148 0.341011043033329
SNTG2 0.000423682024140894 1.24643197621453 0.07 0.1 1
EEA1 0.000447407713250184 1.0623003284281 0.094 0.223 1
ZFPM2 0.000565608442631365 0.957677797963029 0.055 0.109 1
AL359955.1 0.000900382020240635 0.999781676788059 0.026 0.162 1
KLHL13 0.00103871917452938 0.740351128206314 0.086 0.133 1
AC073987.1 0.00107795217234723 0.58250202790736 0.116 0.039 1
ZNRF2 0.00114104599004362 0.910852559472879 0.051 0.103 1
LINC01830 0.00125359647259909 1.89906907745061 0.123 0.067 1
TCAF1P1 0.00171046518026225 0.424027862435148 0.023 0.103 1
MMP16 0.00214070029406027 0.418367286228228 0.112 0.149 1
VSNL1 0.00219660483790346 0.273973945121321 0.086 0.119 1
CD101 0.00234387136669309 1.63726237278528 0.046 0.1 1
FRMD3 0.00322061512603131 2.3773802931362 0.123 0.129 1
DENND4A 0.00328406657483912 1.47665204546777 0.114 0.16 1
CCDC186 0.00440315973868085 1.89221441225641 0.132 0.18 1
CPEB1 0.00540544516486696 2.84503592555192 0.166 0.116 1
CXCL13 0.00546277154003576 1.00009971175081 0.163 0.087 1
AC092100.1 0.00591266663311229 0.905560274157892 0.043 0.119 1
DPY19L2P1 0.00627871757771294 0.366008268119636 0.118 0.146 1
AC007040.2 0.00749035112697264 0.875427184147535 0.174 0.097 1
RASAL2-AS1 0.00891966939029072 0.477439804669153 0.193 0.137 1
ZNF354A 0.0140315968934301 0.776586242308723 0.153 0.202 1
CACNA1A 0.0170703307729125 0.979554696378631 0.111 0.114 1
CBR3-AS1 0.0174696868564327 1.45971496190194 0.057 0.107 1
DGKH 0.0255363397437076 1.03618419019332 0.038 0.111 1
AC109466.1 0.0328078492027222 0.873870683881851 0.123 0.073 1
TIMM23B 0.0332774163896291 0.420018498943326 0.064 0.156 1
MAN1C1 0.0333398392570638 0.51045571418468 0.03 0.114 1
AC010729.1 0.0423974404265938 0.364288713151652 0.063 0.122 1
UPP2 0.0490186366319673 0.548171983754361 0.14 0.175 1
MAZ 0.049744482126316 0.759406977937498 0.068 0.113 1
AC124319.2 0.0562064833765957 0.406778403447637 0.055 0.149 1
PRKG2 0.058181953945458 1.54172239152732 0.06 0.114 1
SORCS2 0.0619221058451133 0.450021312044878 0.037 0.118 1
SNX24 0.0634759187552527 1.80531738051967 0.078 0.14 1
AC113383.1 0.0725153553792784 0.311475196746402 0.153 0.109 1
LURAP1L 0.0782936988831248 1.08649742623958 0.075 0.125 1
AC092171.4 0.0896449549583257 0.450885820858019 0.06 0.121 1
AKAIN1 0.0912514632865628 3.6218470657231 0.123 0.047 1
AL118516.1 0.0915153859884844 0.936073656963703 0.105 0.166 1
AP001107.9 0.113408548014047 0.562671196846802 0.026 0.105 1
LINC00574 0.130897065171072 0.433925229314818 0.098 0.108 1
AC138649.1 0.140006917043887 0.437952327252809 0.09 0.126 1
ZNF525 0.151002526269953 0.369228301019007 0.1 0.148 1
AL358472.4 0.159685027691376 0.356545915516087 0.072 0.103 1
AP000317.2 0.211531417970234 0.562733216126517 0.314 0.322 1
ADAMTS13 0.254736440254083 0.646971057283199 0.029 0.148 1
DIRC3 0.280946007272824 0.830327304581971 0.057 0.162 1
STAG3L4 0.285363649613493 0.560442473192763 0.084 0.145 1
SH3D19 0.301343910098291 1.12067938622414 0.075 0.134 1
KCNN2 0.388674021421349 1.07108131521882 0.103 0.116 1
LIMA1 0.458031182022807 0.359660878958192 0.068 0.223 1
TLE4 0.475991563570584 4.14451905811648 0.176 0.135 1
AC008014.1 0.549757585847753 0.766076599637653 0.1 0.141 1
NMB 0.591247348340633 1.08114600371404 0.008 0.125 1
TWISTNB 0.608798255862466 1.19020321724157 0.104 0.177 1
HTATIP2 0.653744159293469 1.59825809636649 0.011 0.119 1
MEF2C-AS2 0.711902167114555 1.0110001504627 0.068 0.155 1
FALEC 0.722720087005527 0.305994080044723 0.05 0.149 1
ZFHX4 0.752447344333644 0.541326028260417 0.131 0.213 1
AC090229.1 0.760650722261854 2.18289765638504 0.25 0.258 1
SERPINE2 0.79808134335796 2.04042050036335 0.181 0.147 1
PLAC8L1 0.821995411442979 0.472226722658478 0.119 0.082 1
VCAN 0.878847372191501 0.76727381975793 0.397 0.384 1
ZNF20 0.952290994685958 0.614186699509821 0.082 0.105 1
