"p_val" "avg_log2FC" "pct.1" "pct.2" "p_val_adj"
"PTTG1" 4.53046530594322e-235 8.24375928382701 0.99 0.104 1.35913959178297e-231
"HMGB2" 4.53799487848097e-235 7.3673500430983 0.995 0.162 1.36139846354429e-231
"CENPF" 9.74277635105195e-234 9.5494928982611 0.977 0.111 2.92283290531559e-230
"MKI67" 2.1660728737995e-217 8.09876140649316 0.962 0.074 6.49821862139849e-214
"NUSAP1" 3.06968143851294e-214 7.11428884579296 0.965 0.107 9.20904431553883e-211
"TOP2A" 9.40683837350857e-208 7.45505119826951 0.944 0.09 2.82205151205257e-204
"TPX2" 1.86067729713851e-196 10.0314829322852 0.934 0.063 5.58203189141553e-193
"TUBA1B" 6.72969347342068e-195 4.03897098013863 0.97 0.264 2.0189080420262e-191
"H2AFZ" 2.53981442711035e-194 5.8267616237904 0.972 0.31 7.61944328133105e-191
"CKAP2" 1.62096892170833e-189 11.361365059243 0.937 0.195 4.862906765125e-186
"CKS2" 1.11363358975244e-185 9.88740383910632 0.924 0.138 3.34090076925731e-182
"CCNB1" 9.51894465251501e-181 13.3497002017294 0.896 0.051 2.8556833957545e-177
"HMGB1" 4.04128871308509e-178 5.89411619392991 0.947 0.328 1.21238661392553e-174
"UBE2C" 1.40411607690486e-176 9.4302230490371 0.889 0.059 4.21234823071459e-173
"UBE2S" 4.3930502979454e-176 8.38516587186845 0.922 0.277 1.31791508938362e-172
"ASPM" 4.46510591549895e-176 9.52489788525781 0.904 0.051 1.33953177464969e-172
"SMC4" 1.93674582930733e-173 6.42776360061769 0.916 0.145 5.81023748792198e-170
"KPNA2" 8.38555710182964e-172 13.7084706640261 0.911 0.256 2.51566713054889e-168
"CDC20" 9.13017610873326e-165 13.679865214569 0.884 0.03 2.73905283261998e-161
"H2AFV" 1.98091950542888e-161 3.41935765389592 0.937 0.359 5.94275851628665e-158
"HNRNPA2B1" 4.95723925421397e-153 3.51022066880419 0.939 0.398 1.48717177626419e-149
"BIRC5" 5.74528249456259e-148 6.92222685705919 0.873 0.061 1.72358474836878e-144
"TUBB4B" 1.40454892458121e-146 11.9260251845599 0.881 0.197 4.21364677374363e-143
"ECT2" 8.11706026915734e-144 9.49265853231336 0.841 0.056 2.4351180807472e-140
"CDCA8" 3.54539557399727e-142 8.15417827292418 0.83 0.031 1.06361867219918e-138
"PLK1" 2.89485343368307e-141 12.3592100000629 0.83 0.027 8.6845603010492e-138
"TMPO" 9.70888994734891e-137 4.70272700973276 0.884 0.335 2.91266698420467e-133
"HMGB3" 1.16751689825526e-136 3.04327338150232 0.873 0.317 3.50255069476578e-133
"PBK" 3.92861706776959e-131 5.76995128715451 0.835 0.06 1.17858512033088e-127
"DLGAP5" 7.49054368542992e-124 7.68553011876359 0.813 0.028 2.24716310562898e-120
"CENPE" 9.72044322540727e-121 11.0764266389817 0.803 0.03 2.91613296762218e-117
"KIF11" 3.7846854924991e-120 8.21601051970231 0.82 0.058 1.13540564774973e-116
"KNL1" 7.45557241562293e-120 7.04766681984525 0.823 0.053 2.23667172468688e-116
"ANP32E" 2.15416893923673e-119 2.3853561954975 0.846 0.235 6.46250681771018e-116
"NUF2" 4.60929079946882e-114 8.1382415469939 0.805 0.051 1.38278723984065e-110
"CKS1B" 1.96316616295545e-112 9.42028910535949 0.79 0.108 5.88949848886634e-109
"LMNB1" 4.13878488348364e-111 4.04694635451064 0.853 0.27 1.24163546504509e-107
"KIF2C" 4.64765906089937e-110 11.6935865378665 0.795 0.038 1.39429771826981e-106
"CDK1" 4.33725928517248e-108 7.89896399885146 0.787 0.072 1.30117778555174e-104
"MAD2L1" 2.23657984436561e-107 7.38841364757764 0.82 0.088 6.70973953309684e-104
"CDKN3" 1.97045288955036e-106 8.31127201387658 0.777 0.048 5.91135866865109e-103
"CDCA3" 8.20830235688587e-104 8.14623011414748 0.775 0.037 2.46249070706576e-100
"SGO2" 1.88027901461913e-103 6.8299562105968 0.77 0.051 5.6408370438574e-100
"H2AFX" 2.59078052640161e-103 7.45956635919231 0.78 0.091 7.77234157920482e-100
"AC090229.1" 4.01191469210223e-102 0.85985455776372 0.025 0.266 1.20357440763067e-98
"CCNA2" 5.06658863881851e-101 7.51957394025318 0.762 0.046 1.51997659164555e-97
"BUB1" 3.23422309098339e-100 10.2175122963804 0.78 0.039 9.70266927295017e-97
"PIMREG" 3.64041296184515e-99 7.20138450013376 0.785 0.044 1.09212388855354e-95
"SGO1" 7.32343915765406e-87 6.82984280381 0.742 0.048 2.19703174729622e-83
"GNG5" 4.0927010970376e-85 2.17496603575079 0.792 0.326 1.22781032911128e-81
"GTSE1" 1.90129101703602e-82 7.19122457900138 0.742 0.041 5.70387305110805e-79
"AC087564.1" 9.23351092326982e-81 1.55987135491306 0.061 0.119 2.77005327698095e-77
"HMGN2" 1.47097321759759e-78 1.18436729896861 0.787 0.314 4.41291965279278e-75
"AC092958.1" 4.57020716691602e-78 1.91585961474339 0.084 0.159 1.37106215007481e-74
"LINC01715" 2.75112915262128e-76 0.543785813659053 0.046 0.132 8.25338745786383e-73
"AC009812.1" 3.49443791236612e-76 0.456245646641978 0.033 0.112 1.04833137370984e-72
"MIS18BP1" 3.86126131573796e-76 5.31970275341788 0.729 0.068 1.15837839472139e-72
"LINC00624" 1.27543468369005e-75 1.17989337700725 0.038 0.126 3.82630405107016e-72
"RACGAP1" 1.94841890368202e-75 6.07484116712635 0.727 0.069 5.84525671104607e-72
"KNSTRN" 5.63157673244614e-75 9.7686559216587 0.724 0.089 1.68947301973384e-71
"AL442128.2" 2.53470934942224e-73 1.09835544507997 0.053 0.114 7.60412804826672e-70
"KIFC1" 3.29485276462321e-73 7.53525284770376 0.699 0.043 9.88455829386963e-70
"CEP83-AS1" 5.18721699473477e-73 0.776919780484828 0.071 0.145 1.55616509842043e-69
"CENPA" 6.70823907328852e-73 10.7043131726249 0.701 0.038 2.01247172198656e-69
"KIF23" 3.81656097495742e-72 8.0711657618456 0.678 0.033 1.14496829248723e-68
"AC011921.1" 1.5933846199707e-68 3.80113177134569 0.111 0.06 4.78015385991208e-65
"PSRC1" 7.65301489461843e-68 5.77374187424221 0.676 0.084 2.29590446838553e-64
"HMGN3" 2.30114879927559e-67 2.98698704868129 0.734 0.361 6.90344639782677e-64
"AURKA" 3.16862906513926e-67 8.07158979205953 0.696 0.041 9.50588719541779e-64
"AC021752.1" 4.19457341051645e-66 0.454928577369781 0.061 0.104 1.25837202315493e-62
"AP000708.1" 1.44636130672248e-65 0.380724592824745 0.028 0.127 4.33908392016745e-62
"KIF4A" 2.70769627487109e-65 7.87480958532764 0.701 0.033 8.12308882461328e-62
"SMC2" 4.40269360143449e-65 4.98879476395017 0.709 0.131 1.32080808043035e-61
"UBE2T" 1.09214439610763e-64 4.22550597998092 0.704 0.128 3.27643318832289e-61
"ELOVL2-AS1" 2.32460740719549e-64 0.957938122065149 0.071 0.122 6.97382222158648e-61
"KIF22" 4.31767764880457e-63 7.26861086369733 0.696 0.101 1.29530329464137e-59
"METTL7B" 1.13296839012141e-62 0.820031379705856 0.089 0.123 3.39890517036424e-59
"HCG23" 1.37917582572623e-62 0.53035066953168 0.01 0.13 4.13752747717869e-59
"EZH2" 4.91659281706709e-61 0.303004981033787 0.742 0.287 1.47497784512013e-57
"AC091167.6" 6.82614245388939e-61 0.440517081135862 0.03 0.106 2.04784273616682e-57
"C1orf162" 1.67150528885822e-59 0.291376413664846 0.013 0.123 5.01451586657466e-56
"LINC01623" 1.70218829000912e-58 2.57603390177481 0.114 0.037 5.10656487002735e-55
"AL158211.5" 1.19520563019155e-57 1.32652961284483 0.116 0.034 3.58561689057464e-54
"AC119674.2" 3.36711010760693e-57 1.73391006556468 0.101 0.05 1.01013303228208e-53
"KIF15" 2.16624976327316e-54 3.90855785278741 0.668 0.061 6.49874928981949e-51
"NALCN-AS1" 4.31593531656576e-54 1.33718253587612 0.109 0.04 1.29478059496973e-50
"RUNX2" 8.82586632370791e-53 1.31220189088255 0.109 0.036 2.64775989711237e-49
"RPS20P14" 9.04717012305533e-53 1.66405902891154 0.119 0.063 2.7141510369166e-49
"LINC01424" 9.50782563658975e-53 0.997190848785845 0.109 0.115 2.85234769097693e-49
"B4GALT1-AS1" 4.23811296201313e-52 0.775221961691374 0.096 0.182 1.27143388860394e-48
"H1FX" 6.5784525592975e-52 1.08552173016901 0.737 0.4 1.97353576778925e-48
"AL606807.1" 1.9569963194821e-51 2.18448584544234 0.101 0.043 5.87098895844631e-48
"AL157871.4" 6.31118460428293e-51 2.80313651650594 0.101 0.03 1.89335538128488e-47
"CCDC168" 6.77761646449005e-51 1.43197615760589 0.137 0.059 2.03328493934702e-47
"ABCA12" 2.01830455157232e-49 0.804392232093299 0.02 0.108 6.05491365471696e-46
"ATP1A2" 1.62053958611291e-48 1.12481336730045 0.099 0.117 4.86161875833872e-45
"AL022341.1" 1.66128834190846e-48 1.38319120161916 0.116 0.031 4.98386502572537e-45
"VIM" 5.85137640166171e-48 2.84195838016499 0.615 0.239 1.75541292049851e-44
"ASCL1" 3.45573488730526e-47 2.52881174206758 0.694 0.243 1.03672046619158e-43
"CKAP2L" 1.86414513368866e-46 8.42758998653344 0.663 0.048 5.59243540106597e-43
"AC022217.3" 5.41897485513566e-45 0.513539977776936 0.101 0.109 1.6256924565407e-41
"TTK" 8.10795712214648e-45 8.63470435487591 0.62 0.04 2.43238713664394e-41
"AC109460.2" 1.16491357871486e-44 0.602627388763176 0.01 0.122 3.49474073614459e-41
"AC104109.2" 5.25922745681753e-44 0.667534141561699 0.119 0.099 1.57776823704526e-40
"AC073333.1" 5.66211301445889e-44 1.70507325558857 0.104 0.056 1.69863390433767e-40
"LINC01158" 1.11196113782832e-43 0.69722953199383 0.661 0.364 3.33588341348497e-40
"GPNMB" 1.28640729886665e-43 2.24809139047347 0.053 0.118 3.85922189659994e-40
"RASSF9" 3.6870739928576e-43 1.66045423179322 0.122 0.031 1.10612219785728e-39
"HIST2H2BD" 5.53968061405605e-43 0.920982698979074 0.139 0.071 1.66190418421681e-39
"RPL35P2" 1.0450269475674e-42 1.25061907502495 0.058 0.104 3.13508084270221e-39
"NDC80" 2.61519149790805e-42 7.31637247427641 0.628 0.046 7.84557449372414e-39
"AC099522.2" 2.43856812981594e-41 0.486499922421393 0.091 0.11 7.31570438944783e-38
"AC018413.1" 5.68053095552973e-41 0.659355488976798 0.078 0.101 1.70415928665892e-37
"GAS2L3" 6.31905373944844e-41 4.33828018919178 0.63 0.134 1.89571612183453e-37
"TPTE2" 7.71213379342445e-41 2.90006745306091 0.111 0.088 2.31364013802734e-37
"UXT-AS1" 1.19256018580977e-40 1.27204243053977 0.132 0.044 3.57768055742931e-37
"AC073987.1" 1.43417925853e-40 2.39442398691566 0.159 0.049 4.30253777558999e-37
"NCAPG" 1.81694680296807e-40 4.44977575989582 0.653 0.062 5.4508404089042e-37
"AL583722.2" 5.6010555470115e-40 3.21507344396498 0.124 0.023 1.68031666410345e-36
"SRP54-AS1" 7.84486389435091e-40 1.13138404884667 0.076 0.146 2.35345916830527e-36
"JPT1" 2.11907357810125e-39 1.32006162044129 0.704 0.425 6.35722073430374e-36
"NEK2" 3.89166021999116e-39 13.4558470770412 0.615 0.017 1.16749806599735e-35
"LGALS1" 1.28480857107255e-38 3.80631728749815 0.638 0.155 3.85442571321766e-35
"AC125611.4" 1.49188174074888e-38 3.28265172539311 0.132 0.025 4.47564522224665e-35
"BAMBI" 3.50417663634127e-38 1.80572849733035 0.124 0.126 1.05125299090238e-34
"AC004805.1" 5.7108346184704e-38 2.79644124934267 0.109 0.053 1.71325038554112e-34
"RXFP1" 2.45754667141565e-37 1.07457301993437 0.025 0.139 7.37264001424695e-34
"LEMD1" 6.36478834448346e-37 3.19753300088981 0.053 0.129 1.90943650334504e-33
"AC123768.3" 9.96562312059885e-37 0.838890518445199 0.116 0.071 2.98968693617965e-33
"MT-TE" 1.77173396520299e-36 1.69649694141916 0.686 0.389 5.31520189560896e-33
"CATSPERE" 2.19273030422561e-36 0.982002746394363 0.068 0.11 6.57819091267682e-33
"CTSK" 3.14377681482653e-36 1.52237471664314 0.154 0.068 9.43133044447958e-33
"AC005520.5" 3.18536506086008e-36 1.65724125525467 0.182 0.101 9.55609518258023e-33
"MSR1" 7.22028122159258e-36 1.96746384094159 0.17 0.049 2.16608436647778e-32
"AC007570.1" 9.17183869669308e-36 1.65042012013528 0.165 0.04 2.75155160900792e-32
"TTC36" 1.41562983144815e-35 0.60112883916724 0.111 0.124 4.24688949434444e-32
"KBTBD11-OT1" 1.61470569908124e-35 1.5789646239218 0.152 0.045 4.84411709724373e-32
"AC015912.3" 1.68015247166495e-34 2.19045590415038 0.185 0.11 5.04045741499484e-31
"OLIG2" 4.20841400062984e-34 0.461911405754124 0.134 0.085 1.26252420018895e-30
"PTAFR" 5.43674492806434e-34 1.0150971258599 0.109 0.078 1.6310234784193e-30
"AL160313.1" 5.93089294932237e-34 0.544185542785883 0.061 0.117 1.77926788479671e-30
"CENPW" 5.95481261132911e-34 5.02753886873723 0.595 0.074 1.78644378339873e-30
"KIF18A" 1.93410616014572e-32 7.74502244225722 0.6 0.029 5.80231848043716e-29
"KIF14" 2.43938956633429e-32 9.62584323722959 0.587 0.031 7.31816869900287e-29
"DCST1-AS1" 2.94717119887334e-32 1.40288611730184 0.17 0.026 8.84151359662002e-29
"LINC01619" 3.6352581412244e-32 0.631317237558147 0.033 0.133 1.09057744236732e-28
"SPC25" 3.12083301672921e-31 3.49029631075112 0.63 0.059 9.36249905018764e-28
"AL139260.1" 4.84939036412205e-31 1.53408700723003 0.066 0.134 1.45481710923661e-27
"SPDL1" 1.21146225935116e-30 3.99681650505546 0.615 0.156 3.63438677805348e-27
"DLX6" 5.37920891453309e-30 2.27188442338166 0.208 0.121 1.61376267435993e-26
"AL356488.3" 5.70865402091659e-30 1.15346259507111 0.192 0.061 1.71259620627498e-26
"AC007402.1" 1.39785377675315e-29 1.13372720723424 0.17 0.127 4.19356133025944e-26
"AC092171.4" 1.52706777305208e-29 0.445908541521428 0.035 0.112 4.58120331915623e-26
"TROAP" 2.21100679031822e-29 8.03206621580675 0.592 0.026 6.63302037095466e-26
"AP001269.4" 3.13557954258756e-29 0.54465962530047 0.119 0.088 9.40673862776267e-26
"FBXO48" 4.16699040957324e-29 1.7922770737504 0.086 0.117 1.25009712287197e-25
"AC008264.2" 5.07855391497734e-29 1.69182976504924 0.119 0.037 1.5235661744932e-25
"LINC00271" 5.4495669274657e-29 1.27600572198468 0.137 0.101 1.63487007823971e-25
"AC087741.3" 1.08850913946655e-28 1.34613830717012 0.127 0.035 3.26552741839965e-25
"PARM1" 1.72232971071645e-28 0.439447523930035 0.17 0.126 5.16698913214936e-25
"BEST3" 1.75180080721529e-28 1.69783094791373 0.197 0.069 5.25540242164586e-25
"GDF15" 3.06887659066718e-28 0.529720915866264 0.101 0.138 9.20662977200153e-25
"BNC2" 1.42838195297621e-27 1.3622445678706 0.192 0.112 4.28514585892862e-24
"TPRG1" 2.16563086534697e-27 0.859254573136651 0.17 0.068 6.49689259604091e-24
"C2" 2.93658157410888e-27 2.70949940148002 0.195 0.031 8.80974472232664e-24
"C15orf48" 3.82090460616899e-27 1.40348524164901 0.137 0.013 1.1462713818507e-23
"HIST1H3H" 8.10947096502432e-27 2.23619024055282 0.124 0.1 2.4328412895073e-23
"AC010186.3" 1.46858791692543e-26 2.45782493079642 0.203 0.052 4.40576375077628e-23
"AC093227.2" 1.84657065977619e-26 0.847462416383785 0.162 0.111 5.53971197932858e-23
"AC024361.2" 1.88583435821626e-26 0.773605339894292 0.02 0.111 5.65750307464878e-23
"FGF22" 1.15931585962149e-25 0.781769726785742 0.142 0.083 3.47794757886447e-22
"AL353708.1" 1.71797802755018e-25 1.29718546408398 0.172 0.033 5.15393408265053e-22
"AC104985.2" 1.96595263795537e-25 1.42210944783389 0.157 0.028 5.8978579138661e-22
"AC131934.1" 3.6910011770059e-25 0.974078724753522 0.2 0.054 1.10730035310177e-21
"GAS5-AS1" 8.01664523977327e-25 3.16170502095679 0.223 0.046 2.40499357193198e-21
"ACTA2" 8.84752025480277e-25 2.08230997814958 0.185 0.085 2.65425607644083e-21
"AL132780.1" 1.05405418596109e-24 0.782982467549934 0.175 0.061 3.16216255788328e-21
"NEUROD4" 1.12668849835044e-24 1.09198067265288 0.119 0.022 3.38006549505133e-21
"AL034405.1" 1.69213127232315e-24 1.52260546135467 0.18 0.038 5.07639381696945e-21
"AL121761.1" 1.82750452304454e-24 0.516978055201843 0.17 0.121 5.48251356913362e-21
"BUB1B" 2.03211313513404e-24 7.96007484016174 0.585 0.041 6.09633940540213e-21
"AC106799.2" 4.0114550710798e-24 2.98963366343597 0.053 0.123 1.20343652132394e-20
"PENK" 4.95427879762599e-24 0.60192085845377 0.129 0.101 1.4862836392878e-20
"AC013472.2" 1.70136647264327e-23 0.934489107410887 0.2 0.055 5.10409941792981e-20
"CFAP61" 2.03958477547986e-23 0.866657335825144 0.061 0.106 6.11875432643959e-20
"CHKB-AS1" 3.11430636857013e-23 0.626407122903672 0.175 0.11 9.3429191057104e-20
"AC113349.2" 3.76935700013908e-23 0.408745011493902 0.099 0.133 1.13080710004173e-19
"SH2D6" 4.09825625723736e-23 1.33868659935742 0.203 0.115 1.22947687717121e-19
"AP001528.1" 4.18429559551069e-23 0.750912642319799 0.167 0.067 1.25528867865321e-19
"AL049629.1" 1.02477400962921e-22 1.1403363693098 0.225 0.022 3.07432202888763e-19
"AC117834.1" 1.05470357142914e-22 1.47227370217264 0.142 0.058 3.16411071428743e-19
"C9orf147" 1.31443776124109e-22 0.754739969099523 0.104 0.123 3.94331328372327e-19
"AC007405.2" 1.58076515261106e-22 2.17030740409769 0.167 0.031 4.74229545783318e-19
"FBXO5" 1.60759670562032e-22 4.68344484280655 0.572 0.085 4.82279011686096e-19
"ANKRD12" 1.7665157662546e-22 2.28360774594501 0.213 0.318 5.29954729876381e-19
"AL592295.4" 2.38737336592037e-22 1.19425847362784 0.22 0.043 7.1621200977611e-19
"GUCY1B2" 3.9670855745865e-22 0.757658015405491 0.205 0.048 1.19012567237595e-18
"AMBN" 4.68624956108106e-22 0.668220524600303 0.185 0.14 1.40587486832432e-18
"AC007663.3" 5.02529403090028e-22 1.78894077515773 0.205 0.014 1.50758820927008e-18
"LINC01470" 7.19222724509955e-22 0.971743102705144 0.205 0.055 2.15766817352987e-18
"AC018512.1" 7.97759047994637e-22 0.874799721622844 0.197 0.062 2.39327714398391e-18
"CDCA2" 8.01167393347161e-22 6.36910412088401 0.562 0.028 2.40350218004148e-18
"CAMKMT" 1.99717334691677e-21 0.826302579133491 0.106 0.133 5.9915200407503e-18
"AP002383.2" 3.36536967459555e-21 1.20217729070247 0.134 0.057 1.00961090237866e-17
"C8orf37-AS1" 4.0774857191718e-21 0.900177700923038 0.228 0.075 1.22324571575154e-17
"NFIA" 5.66561850751117e-21 0.253322506434463 0.597 0.391 1.69968555225335e-17
"AC104806.2" 6.09118355370883e-21 0.707452313706886 0.18 0.105 1.82735506611265e-17
"UNC5D" 8.11460300516202e-21 1.4839785523025 0.091 0.159 2.43438090154861e-17
"AC087633.2" 8.86559227834367e-21 3.08410946844582 0.225 0.066 2.6596776835031e-17
"TCAP" 9.56162856441094e-21 0.598259269373468 0.116 0.058 2.86848856932328e-17
"LINC01012" 1.1111893141181e-20 1.24036060465205 0.205 0.128 3.3335679423543e-17
"AC008691.1" 1.57222933100008e-20 1.41743972231219 0.235 0.089 4.71668799300025e-17
"DLEU2" 1.91157430617341e-20 4.25717650888756 0.6 0.17 5.73472291852022e-17
"CYB5D1" 3.3720652739774e-20 1.32694254842044 0.147 0.061 1.01161958219322e-16
"LINC01818" 4.2865971293144e-20 2.84111130615636 0.208 0.092 1.28597913879432e-16
"RARB" 4.47833001696045e-20 0.906471332838386 0.172 0.087 1.34349900508814e-16
"AC078778.2" 5.23048159187977e-20 1.93512473489235 0.187 0.056 1.56914447756393e-16
"AC110285.6" 7.75637687250894e-20 0.815364091184472 0.073 0.101 2.32691306175268e-16
"P2RX7" 9.88561251126895e-20 1.93398988633832 0.19 0.063 2.96568375338069e-16
"AC092142.1" 1.1955611262601e-19 0.446994555674333 0.187 0.069 3.58668337878029e-16
"AL139412.1" 1.80312926823657e-19 0.978404459123857 0.235 0.141 5.4093878047097e-16
"AC008840.1" 1.85933173876945e-19 1.6472648972985 0.197 0.08 5.57799521630835e-16
"SFTPD" 3.04501568720171e-19 3.77168706377998 0.235 0.031 9.13504706160512e-16
"LINC00159" 3.46266444146645e-19 1.00759540720984 0.228 0.047 1.03879933243993e-15
"AL589826.2" 4.16482175062568e-19 2.55793519904887 0.22 0.039 1.2494465251877e-15
"AC097634.3" 4.36504699594204e-19 1.28288025971027 0.111 0.047 1.30951409878261e-15
"AP001160.1" 6.14862728992602e-19 2.16864900187303 0.106 0.117 1.84458818697781e-15
"AL158834.2" 6.52999095927685e-19 1.25357019770906 0.127 0.1 1.95899728778305e-15
"EGFR" 1.15546233947909e-18 1.67001610234279 0.494 0.12 3.46638701843726e-15
"FAM156A" 1.24106297423507e-18 0.704936355884991 0.094 0.108 3.72318892270522e-15
"AC002454.1" 1.51419221293983e-18 3.20965368333182 0.22 0.049 4.5425766388195e-15
"CEL" 1.55724262750515e-18 0.501811435398242 0.228 0.121 4.67172788251545e-15
"ZBTB20-AS5" 1.74761094717232e-18 0.442134873975768 0.235 0.127 5.24283284151695e-15
"AL732292.2" 2.30055473926433e-18 2.11995350534138 0.147 0.053 6.901664217793e-15
"STX16-NPEPL1" 4.95065029801553e-18 1.9942445062576 0.225 0.092 1.48519508940466e-14
"TUBB" 7.08133597019954e-18 0.833827178596853 0.643 0.449 2.12440079105986e-14
"DLX5" 9.16014495929037e-18 1.67385577883444 0.284 0.251 2.74804348778711e-14
"NDUFB2-AS1" 1.27583835449057e-17 1.34276088927209 0.218 0.069 3.82751506347172e-14
"AL121821.1" 1.2826664276868e-17 2.08688939352685 0.213 0.04 3.84799928306041e-14
"XACT" 1.72575885485119e-17 1.36825914771398 0.238 0.084 5.17727656455356e-14
"KLF10" 1.98170583531836e-17 0.999301912779744 0.071 0.174 5.94511750595508e-14
"AC006480.2" 4.18867607411113e-17 1.87859321133807 0.058 0.126 1.25660282223334e-13
"AC113414.1" 8.61465393861702e-17 0.312602363124357 0.223 0.102 2.58439618158511e-13
"AOX1" 1.29840810575334e-16 3.53350388510501 0.223 0.035 3.89522431726003e-13
"AC012409.2" 1.39431721854126e-16 0.732958961242201 0.119 0.068 4.18295165562377e-13
"OXTR" 2.35002290417279e-16 0.963425579845858 0.159 0.05 7.05006871251837e-13
"GPC3" 2.60524425489129e-16 1.584576743893 0.22 0.078 7.81573276467386e-13
"BX284668.6" 2.62248680083541e-16 3.40910992901706 0.116 0.073 7.86746040250624e-13
"AC012313.5" 2.84395662106858e-16 0.957554450138963 0.165 0.053 8.53186986320574e-13
"RASD1" 4.12164714200571e-16 1.15408556446888 0.17 0.135 1.23649414260171e-12
"AC103724.4" 5.31870098902526e-16 0.473641849386528 0.053 0.116 1.59561029670758e-12
"CCDC7" 1.60227280963593e-15 1.52722164438612 0.071 0.14 4.80681842890779e-12
"MT-CO3" 2.40607045851197e-15 0.462134560642663 0.62 0.432 7.21821137553592e-12
"B4GALT4-AS1" 2.59963608663247e-15 1.50221534320066 0.225 0.058 7.7989082598974e-12
"AC137723.1" 3.06134269169687e-15 1.75914661276591 0.248 0.046 9.1840280750906e-12
"ENPP2" 4.93905788612716e-15 1.1542028547362 0.076 0.113 1.48171736583815e-11
"VGLL3" 6.25156259604503e-15 0.766724381202021 0.119 0.087 1.87546877881351e-11
"CASC15" 1.24735735845492e-14 1.30865342841079 0.159 0.153 3.74207207536477e-11
"AC022075.1" 1.37109131699994e-14 1.36733657492132 0.253 0.041 4.11327395099982e-11
"NR2F2-AS1" 1.47092120405707e-14 1.34148751565732 0.096 0.124 4.4127636121712e-11
"BSN-AS2" 1.62540364619221e-14 1.74135090258021 0.116 0.099 4.87621093857663e-11
"AC010531.6" 2.58633175797442e-14 1.66475771730333 0.175 0.063 7.75899527392327e-11
"LINC01144" 2.58836623705019e-14 0.898439601039883 0.129 0.08 7.76509871115057e-11
"AC108062.1" 2.75458567436944e-14 0.57700269171219 0.162 0.091 8.26375702310833e-11
"FLT3" 3.97870067759825e-14 0.864259423781187 0.238 0.061 1.19361020327948e-10
"DM1-AS" 4.94510451588264e-14 0.655264689481427 0.268 0.067 1.48353135476479e-10
"ZNF525" 6.69863269671704e-14 1.501767608535 0.086 0.141 2.00958980901511e-10
"NEUROG1" 9.6378647850208e-14 0.508981587466176 0.223 0.028 2.89135943550624e-10
"NEUROG2" 1.48901774943699e-13 0.588550358965312 0.137 0.111 4.46705324831097e-10
"TMEM202-AS1" 1.53061849668818e-13 1.3760724255329 0.18 0.035 4.59185549006454e-10
"MYH14" 1.71612457497103e-13 0.821342334015975 0.251 0.085 5.14837372491309e-10
"KCNG1" 1.77077421482616e-13 1.86629778657746 0.175 0.125 5.31232264447847e-10
"AC109322.1" 3.4290878333733e-13 0.88488701758296 0.159 0.089 1.02872635001199e-09
"TMC5" 3.99592934435062e-13 1.90706698630761 0.238 0.049 1.19877880330519e-09
"HCG18" 7.10394262138405e-13 1.90401617827073 0.218 0.066 2.13118278641522e-09
"HIST1H4C" 1.93784885722996e-12 2.49674775775375 0.491 0.252 5.81354657168989e-09
"WNT2B" 1.96242756754229e-12 0.7045614889162 0.192 0.062 5.88728270262688e-09
"TFAP2A" 2.1962811144509e-12 1.6816335713699 0.177 0.034 6.5888433433527e-09
"AL031985.4" 2.55164749943879e-12 0.727053456312586 0.139 0.09 7.65494249831637e-09
"TWISTNB" 3.6965085826176e-12 0.349650068247096 0.19 0.162 1.10895257478528e-08
"PTMS" 6.60784100197789e-12 0.96782332519521 0.567 0.436 1.98235230059337e-08
"LINC02282" 7.73598655006899e-12 0.503159236100958 0.106 0.105 2.3207959650207e-08
"AC004852.2" 7.87129135044601e-12 1.16929918152574 0.162 0.12 2.3613874051338e-08
"AC007250.1" 1.01500482528897e-11 3.69278909379408 0.23 0.034 3.0450144758669e-08
"AC005329.1" 1.41511132866426e-11 0.98433009434361 0.203 0.086 4.24533398599279e-08
"AP002761.3" 1.61483707123618e-11 2.0588203372321 0.253 0.02 4.84451121370854e-08
"MT-CO2" 1.04903539715023e-10 0.368992492081485 0.628 0.449 3.14710619145069e-07
"AC069257.3" 1.10982681028455e-10 0.888630686775867 0.228 0.088 3.32948043085365e-07
"TMSB15A" 1.19915520522899e-10 0.98179251095923 0.539 0.401 3.59746561568698e-07
"LINC01505" 1.39737511956294e-10 1.33688359202443 0.22 0.111 4.19212535868883e-07
"PGBD5" 2.8855370390454e-10 0.612793416262731 0.122 0.15 8.65661111713619e-07
"SPAG6" 3.70469040045611e-10 0.726076339309012 0.111 0.143 1.11140712013683e-06
"OLIG1" 4.82937725798448e-10 0.800112025149401 0.268 0.146 1.44881317739534e-06
"GAS1RR" 6.22200848941806e-10 0.840738913800262 0.258 0.07 1.86660254682542e-06
"IFI16" 6.61612693562795e-10 1.21313735958513 0.167 0.121 1.98483808068838e-06
"APLF" 9.07825273435417e-10 0.888004330311155 0.233 0.073 2.72347582030625e-06
"MT-TP" 1.18321222639081e-09 1.07156518692769 0.522 0.333 3.54963667917243e-06
"AC245748.1" 1.72443546746326e-09 1.19426341195437 0.235 0.088 5.17330640238979e-06
"GAS1" 1.96989840939948e-09 1.24895938886043 0.458 0.111 5.90969522819845e-06
"KCNA3" 2.58440924057054e-09 0.314488611251063 0.22 0.098 7.75322772171161e-06
"RPLP1" 3.24004056513923e-09 0.698158765308312 0.575 0.438 9.72012169541768e-06
"TAGLN2" 5.97365108059994e-09 3.13917175000894 0.466 0.117 1.79209532417998e-05
"NRXN3" 8.2285641314006e-09 2.72739047332673 0.248 0.155 2.46856923942018e-05
"AC007490.1" 9.24870678693527e-09 1.00864466835564 0.258 0.051 2.77461203608058e-05
"MT-CO1" 1.08033553027968e-08 0.273001737701233 0.597 0.452 3.24100659083903e-05
"AC084036.1" 1.78518259796489e-08 2.31221675246866 0.243 0.087 5.35554779389468e-05
"LINC01798" 2.35497280374983e-08 1.86267425121094 0.17 0.07 7.06491841124948e-05
"EGR1" 2.45921735796239e-08 0.373711501119992 0.271 0.148 7.37765207388717e-05
"HGF" 2.76269005193683e-08 1.18186404699015 0.246 0.056 8.2880701558105e-05
"LINC01197" 3.58729053289898e-08 1.20338559224708 0.134 0.079 0.000107618715986969
"AL360270.1" 4.1668182870475e-08 1.46302045372239 0.215 0.059 0.000125004548611425
"NPAS3" 5.11947714460085e-08 3.61342430101676 0.233 0.118 0.000153584314338026
"AC022101.1" 7.69873557309586e-08 2.01345287028684 0.304 0.262 0.000230962067192876
"PROSER2" 7.79529211957391e-08 0.32538796922378 0.177 0.081 0.000233858763587217
"ADAMTS9" 8.26035724849799e-08 0.77361368226439 0.122 0.107 0.00024781071745494
"TMSB4X" 8.74488227790919e-08 0.463873422479035 0.473 0.336 0.000262346468337276
"GADD45G" 9.64586675825239e-08 3.42408252311914 0.471 0.332 0.000289376002747572
"EGFEM1P" 1.20020175577921e-07 0.459328008791791 0.208 0.126 0.000360060526733764
"ESCO2" 1.27508033972291e-07 2.00525558603602 0.476 0.061 0.000382524101916874
"RNU5E-1" 1.51367959826122e-07 0.539256587166438 0.203 0.176 0.000454103879478367
"Z94721.1" 2.01703394543052e-07 1.57936096094501 0.251 0.052 0.000605110183629155
"AC103736.1" 2.44701058654607e-07 1.36138045908957 0.152 0.128 0.000734103175963822
"FAP" 2.51936235510914e-07 1.94975077397569 0.248 0.073 0.000755808706532741
"AP000282.1" 3.6520514469062e-07 2.13557743329815 0.241 0.091 0.00109561543407186
"HIST1H1B" 3.99294344195994e-07 1.26177082015911 0.446 0.074 0.00119788303258798
"AP003086.2" 7.37320907041693e-07 1.7355187277316 0.139 0.127 0.00221196272112508
"FST" 8.1995749245649e-07 0.513336320961994 0.271 0.089 0.00245987247736947
"AC073342.1" 9.80959954027976e-07 0.532916026063305 0.19 0.131 0.00294287986208393
"TESC" 1.00616758395984e-06 1.82384422778706 0.276 0.094 0.00301850275187953
"AC107067.1" 1.02257302166673e-06 0.920880727403066 0.122 0.073 0.00306771906500018
"GPC6" 1.30383682636919e-06 0.354893358996438 0.395 0.127 0.00391151047910756
"AC092614.1" 1.38131903259656e-06 1.67812058447313 0.172 0.075 0.00414395709778969
"ARF4-AS1" 2.01866120319614e-06 2.2309192205907 0.182 0.09 0.00605598360958842
"AC093512.1" 2.0588482782636e-06 2.20880145142826 0.276 0.038 0.0061765448347908
"AC027644.1" 2.06711543751731e-06 2.00257611913082 0.185 0.084 0.00620134631255194
"SOX2-OT" 2.241735971554e-06 2.5003753594161 0.349 0.309 0.006725207914662
"RNU2-63P" 4.47560360885341e-06 0.924079761930617 0.233 0.063 0.0134268108265602
"ARL4A" 9.88285939006313e-06 1.65049355422826 0.392 0.109 0.0296485781701894
"NMU" 1.93973287551069e-05 6.98490413536685 0.458 0.034 0.0581919862653206
"AC068025.1" 1.98115235519303e-05 2.02697422713018 0.251 0.057 0.059434570655791
"PABPC5-AS1" 2.04586898229705e-05 2.36383245173942 0.316 0.1 0.0613760694689114
"H1F0" 2.58451783535289e-05 0.617896860201 0.17 0.269 0.0775355350605868
"LY6E-DT" 2.84308368727202e-05 1.12708404416366 0.195 0.026 0.0852925106181605
"HIST1H3B" 3.14584961664439e-05 3.72270643908308 0.435 0.034 0.0943754884993317
"SKA3" 3.81676985727936e-05 2.25173828747429 0.486 0.047 0.114503095718381
"RNF31" 5.40521311452616e-05 1.1972926550403 0.299 0.051 0.162156393435785
"TICAM1" 5.69377052255873e-05 0.763134383875297 0.238 0.066 0.170813115676762
"AC010210.1" 5.84147274115731e-05 0.76786050159115 0.122 0.126 0.175244182234719
"AC007066.2" 6.06225147256519e-05 1.46676004845775 0.18 0.14 0.181867544176956
"SEPT1" 6.38273427835642e-05 0.646668557912296 0.268 0.157 0.191482028350693
"RASAL2-AS1" 6.92042128874986e-05 0.897624004485271 0.278 0.143 0.207612638662496
"AC091826.2" 7.32682448377033e-05 2.49530020381656 0.228 0.13 0.21980473451311
"DGKH" 7.89322534993435e-05 1.35115571167772 0.215 0.092 0.236796760498031
"MSTN" 9.06768032168262e-05 2.46658652683327 0.233 0.062 0.272030409650478
"AL136454.1" 0.000108640144209317 1.03484596355811 0.309 0.094 0.325920432627952
"KCNJ2-AS1" 0.000119676367913121 1.34236962876597 0.233 0.085 0.359029103739362
"MT-CYB" 0.000144826651531166 0.250454885759282 0.554 0.461 0.434479954593499
"APOLD1" 0.00017175043634548 6.47504163736963 0.478 0.066 0.515251309036441
"HES5" 0.000181921123805722 0.587207402146316 0.22 0.108 0.545763371417166
"HOPX" 0.000234713242908462 0.372259458808083 0.2 0.165 0.704139728725387
"HES6" 0.000344498286564749 0.983680396566381 0.463 0.303 1
"NBAT1" 0.000377631982212272 0.500484317386139 0.213 0.137 1
"FO538757.1" 0.000417334204485201 0.325010791781878 0.185 0.114 1
"MALRD1" 0.000469605325777874 1.74791805628251 0.23 0.065 1
"HIST1H2BH" 0.000584549702766466 2.24817643014411 0.354 0.09 1
"TPI1P2" 0.000752606456262426 1.84978849148602 0.299 0.059 1
"FAM181B" 0.000878318114704761 2.36451301006445 0.276 0.151 1
"HIST2H2AC" 0.000944464293787392 0.926441186281671 0.261 0.108 1
"NPY" 0.00104300598719555 1.72951223304201 0.435 0.129 1
"INSM1" 0.00166542785660219 2.77012979653726 0.347 0.242 1
"FAM53A" 0.00225589140348402 1.08471516998725 0.284 0.099 1
"MCUB" 0.00229881799123311 2.14277170080379 0.473 0.233 1
"AC091153.3" 0.00315451063821961 2.84431333086299 0.289 0.066 1
"CA4" 0.00410033666611614 1.63887046988153 0.248 0.062 1
"TRHDE" 0.00431262765278954 0.651714938481977 0.03 0.104 1
"RAD51AP1" 0.00467008103506151 3.49650795501984 0.301 0.053 1
"AP001830.1" 0.00473132712596192 2.30000272584107 0.324 0.044 1
"AC005261.2" 0.00504357281053876 2.48262754458488 0.248 0.041 1
"AL117350.1" 0.00606301409097423 0.740870684906305 0.23 0.06 1
"SERPINF1" 0.00917294750769526 0.931502768484306 0.268 0.066 1
"ARHGEF37" 0.0122994623361703 0.382190186346966 0.162 0.11 1
"LINC00997" 0.0127474603073109 0.821365914654935 0.147 0.146 1
"AC023886.1" 0.0201579786870796 1.71358211295177 0.187 0.129 1
"MT-ND4L" 0.0203016732747243 0.465422706437482 0.408 0.425 1
"CNTRL" 0.0207725406348715 2.40369186547975 0.392 0.122 1
"SYTL2" 0.0226589738659842 0.910481031243583 0.225 0.13 1
"FGF13" 0.0254153803518946 2.4413632288957 0.187 0.175 1
"SSH3" 0.0285847031040942 1.4598317458546 0.18 0.095 1
"SLC7A11" 0.0300982711017872 0.760729003167762 0.152 0.139 1
"UFL1" 0.0321063182197717 0.985673076573328 0.322 0.213 1
"SCGB2B2" 0.032161962730553 1.59145876817493 0.296 0.153 1
"AC025219.1" 0.0325290948424304 0.371322573988079 0.339 0.097 1
"AC092745.2" 0.0403036031354371 0.899916212410581 0.268 0.039 1
"NAPA-AS1" 0.0465522268988858 1.02055736982771 0.289 0.115 1
"AL121658.1" 0.0511484763698522 1.28019358014437 0.268 0.068 1
"AC009961.1" 0.0520822889391206 1.34257393556774 0.182 0.135 1
"Z93241.1" 0.0538370845474423 1.8350451562229 0.347 0.099 1
"HIST1H1C" 0.0547062112954595 2.0227849115368 0.458 0.19 1
"ADAMTS2" 0.0590429353158153 1.01609296765394 0.243 0.081 1
"KCNJ2" 0.070492576268715 0.517851938029096 0.309 0.057 1
"TMEM132D" 0.0746734851010694 3.92647458753224 0.344 0.087 1
"WSCD2" 0.0747092737075767 0.541569484787836 0.152 0.074 1
"TEX14" 0.0874948626646936 1.77267345805642 0.256 0.174 1
"CRTAC1" 0.0902429995864697 0.58422552833647 0.22 0.094 1
"ZMYND10" 0.105030671474992 1.96791893019704 0.334 0.075 1
"TTC7B" 0.108046313153548 2.16624728771189 0.228 0.115 1
"AL161421.1" 0.115517864073083 1.07148132692718 0.337 0.088 1
"AC008758.1" 0.117866404867792 1.28262146394412 0.22 0.103 1
"MIR181A2HG" 0.151314794423287 0.980809414953537 0.235 0.101 1
"DHRS2" 0.156795246999502 2.04896681481572 0.276 0.082 1
"AC110619.1" 0.181561114593335 0.562113898070239 0.22 0.073 1
"HIST1H1E" 0.186553037973812 1.25310294035241 0.403 0.205 1
"GAD2" 0.192999608825809 1.69999028380311 0.425 0.23 1
"AP002989.1" 0.232616858588224 1.83842035745091 0.289 0.071 1
"NAALADL2" 0.248383095924346 1.94527879445682 0.385 0.145 1
"IL1RAPL1" 0.258044687511755 0.904170350017617 0.192 0.128 1
"AC005674.2" 0.344483769861903 2.11821446136322 0.243 0.038 1
"PEG10" 0.374598921944932 1.81663723347082 0.39 0.349 1
"CNTN4" 0.381940071133854 0.383624505472282 0.21 0.118 1
"ESRRG" 0.424993747185432 2.47548203434977 0.273 0.092 1
"LRRD1" 0.450908641497122 1.38900659114528 0.215 0.119 1
"AC010331.1" 0.476177549481818 1.40882175554408 0.306 0.075 1
"AL513320.1" 0.504066981082314 0.816662993727842 0.167 0.071 1
"RAPGEF5" 0.50445521770625 0.745982053384592 0.073 0.142 1
"AL031777.3" 0.536284948623374 0.707914314576147 0.286 0.164 1
"HIST1H1D" 0.545867729329511 2.24803983317684 0.38 0.112 1
"NMB" 0.637716716282917 2.17619515983641 0.375 0.093 1
"KCNK1" 0.660948716856682 0.636170438406104 0.243 0.096 1
"CELSR3-AS1" 0.679486684224037 2.81516136318447 0.286 0.045 1
"TRPC3" 0.70918472908452 0.968615914510149 0.311 0.055 1
"G0S2" 0.749882659169699 1.03967313199664 0.354 0.098 1
"CDKN2B" 0.818250078592407 0.75558061007728 0.149 0.098 1
"LOX" 0.976975665155839 3.44564212927644 0.344 0.065 1
