"p_val" "avg_log2FC" "pct.1" "pct.2" "p_val_adj"
"PLS3" 0 4.45104261510111 0.907 0.239 0
"ERBB4" 2.23004889151678e-300 5.22747675738274 0.84 0.135 6.69014667455034e-297
"DLX6-AS1" 4.514122773257e-290 1.90292032629905 0.972 0.238 1.3542368319771e-286
"SCGN" 5.06833841003057e-285 2.41018641796122 0.919 0.214 1.52050152300917e-281
"DLX1" 3.60196233792712e-235 1.94889777078769 0.83 0.243 1.08058870137813e-231
"TOX2" 3.95272042156871e-212 2.77542926065202 0.568 0.095 1.18581612647061e-208
"DCX" 7.66547724621468e-199 2.04008653396781 0.921 0.455 2.2996431738644e-195
"SOX2-OT" 4.12058429270223e-196 2.00854769598375 0.765 0.273 1.23617528781067e-192
"SSTR1" 1.39601636502325e-195 1.7413520015475 0.333 0.032 4.18804909506975e-192
"ST8SIA5" 5.49395915425596e-195 3.65521288829292 0.653 0.15 1.64818774627679e-191
"AL137005.1" 4.8895483385218e-191 1.67215150800948 0.3 0.028 1.46686450155654e-187
"AC005329.1" 3.69201403932047e-180 0.964131501062184 0.399 0.065 1.10760421179614e-176
"AL136454.1" 2.54300283395555e-178 1.11521193396452 0.398 0.078 7.62900850186666e-175
"AC087633.2" 4.81820319605389e-177 1.9681639220177 0.406 0.045 1.44546095881617e-173
"AOAH" 7.43950898059463e-177 1.45372372360853 0.456 0.085 2.23185269417839e-173
"ARPC3" 9.07990711779928e-176 1.12636978160891 0.259 0.023 2.72397213533978e-172
"CMPK2" 2.56158115791734e-174 0.586543804936513 0.574 0.13 7.68474347375201e-171
"NRIP3" 1.63156620503611e-173 5.32946767981195 0.64 0.071 4.89469861510834e-170
"AC009812.1" 1.44284734846628e-171 1.23550742597647 0.423 0.084 4.32854204539885e-168
"LINC01305" 1.19009675978504e-170 2.5055484179462 0.501 0.082 3.57029027935513e-167
"CLEC20A" 4.49655065943742e-169 1.89686224529261 0.32 0.058 1.34896519783123e-165
"AC008040.5" 1.86711259164898e-168 0.832701157725479 0.223 0.025 5.60133777494693e-165
"AC092378.1" 6.4717046634618e-168 0.390621625472235 0.392 0.045 1.94151139903854e-164
"AMBN" 9.24154967075353e-168 0.775236725101585 0.462 0.115 2.77246490122606e-164
"SLC32A1" 1.17485649632744e-165 2.03900533591106 0.577 0.103 3.52456948898233e-162
"THA1P" 6.49076538273861e-165 2.57095173626036 0.429 0.063 1.94722961482158e-161
"AL133367.1" 2.94101786869537e-164 1.20714321110189 0.363 0.063 8.82305360608611e-161
"AC090241.2" 6.06565096985173e-164 2.75869394842084 0.551 0.066 1.81969529095552e-160
"AL359955.1" 1.01064060821125e-163 1.9531818363637 0.517 0.105 3.03192182463376e-160
"AC104073.4" 1.23632215002776e-163 1.03088508920779 0.335 0.051 3.70896645008327e-160
"ELOVL2-AS1" 6.76739656035024e-163 0.996664282189238 0.439 0.094 2.03021896810507e-159
"LINC01505" 3.56467556540761e-162 1.17531017244266 0.456 0.087 1.06940266962228e-158
"AL133346.1" 5.77656957057743e-162 1.93881904910591 0.477 0.126 1.73297087117323e-158
"PDE1B" 2.15136028550421e-161 3.0747078397598 0.469 0.055 6.45408085651262e-158
"SFTPD" 1.13649348925518e-160 0.475544671704812 0.196 0.025 3.40948046776554e-157
"AC040162.1" 7.97820105671628e-160 1.39590062953616 0.355 0.036 2.39346031701488e-156
"CALB2" 7.2686975623618e-156 0.656300499757585 0.63 0.178 2.18060926870854e-152
"PDZRN3" 1.73151866387221e-153 3.29361168439602 0.663 0.2 5.19455599161662e-150
"ZNF804B" 1.17166267834776e-152 1.42480595930303 0.37 0.05 3.51498803504328e-149
"THSD7B" 1.28726831236547e-152 1.33606621026696 0.235 0.038 3.8618049370964e-149
"LINC00467" 1.51307118515488e-152 1.56750512252819 0.342 0.078 4.53921355546463e-149
"PSMD6-AS2" 2.02936453359565e-152 0.25091360828973 0.384 0.052 6.08809360078695e-149
"GOLGA6L10" 1.27370829550219e-150 0.284521422166227 0.342 0.073 3.82112488650658e-147
"NXPH1" 4.04557483343918e-150 0.333050768276241 0.322 0.099 1.21367245003176e-146
"AC025219.1" 4.47850802450605e-150 1.42284138671642 0.423 0.08 1.34355240735182e-146
"SPHKAP" 5.36971878941036e-150 2.92090440342658 0.453 0.094 1.61091563682311e-146
"HIST2H2BD" 2.90684987225235e-148 0.956669034099592 0.248 0.059 8.72054961675706e-145
"CAVIN1" 2.72680210205569e-147 0.52821825538957 0.384 0.054 8.18040630616707e-144
"AC007570.1" 3.08848408737096e-147 0.424256556435532 0.183 0.033 9.26545226211287e-144
"DLX5" 5.844170648337e-147 0.548884930546617 0.633 0.221 1.7532511945011e-143
"KCNQ1" 7.09987576819887e-146 1.50520823546889 0.446 0.083 2.12996273045966e-142
"SLAIN1" 1.55596131667951e-142 2.07047260665301 0.705 0.3 4.66788395003853e-139
"FBXL19-AS1" 3.65139011755869e-142 0.584113998576512 0.448 0.07 1.09541703526761e-138
"AL021707.1" 2.36556309599536e-140 1.19929276448408 0.432 0.066 7.09668928798609e-137
"PRKCA" 3.068630235758e-140 2.85156718211572 0.642 0.237 9.20589070727399e-137
"LEKR1" 5.01274632263501e-140 1.40386361664073 0.319 0.068 1.5038238967905e-136
"PLA2G5" 8.78147018174627e-140 0.374137578815002 0.189 0.049 2.63444105452388e-136
"KCNH5" 7.81939404341551e-139 0.796994864838124 0.448 0.093 2.34581821302465e-135
"MST1R" 9.53644822692507e-139 1.70450809477476 0.328 0.062 2.86093446807752e-135
"LAMB3" 1.81495293176922e-138 4.38125268966698 0.537 0.059 5.44485879530765e-135
"CAV3" 8.64330062044372e-138 1.15164852706969 0.173 0.013 2.59299018613312e-134
"PROX1-AS1" 4.87364411577154e-137 1.81401745071409 0.478 0.076 1.46209323473146e-133
"TSHR" 3.99678047404928e-136 2.28120464560054 0.273 0.045 1.19903414221478e-132
"AL162412.1" 3.0035974625372e-135 0.840704743169749 0.181 0.053 9.0107923876116e-132
"AL445228.2" 3.06837131838958e-135 1.80087283706886 0.35 0.061 9.20511395516873e-132
"WLS" 9.72988373559348e-135 2.39934375827097 0.544 0.126 2.91896512067804e-131
"ZEB2-AS1" 1.80919090405793e-134 2.2811007926489 0.464 0.115 5.4275727121738e-131
"TMC5" 2.59409279119544e-134 1.65447983950266 0.257 0.04 7.78227837358632e-131
"LRMDA" 1.8635354916567e-132 0.53232186489816 0.239 0.067 5.5906064749701e-129
"AC103876.1" 2.10955221799065e-132 1.90087079458817 0.486 0.122 6.32865665397194e-129
"AC017053.1" 2.60818495102981e-129 0.264524041485195 0.309 0.114 7.82455485308942e-126
"C15orf53" 2.74254429900233e-129 1.16274902328882 0.14 0.05 8.22763289700699e-126
"CCDC88A" 6.51191093759722e-128 1.70375968174738 0.752 0.365 1.95357328127917e-124
"UNC80" 2.84852408252548e-126 2.36368056107857 0.414 0.113 8.54557224757644e-123
"CLDN10" 1.30323294224517e-125 0.440188839033132 0.333 0.069 3.90969882673551e-122
"SLIT1" 6.59640346866962e-125 2.95525603818471 0.533 0.131 1.97892104060088e-121
"AC090971.3" 1.38445251571374e-124 1.38759736376713 0.205 0.045 4.15335754714123e-121
"GRIK4" 2.15869116852168e-124 1.54797434734375 0.335 0.102 6.47607350556505e-121
"PRKCA-AS1" 2.31356063638495e-124 2.40269603184869 0.269 0.057 6.94068190915485e-121
"SOX4" 2.54862473703613e-124 0.89101381886919 0.869 0.462 7.64587421110838e-121
"AC073342.1" 3.84442971886719e-124 0.540221433473542 0.421 0.11 1.15332891566016e-120
"DENND5B-AS1" 5.59257489298401e-124 1.75196770976999 0.193 0.027 1.6777724678952e-120
"AC055811.1" 7.07141247796241e-124 0.259390855632262 0.302 0.074 2.12142374338872e-120
"FAAH2" 1.81760069578519e-123 1.98750264942778 0.328 0.115 5.45280208735556e-120
"TNR" 4.60351799283956e-123 4.22069824461315 0.464 0.109 1.38105539785187e-119
"AC021088.1" 1.68267440795529e-122 1.31057965145234 0.223 0.057 5.04802322386586e-119
"MEIOC" 3.20773449024447e-122 1.3756872513173 0.383 0.066 9.62320347073342e-119
"ZNF883.1" 6.470718881026e-122 1.05846268377371 0.309 0.094 1.9412156643078e-118
"SLC10A4" 3.35413876589472e-121 1.31346515354002 0.322 0.101 1.00624162976841e-117
"RGN" 6.29904097876956e-121 2.13010420516943 0.517 0.087 1.88971229363087e-117
"MSR1" 1.27995248834078e-120 1.26483659693936 0.166 0.044 3.83985746502233e-117
"STXBP5L" 2.61254371010315e-120 3.68076324160256 0.477 0.085 7.83763113030945e-117
"ACRBP" 3.3503687712407e-120 1.41782344852526 0.292 0.068 1.00511063137221e-116
"SOX13" 1.92961998149666e-119 0.766580647423414 0.239 0.033 5.78885994448998e-116
"MYLPF" 2.04455752267934e-119 1.90650378670545 0.424 0.055 6.13367256803803e-116
"SP8" 2.24026333304176e-119 3.78887015302653 0.562 0.165 6.72078999912529e-116
"AC006160.1" 5.96407250157313e-119 0.276111721018539 0.217 0.045 1.78922175047194e-115
"ST7-AS1" 1.05440088762392e-118 0.508100478401852 0.401 0.144 3.16320266287175e-115
"NRXN3" 3.42686697671636e-117 0.552441163884001 0.423 0.137 1.02806009301491e-113
"ARHGAP25" 4.28169610128746e-117 0.617659055271414 0.209 0.038 1.28450883038624e-113
"XACT" 4.57860006042533e-117 0.296185419919198 0.19 0.081 1.3735800181276e-113
"ZEB2" 2.18343103204165e-115 0.421204598726143 0.667 0.303 6.55029309612494e-112
"AC012618.3" 2.75445672407323e-115 0.581268491234177 0.22 0.077 8.26337017221969e-112
"PROK2" 4.45744477670558e-115 1.10217347130342 0.14 0.036 1.33723343301167e-111
"POU3F4" 6.89808559585872e-115 2.36362260189944 0.459 0.177 2.06942567875762e-111
"LINC02196" 7.79749038318725e-115 0.94023093636685 0.168 0.032 2.33924711495618e-111
"INA" 1.14014709702546e-114 0.549132220511535 0.713 0.353 3.42044129107639e-111
"MYCBP2" 9.06156799148824e-114 2.17549408161904 0.608 0.262 2.71847039744647e-110
"SEPT4-AS1" 1.04936070092679e-113 1.13303001437912 0.217 0.037 3.14808210278036e-110
"AC073343.2" 2.34774861555173e-113 2.00450928254121 0.506 0.131 7.0432458466552e-110
"AC005562.1" 4.82561229252694e-112 1.48645078251514 0.363 0.103 1.44768368775808e-108
"MLLT11" 2.7135883845257e-111 1.22408708024627 0.809 0.436 8.14076515357709e-108
"DLL1" 2.88380021817636e-111 1.05349178120545 0.208 0.094 8.65140065452907e-108
"RGPD3" 1.01097499703715e-110 1.37704821036951 0.185 0.029 3.03292499111145e-107
"AL353708.3" 2.17948620863813e-110 1.10286376157154 0.289 0.069 6.53845862591441e-107
"CPNE8" 2.72722152598494e-110 1.46212156000947 0.388 0.078 8.18166457795482e-107
"MATN4" 2.77117991811883e-110 0.632308411686012 0.369 0.105 8.31353975435648e-107
"TTN" 2.91997610437175e-110 1.4213531625718 0.358 0.097 8.75992831311524e-107
"CALCB" 6.44845628873812e-110 1.33743442029579 0.339 0.086 1.93453688662144e-106
"AC231981.1" 1.35514848705106e-109 0.3557611101376 0.205 0.073 4.06544546115317e-106
"LGR5" 4.08392675372908e-109 2.30123719245322 0.353 0.086 1.22517802611873e-105
"TCF4" 1.53060302186993e-108 1.65692266196341 0.757 0.406 4.59180906560979e-105
"AC069224.1" 2.60731048396914e-108 1.30458881699603 0.379 0.119 7.82193145190741e-105
"AL390728.6" 2.71229072751957e-108 2.09992304758796 0.35 0.113 8.13687218255871e-105
"MAP4K1" 5.02187121149235e-108 0.419424659668453 0.13 0.042 1.50656136344771e-104
"GLIS3" 2.11652418422952e-107 0.916438918399301 0.335 0.127 6.34957255268856e-104
"AC055822.1" 3.71026142182622e-107 1.11864115733861 0.116 0.026 1.11307842654786e-103
"DCLK2" 4.77587791026818e-107 0.526667441857372 0.62 0.315 1.43276337308045e-103
"AC068831.7" 1.02920114113059e-106 0.875603493873959 0.248 0.04 3.08760342339178e-103
"RMST" 2.0376890412639e-106 0.852191290937567 0.342 0.106 6.1130671237917e-103
"AC091180.5" 2.91359813203022e-106 1.79589559183319 0.293 0.074 8.74079439609066e-103
"AC021054.1" 4.79519359144477e-105 1.60141017230464 0.176 0.053 1.43855807743343e-101
"TLE2" 5.05557647328145e-105 1.48730938059024 0.463 0.105 1.51667294198443e-101
"AL158834.2" 7.20579855970972e-105 1.30037085688858 0.31 0.084 2.16173956791291e-101
"ADAMTS17" 8.78904666926614e-105 1.06261726788447 0.15 0.102 2.63671400077984e-101
"C21orf91" 2.67015390457902e-104 2.68677192455699 0.398 0.138 8.01046171373707e-101
"TMEM123" 9.4008650357956e-104 0.296401975274577 0.623 0.302 2.82025951073868e-100
"DIRC3" 1.00760582648075e-103 0.296374485767066 0.387 0.123 3.02281747944226e-100
"C11orf42" 1.81115099701587e-103 1.83314066653528 0.25 0.057 5.43345299104761e-100
"AL139294.1" 3.23788639594455e-103 0.788736346322452 0.319 0.088 9.71365918783366e-100
"AC004949.1" 9.03284358979268e-102 2.2500422335641 0.307 0.071 2.7098530769378e-98
"GRHL1" 9.11547686182188e-102 2.13989829175202 0.402 0.076 2.73464305854657e-98
"AL133353.1" 1.35808697673612e-101 1.05716824845932 0.345 0.096 4.07426093020835e-98
"BMS1P16" 3.2734161679863e-101 1.57123863250478 0.243 0.061 9.82024850395889e-98
"AC024361.2" 5.66116928310343e-101 0.572466787479785 0.367 0.087 1.69835078493103e-97
"AC100818.1" 1.50815240350875e-100 0.982471732034428 0.195 0.023 4.52445721052624e-97
"ERC2" 4.10882950314036e-100 0.283805626365526 0.427 0.122 1.23264885094211e-96
"FALEC" 1.21098464592721e-99 1.5195371471117 0.342 0.113 3.63295393778162e-96
"AP001266.2" 1.4329721469832e-99 0.719036359912359 0.188 0.038 4.29891644094961e-96
"PCDH9" 4.07781561605915e-99 0.301317916840237 0.568 0.233 1.22334468481774e-95
"PDE5A" 5.36709656642725e-99 1.7869062682104 0.255 0.104 1.61012896992817e-95
"AC011900.1" 5.53064239757576e-99 1.89060222678521 0.134 0.04 1.65919271927273e-95
"AC074044.1" 9.12664683862303e-99 0.866352991393089 0.115 0.034 2.73799405158691e-95
"NNMT" 9.44305627319369e-99 2.6386005760794 0.333 0.052 2.83291688195811e-95
"GNG2" 1.02735742021663e-98 2.09371919307748 0.72 0.39 3.0820722606499e-95
"SLC7A9" 1.65450251520636e-98 0.485240115362643 0.223 0.035 4.96350754561909e-95
"AC008894.3" 1.84035845477169e-98 2.33583689123439 0.436 0.109 5.52107536431506e-95
"DST" 4.98884882296044e-98 1.01390790187768 0.626 0.322 1.49665464688813e-94
"AC079296.1" 6.14396515682112e-98 2.96306858386035 0.489 0.078 1.84318954704634e-94
"ATP2B1" 7.70994429189127e-98 2.2784658974921 0.457 0.215 2.31298328756738e-94
"SCRT2" 4.16654944088491e-97 0.841687834669042 0.186 0.075 1.24996483226547e-93
"SH3D19" 7.78463326602883e-97 0.639139423894909 0.302 0.108 2.33538997980865e-93
"AP003392.6" 1.20867211489775e-96 1.08346030508805 0.278 0.068 3.62601634469326e-93
"WNT7A" 1.12090795783296e-95 2.30307809565557 0.439 0.116 3.36272387349887e-92
"AL163051.1" 1.12117956887756e-95 0.492734401939099 0.29 0.13 3.36353870663268e-92
"AL137779.2" 1.39965153231787e-95 1.08985802082899 0.166 0.053 4.19895459695362e-92
"AP1S2" 3.34301432826661e-95 4.22749593628002 0.72 0.379 1.00290429847998e-91
"TTC36" 7.1406282267188e-95 1.8186348276144 0.423 0.099 2.14218846801564e-91
"AC109326.1" 1.0846973308908e-94 1.70555024520511 0.24 0.151 3.25409199267241e-91
"MCTP2" 1.08946874297349e-94 2.03432071288315 0.282 0.046 3.26840622892046e-91
"SEPT1" 1.30687688930871e-94 1.41095851984571 0.411 0.141 3.92063066792612e-91
"CCDC175" 4.0869222444477e-94 0.306253838074721 0.193 0.038 1.22607667333431e-90
"AL591485.1" 4.68065025652516e-94 1.05389692282228 0.424 0.103 1.40419507695755e-90
"CPNE6" 1.5074132726282e-93 2.03043889301312 0.252 0.077 4.52223981788461e-90
"AC110285.2" 1.74402621676106e-93 1.97884295085774 0.203 0.093 5.23207865028318e-90
"ZNF630" 9.12866717209911e-93 1.14337283767316 0.367 0.103 2.73860015162973e-89
"KCNIP2-AS1" 1.22859562883225e-92 0.736391372892777 0.304 0.073 3.68578688649674e-89
"AC010245.2" 3.35360807904534e-92 0.720649821431069 0.185 0.07 1.0060824237136e-88
"DOCK5" 1.00004607471696e-91 1.13893314035251 0.101 0.054 3.00013822415087e-88
"NPTXR" 5.87726191519793e-91 3.34062378607219 0.467 0.179 1.76317857455938e-87
"AL358852.1" 1.25138295085146e-90 0.600645831599479 0.134 0.063 3.75414885255439e-87
"PABPC5-AS1" 8.02381119905386e-90 1.78383166793285 0.169 0.104 2.40714335971616e-86
"AC072062.1" 1.50843270018479e-89 0.926218636011846 0.18 0.047 4.52529810055437e-86
"AP001468.1" 2.55617699406007e-88 1.03870171501374 0.414 0.088 7.66853098218021e-85
"SHROOM4" 3.62891135567219e-88 1.12203256585252 0.115 0.047 1.08867340670166e-84
"RPE65" 5.99421108753166e-88 0.732932551145119 0.125 0.072 1.7982633262595e-84
"DPYD-AS1" 3.55420375432915e-87 0.653147932125389 0.217 0.049 1.06626112629875e-83
"SHB" 1.72364531493703e-86 0.887939170002188 0.103 0.056 5.17093594481108e-83
"AC008758.6" 6.49212179929953e-86 1.26262092924419 0.305 0.125 1.94763653978986e-82
"AL117348.2" 6.54900093819612e-86 1.35019609379956 0.294 0.106 1.96470028145884e-82
"MMP2" 2.54685052119449e-85 2.09245812495876 0.314 0.111 7.64055156358347e-82
"CHRNB4" 6.80399822094408e-84 1.82337710842119 0.135 0.049 2.04119946628322e-80
"AC098820.1" 7.01412719153391e-84 0.838217331359987 0.205 0.064 2.10423815746017e-80
"KLHL35" 1.03001819814974e-83 5.60949934971284 0.431 0.172 3.09005459444922e-80
"AL590004.4" 1.70196382742573e-83 1.69848845580894 0.184 0.072 5.10589148227718e-80
"AC115618.1" 2.34459205414713e-83 0.328869845518069 0.188 0.042 7.0337761624414e-80
"AC233296.1" 2.74189401903681e-83 2.3252610660078 0.434 0.086 8.22568205711043e-80
"TSC22D3" 3.79520413159355e-83 0.765568693899358 0.513 0.188 1.13856123947807e-79
"GCNT2" 8.3902324423789e-83 3.80931839653045 0.374 0.101 2.51706973271367e-79
"C7orf61" 1.33436656084728e-82 2.64976730319938 0.207 0.062 4.00309968254183e-79
"SPDL1" 1.99258633801181e-82 1.90869916879703 0.244 0.167 5.97775901403542e-79
"LINC01470" 2.16018353090765e-82 2.06156629626303 0.124 0.055 6.48055059272296e-79
"MTSS1" 5.31725398331742e-82 2.84871668508912 0.647 0.332 1.59517619499523e-78
"CDH12" 8.36561421261049e-82 0.954570279064741 0.268 0.094 2.50968426378315e-78
"AC010331.1" 9.15110458875735e-82 0.911837851946668 0.168 0.077 2.7453313766272e-78
"ETV6" 1.39222730291715e-81 0.825590466987435 0.268 0.111 4.17668190875146e-78
"AL445433.2" 1.90849256585831e-81 0.351328302489449 0.283 0.078 5.72547769757492e-78
"SEMA3E" 1.94474735303262e-81 0.508431296892939 0.202 0.091 5.83424205909787e-78
"AC007066.2" 1.96655493828258e-81 1.1641697044931 0.392 0.12 5.89966481484775e-78
"ADRA1A" 1.0541410378817e-80 3.38570111950252 0.289 0.091 3.16242311364509e-77
"SLIT2" 5.98945315539645e-80 1.23639955431012 0.223 0.111 1.79683594661893e-76
"AC125232.1" 9.78347489740222e-80 0.372343245521906 0.293 0.094 2.93504246922066e-76
"SUGCT" 1.17401506031939e-79 1.15541820973007 0.21 0.06 3.52204518095818e-76
"AC025048.4" 1.22541262235329e-79 1.26420189402045 0.252 0.094 3.67623786705987e-76
"CTSK" 2.28704116966837e-79 1.13198938266436 0.267 0.055 6.86112350900512e-76
"MTUS1" 2.92409486405531e-79 0.324978747101223 0.398 0.129 8.77228459216594e-76
"AC116535.1" 7.37059537249489e-79 1.76369149016886 0.323 0.139 2.21117861174847e-75
"LINC00997" 1.18933164304706e-78 0.96626943677723 0.461 0.12 3.56799492914117e-75
"RPH3AL" 2.03171462861966e-78 0.85515025755873 0.186 0.062 6.09514388585899e-75
"DNAJC5B" 4.33800333790333e-78 3.30453653606782 0.489 0.109 1.301401001371e-74
"AC010099.4" 1.0711572349766e-77 0.687666441942612 0.166 0.156 3.21347170492981e-74
"RNVU1-19" 1.50347541849406e-77 0.927231603354869 0.234 0.097 4.51042625548217e-74
"ZBTB16" 3.40564022235189e-77 0.282462490928165 0.504 0.111 1.02169206670557e-73
"PVT1" 5.21029026910236e-77 1.49942261304333 0.259 0.111 1.56308708073071e-73
"AC040169.1" 1.23337328605979e-76 0.591643673069491 0.292 0.123 3.70011985817937e-73
"CMAHP" 1.89292368117495e-76 1.61667616612916 0.149 0.114 5.67877104352484e-73
"AC025580.2" 2.07601047891378e-76 0.300798073669727 0.108 0.059 6.22803143674135e-73
"EGFEM1P" 2.31444388875988e-76 0.624075265669603 0.339 0.112 6.94333166627965e-73
"TSACC" 2.61728122940523e-76 0.591696564472295 0.11 0.061 7.85184368821569e-73
"RTN1" 2.96092133818298e-76 0.837005955524307 0.695 0.406 8.88276401454895e-73
"TLL1" 4.47556395306331e-76 0.259374499312766 0.204 0.076 1.34266918591899e-72
"VASH2" 9.53243405923066e-76 0.544992334132336 0.387 0.154 2.8597302177692e-72
"AL121761.1" 1.2267313428958e-75 0.591445230627498 0.322 0.107 3.6801940286874e-72
"CDH22" 1.27629402587233e-75 1.2945507801323 0.159 0.056 3.82888207761698e-72
"KCNA5" 2.28113031609861e-75 2.93795249334205 0.407 0.055 6.84339094829582e-72
"ZNF121" 6.95599188928395e-75 5.553982058964 0.207 0.126 2.08679756678519e-71
"AC024560.3" 1.21660643046183e-74 0.810264379227828 0.414 0.121 3.64981929138549e-71
"AL139021.2" 2.09913650834262e-74 2.10182926070384 0.299 0.098 6.29740952502786e-71
"ABCB5" 1.01048506422089e-73 3.38459909775256 0.21 0.029 3.03145519266268e-70
"AL078639.1" 1.05984912626061e-73 3.26489385968222 0.652 0.367 3.17954737878182e-70
"DNAH10" 5.20707347204315e-73 1.25891962507823 0.32 0.122 1.56212204161294e-69
"PBX3" 4.08798290347217e-72 2.48624719964557 0.333 0.106 1.22639487104165e-68
"SCOC-AS1" 5.11416747900734e-72 0.281513395977118 0.309 0.098 1.5342502437022e-68
"TEX101" 6.03775221984177e-72 1.42509645290965 0.424 0.108 1.81132566595253e-68
"AL008718.2" 3.67641998722352e-71 2.11114909868634 0.14 0.072 1.10292599616706e-67
"RPS4XP1" 4.01303854479729e-71 1.53601013973798 0.153 0.082 1.20391156343919e-67
"AC005225.3" 5.93131564802049e-71 1.93956210519385 0.156 0.074 1.77939469440615e-67
"FAM155B" 1.43767378117536e-70 0.26448958297969 0.279 0.159 4.31302134352609e-67
"AP000873.2" 3.92932723349654e-70 1.23335923918356 0.259 0.092 1.17879817004896e-66
"MYOT" 4.92128200308486e-70 1.29414417400852 0.282 0.076 1.47638460092546e-66
"LRRN3" 9.9218764639613e-70 1.23704240116782 0.403 0.191 2.97656293918839e-66
"ADAP2" 9.92826760268953e-70 0.518279287268182 0.196 0.084 2.97848028080686e-66
"OSBPL7" 1.38270350491994e-69 1.0349524111165 0.317 0.138 4.14811051475982e-66
"AL035401.1" 6.02292652993215e-69 0.552747272245982 0.123 0.079 1.80687795897965e-65
"AC244517.6" 1.08404277138849e-68 1.83708551031168 0.178 0.019 3.25212831416548e-65
"KCNK3" 1.57458331193678e-68 0.913581885176102 0.243 0.125 4.72374993581034e-65
"MT-ND2" 1.65073077327149e-68 4.35865501567401 0.69 0.41 4.95219231981447e-65
"MDGA1" 2.27998868699997e-68 1.35741086955399 0.378 0.099 6.83996606099992e-65
"AC110774.1" 5.42026923843638e-68 1.57714589603633 0.294 0.098 1.62608077153091e-64
"ADAMTS13" 7.99096491101816e-68 1.50108987012784 0.377 0.105 2.39728947330545e-64
"KBTBD11-OT1" 1.15288010042164e-67 1.14253216631482 0.134 0.042 3.45864030126492e-64
"SYNPR" 5.67276720896386e-67 3.42941153575875 0.384 0.1 1.70183016268916e-63
"BMP2" 8.9047082945986e-67 2.84057696733143 0.449 0.122 2.67141248837958e-63
"CD24" 1.32580307111313e-66 2.40797358306842 0.66 0.416 3.9774092133394e-63
"KAT6B" 2.74037004533571e-66 3.95754626268225 0.544 0.348 8.22111013600714e-63
"LINC01197" 5.06111402408936e-66 1.29325771699943 0.258 0.066 1.51833420722681e-62
"UNC79" 6.12588348022593e-66 2.54172766850378 0.397 0.127 1.83776504406778e-62
"CCDC154" 7.15703734624464e-66 2.40191136248504 0.134 0.022 2.14711120387339e-62
"B4GALT1-AS1" 9.92911593891764e-66 0.465818270368294 0.184 0.178 2.97873478167529e-62
"AC130343.2" 1.01676688645458e-65 0.455847131395172 0.123 0.054 3.05030065936375e-62
"ELOVL6" 2.10823185213117e-65 4.78155944411278 0.464 0.201 6.3246955563935e-62
"MADCAM1" 8.73809920397145e-65 0.529323175623448 0.353 0.122 2.62142976119143e-61
"AC008591.1" 2.63701742814101e-64 1.37775252791953 0.174 0.06 7.91105228442302e-61
"ZNF679" 2.64681112673039e-64 1.58341560476077 0.258 0.084 7.94043338019116e-61
"PPP1R12B" 3.76025326666259e-64 3.5669836537633 0.387 0.135 1.12807597999878e-60
"HSPD1P4" 6.88123934321264e-64 1.20024639359367 0.098 0.101 2.06437180296379e-60
"HIVEP1" 1.93759963564631e-63 1.52847873531804 0.313 0.144 5.81279890693894e-60
"LINC02134" 3.28430375668704e-63 1.63033307121737 0.203 0.08 9.85291127006112e-60
"NREP" 3.65952120843774e-63 1.35685299590175 0.691 0.426 1.09785636253132e-59
"RFTN1" 4.24808512762785e-63 3.31251699434664 0.31 0.141 1.27442553828835e-59
"KCTD12" 1.04197980260749e-62 1.44759262320869 0.436 0.119 3.12593940782247e-59
"ZCCHC12" 1.47578652089312e-62 6.34843809634849 0.474 0.15 4.42735956267935e-59
"RASSF3" 2.78790129310336e-62 0.738817895017457 0.305 0.142 8.36370387931008e-59
"CPLX2" 4.94854599684539e-62 1.78879237420962 0.454 0.157 1.48456379905362e-58
"ATP2C2-AS1" 5.46604261928533e-62 0.281299248874751 0.207 0.084 1.6398127857856e-58
"C1orf162" 5.758579055918e-62 1.2909559170576 0.227 0.109 1.7275737167754e-58
"SYT17" 7.50600892917165e-62 3.27537185817074 0.428 0.114 2.25180267875149e-58
"ERMN" 1.82214585665134e-61 1.87315130385292 0.344 0.067 5.46643756995402e-58
"RAB3IP" 9.89993037304539e-61 1.10263447402763 0.409 0.101 2.96997911191362e-57
"LINC00271" 1.01932714890794e-60 0.9835846729938 0.213 0.093 3.05798144672381e-57
"ARAP3" 1.14306478959998e-60 1.51989414691877 0.332 0.125 3.42919436879993e-57
"CAMKMT" 1.24191632428945e-60 1.81774639085239 0.328 0.116 3.72574897286836e-57
"LEMD1" 2.08416593270981e-60 1.1418432319709 0.131 0.126 6.25249779812942e-57
"KIAA1211" 1.136441121573e-59 0.859818290213397 0.567 0.307 3.40932336471899e-56
"CPNE9" 2.26013990339222e-59 1.90066150082637 0.204 0.123 6.78041971017667e-56
"LINC02223" 4.98714937090559e-59 1.79036140596899 0.327 0.072 1.49614481127168e-55
"SGCZ" 2.64939371402677e-58 0.391890291318749 0.26 0.112 7.9481811420803e-55
"PDCD6IPP2" 4.32642133605318e-58 0.450937957582905 0.302 0.113 1.29792640081595e-54
"AP002383.2" 4.52271288432153e-58 1.00473507814752 0.198 0.049 1.35681386529646e-54
"ESR1" 5.29010429352173e-58 0.881802642488051 0.205 0.039 1.58703128805652e-54
"CCDC7" 1.09349150708179e-57 0.757304743065738 0.277 0.126 3.28047452124538e-54
"PRUNE2" 1.62060393267034e-57 2.14553901974532 0.149 0.095 4.86181179801103e-54
"CELF4" 1.40550241423934e-56 3.36713959951359 0.473 0.147 4.21650724271801e-53
"TDRD12" 1.68202787368118e-56 3.25970267589452 0.19 0.031 5.04608362104354e-53
"PIP5K1B" 3.04664913838394e-56 2.66213593299046 0.439 0.098 9.13994741515182e-53
"MCUB" 4.98400131168005e-56 0.277906274026063 0.303 0.237 1.49520039350401e-52
"AP002991.1" 9.89472494576864e-56 0.603654912829382 0.135 0.081 2.96841748373059e-52
"REP15" 1.08404368243423e-55 0.996191298804204 0.207 0.118 3.25213104730269e-52
"GPR153" 1.19787962421202e-55 1.97469764096081 0.379 0.135 3.59363887263605e-52
"LINC01235" 1.3949172167547e-55 1.01219908789036 0.293 0.107 4.1847516502641e-52
"DACT3-AS1" 1.70530079714453e-55 1.89847392513071 0.368 0.099 5.11590239143358e-52
"PROX1" 1.7395093144062e-55 2.02767293772222 0.406 0.131 5.21852794321859e-52
"AC104137.1" 1.90409124611135e-55 1.62659742705244 0.193 0.094 5.71227373833406e-52
"DOCK2" 2.60830390580012e-55 0.846202932462049 0.447 0.294 7.82491171740037e-52
"AL133372.2" 3.37737266295882e-55 1.99298985420082 0.198 0.053 1.01321179888764e-51
"SH3BP5" 3.3844558402052e-55 0.859294024889815 0.392 0.215 1.01533675206156e-51
"CRMP1" 4.84499718556827e-55 0.802949351407445 0.66 0.419 1.45349915567048e-51
"CSAD" 5.05295572221156e-55 3.1704965937262 0.295 0.146 1.51588671666347e-51
"LINC01252" 5.27381170446771e-55 0.766333650596197 0.303 0.119 1.58214351134031e-51
"CACNA2D3" 5.47298083905849e-55 4.06677304894081 0.447 0.087 1.64189425171755e-51
"AL365361.1" 5.75133215454115e-55 1.54501210191537 0.085 0.138 1.72539964636235e-51
"ZNF704" 8.27235800414674e-55 1.62908519064918 0.479 0.311 2.48170740124402e-51
"GAREM1" 1.95757495422684e-54 1.41551617191696 0.044 0.14 5.87272486268052e-51
"LINC01801" 3.55063284912652e-54 1.79653184039265 0.333 0.059 1.06518985473796e-50
"DDX3P1" 4.53647536193474e-54 0.531790188639182 0.135 0.077 1.36094260858042e-50
"MYLIP" 8.71959119934655e-54 0.784917173393321 0.178 0.057 2.61587735980396e-50
"AP000708.1" 9.3571001568562e-54 0.938596789154046 0.324 0.107 2.80713004705686e-50
"AC011444.1" 9.57495542063914e-54 0.299778508905112 0.165 0.095 2.87248662619174e-50
"IQCC" 1.15205718584298e-53 0.993916228974532 0.36 0.123 3.45617155752895e-50
"AC245297.1" 1.15314517778527e-53 1.91496374104147 0.397 0.121 3.45943553335582e-50
"TAGLN" 1.64429598466843e-53 0.412125467211842 0.148 0.077 4.9328879540053e-50
"OMG" 1.66961736004065e-53 0.977631099345105 0.063 0.115 5.00885208012195e-50
"LINC01424" 2.7734834648048e-53 0.375713478231461 0.16 0.111 8.3204503944144e-50
"RANP4" 2.84787891072881e-53 0.526389283069223 0.106 0.056 8.54363673218642e-50
"NPW" 2.90109679863801e-53 1.82477837612117 0.194 0.073 8.70329039591404e-50
"SPTBN1" 2.94923233530119e-53 0.298373799162267 0.677 0.413 8.84769700590356e-50
"AC010320.3" 2.95252660236452e-53 0.461476262384728 0.059 0.107 8.85757980709355e-50
"OSBPL10" 4.0316715658526e-53 3.33701055296424 0.433 0.103 1.20950146975578e-49
"NBAT1" 5.89277027214184e-53 1.65185753238914 0.257 0.131 1.76783108164255e-49
"SELENON" 1.05167652261353e-52 1.27771195162005 0.19 0.099 3.15502956784059e-49
"LSMEM1" 1.53365962207106e-52 0.684829920062807 0.232 0.071 4.60097886621317e-49
"NSG1" 2.91740671756033e-52 1.31086142115831 0.514 0.349 8.752220152681e-49
"EAF1-AS1" 8.29928762525572e-52 1.0760868871916 0.195 0.089 2.48978628757672e-48
"SHISA9" 2.05591720857992e-51 3.6581624709462 0.438 0.101 6.16775162573977e-48
"Z69706.1" 2.28125816868248e-51 1.76538302827271 0.144 0.033 6.84377450604745e-48
"TNFAIP3" 6.64191624216223e-51 0.836736948743082 0.103 0.085 1.99257487264867e-47
"AC010547.1" 1.11346399937539e-50 0.738092294105478 0.103 0.069 3.34039199812617e-47
"AC027807.1" 1.45951499751565e-50 1.09693749484296 0.304 0.114 4.37854499254695e-47
"CD27-AS1" 1.51405954178014e-50 1.43561104205473 0.345 0.091 4.54217862534041e-47
"GAD1" 2.05493115378111e-50 0.951314016631416 0.407 0.146 6.16479346134334e-47
"ANKLE1" 2.67384229867357e-50 0.842496389251195 0.217 0.102 8.02152689602072e-47
"RAP1GAP" 8.138540873519e-50 2.30083728174715 0.327 0.115 2.4415622620557e-46
"TMC2" 1.89244043726186e-49 1.90705909954481 0.18 0.061 5.67732131178558e-46
"RGS2" 2.58441867113335e-49 0.403110538488199 0.328 0.145 7.75325601340005e-46
"CLEC19A" 9.97818075343162e-49 0.854659484623197 0.131 0.095 2.99345422602949e-45
"AC006064.2" 2.11409815114478e-48 1.48019641026325 0.141 0.108 6.34229445343434e-45
"MSX1" 2.73147927337534e-48 0.519617984997327 0.255 0.105 8.19443782012603e-45
"PPP1R1A" 3.16123700074109e-48 2.09636409102256 0.327 0.111 9.48371100222327e-45
"SLC27A6" 4.22808284678736e-48 1.16909008270932 0.358 0.116 1.26842485403621e-44
"LHFPL5" 5.13679889226251e-48 0.629103692344863 0.22 0.088 1.54103966767875e-44
"GLRA2" 7.25901413271974e-48 1.5617992983317 0.416 0.116 2.17770423981592e-44
"NFKBIA" 8.2629084963297e-48 2.69532623130104 0.254 0.187 2.47887254889891e-44
"RPS6KA6" 2.17644603052778e-47 1.24171202693945 0.267 0.107 6.52933809158334e-44
"GALNTL6" 2.75727625448735e-47 0.555920580961825 0.109 0.075 8.27182876346204e-44
"CXCL2" 4.20350349916266e-47 0.784745587464114 0.111 0.071 1.2610510497488e-43
"TMEM161B-AS1" 4.73677774255165e-47 0.744750556834945 0.599 0.406 1.4210333227655e-43
"AP000350.6" 9.67954088356758e-47 0.449207580829217 0.143 0.076 2.90386226507027e-43
"TIMM23B" 1.06769742101501e-46 0.272989159807763 0.315 0.125 3.20309226304504e-43
"AC025283.3" 2.8014965986888e-46 0.34159334967638 0.165 0.112 8.40448979606639e-43
"PCDHB9" 3.32607412233942e-46 1.32197285857345 0.357 0.136 9.97822236701827e-43
"PPP4R1-AS1" 6.88451130087956e-46 0.611750644088383 0.135 0.133 2.06535339026387e-42
"FAM53A" 7.05047191214271e-46 0.679158832702221 0.118 0.105 2.11514157364281e-42
"ZNF385D" 1.35008589460887e-45 1.64677767931403 0.31 0.122 4.0502576838266e-42
"MASP1" 1.66902283502153e-45 0.408909334561763 0.044 0.12 5.0070685050646e-42
"SPOCK1" 2.37452160899716e-45 4.51835657423653 0.463 0.135 7.12356482699148e-42
"AL021453.1" 2.4636307165733e-45 0.97336324006908 0.369 0.146 7.39089214971989e-42
"KITLG" 2.80784224945736e-45 3.50017141454384 0.409 0.132 8.42352674837207e-42
"AC002310.5" 5.58992008714503e-45 0.924980030636958 0.125 0.043 1.67697602614351e-41
"PIK3CD" 5.84421667734717e-45 0.484469709943017 0.02 0.148 1.75326500320415e-41
"LINC01521" 7.74222185007126e-45 0.40603042843356 0.209 0.077 2.32266655502138e-41
"AL032819.1" 7.97010751803926e-45 1.26287519211611 0.155 0.08 2.39103225541178e-41
"LINC00535" 2.21631437040621e-44 0.920304807540129 0.314 0.089 6.64894311121862e-41
"THRB" 2.340796062327e-44 4.76573698079934 0.443 0.096 7.02238818698099e-41
"CPLX1" 3.07296360632033e-44 0.736865285966928 0.298 0.13 9.218890818961e-41
"ELAVL4" 5.42348564922055e-44 0.480426670856869 0.513 0.336 1.62704569476616e-40
"AC021752.1" 7.12127594018292e-44 1.46044594598703 0.305 0.086 2.13638278205487e-40
"AC244517.1" 3.71482340934228e-43 1.23572003738316 0.259 0.106 1.11444702280268e-39
"NAPA-AS1" 5.57864142656752e-43 1.92372694842732 0.136 0.12 1.67359242797026e-39
"LINC02281" 7.21446697429136e-43 0.748905622922639 0.145 0.074 2.16434009228741e-39
"ERVMER61-1" 7.21688048878235e-43 1.00418941129636 0.161 0.091 2.16506414663471e-39
"PCSK2" 8.17551633631589e-43 0.301316746762227 0.079 0.107 2.45265490089477e-39
"UCP3" 1.95715395613999e-42 0.850389828203063 0.178 0.057 5.87146186841998e-39
"AP002518.2" 3.84896129148568e-42 2.54927400078859 0.18 0.032 1.15468838744571e-38
"LINC00574" 4.77756989688343e-42 0.465702001353529 0.156 0.102 1.43327096906503e-38
"LINC02240" 1.01181135114009e-41 0.414525454820531 0.252 0.048 3.03543405342028e-38
"JPH3" 1.18412781490265e-41 0.661126119766628 0.373 0.166 3.55238344470794e-38
"AC117383.1" 1.35905216100352e-41 1.77403256552003 0.27 0.089 4.07715648301057e-38
"EPHA5" 2.55295711201896e-41 2.70344957951923 0.573 0.331 7.65887133605689e-38
"MIAT" 7.01633362637164e-41 1.17090137782544 0.308 0.143 2.10490008791149e-37
"SCG3" 8.49850606644118e-41 0.337905726316664 0.597 0.387 2.54955181993235e-37
"CDKN2A" 8.75580193872968e-41 0.783045322993017 0.169 0.084 2.6267405816189e-37
"ZNF433-AS1" 9.76904996000447e-41 0.459709029161278 0.265 0.129 2.93071498800134e-37
"BRINP1" 1.44692034237332e-40 2.0234563103803 0.398 0.112 4.34076102711997e-37
"AL049749.1" 1.72807660683898e-40 1.59239364362381 0.204 0.055 5.18422982051694e-37
"AC022893.1" 2.22839883543628e-40 2.27479301315052 0.297 0.121 6.68519650630883e-37
"STAG3L4" 2.75946542921345e-40 1.59843829520605 0.249 0.124 8.27839628764034e-37
"KIAA0825" 2.83006905377393e-40 2.541745233777 0.267 0.114 8.4902071613218e-37
"TAGLN3" 9.59905549452692e-40 1.51540433865302 0.491 0.361 2.87971664835808e-36
"CLSTN2" 1.01875120883886e-39 0.992181976209427 0.318 0.156 3.05625362651659e-36
"AC145138.1" 1.37572029800295e-39 0.490133666295582 0.153 0.079 4.12716089400884e-36
"ZC3H12B" 1.46480736604749e-39 1.74025731896881 0.337 0.135 4.39442209814246e-36
"CXCR5" 2.08296245503901e-39 0.681038078411136 0.125 0.016 6.24888736511703e-36
"STC1" 2.08714405481276e-39 3.25993318624553 0.229 0.143 6.26143216443828e-36
"GRIN2B" 3.09485690399374e-39 0.892741377411763 0.313 0.143 9.28457071198123e-36
"DYNC1I1" 3.85957588104903e-39 1.68701157019285 0.322 0.144 1.15787276431471e-35
"DPYSL3" 3.92102596181295e-39 1.24559948386791 0.615 0.415 1.17630778854388e-35
"DPP6" 5.49911302483349e-39 1.00808381917965 0.219 0.178 1.64973390745005e-35
"LINC01004" 8.14157862753962e-39 0.477879451861313 0.295 0.13 2.44247358826189e-35
"ENPP2" 8.65503647369223e-39 3.23790225989871 0.373 0.09 2.59651094210767e-35
"BMPER" 9.08455142042714e-39 2.19305898956948 0.337 0.106 2.72536542612814e-35
"SOX6" 9.8022599896146e-39 1.72872968573598 0.171 0.153 2.94067799688438e-35
"VSTM2A" 1.21929285915893e-38 6.19406916030608 0.442 0.044 3.65787857747678e-35
"KCTD14" 1.49716413645897e-38 0.711630898470286 0.104 0.106 4.49149240937691e-35
"DEPDC7" 1.83239633874834e-38 0.934218851037091 0.22 0.108 5.49718901624501e-35
"AKAP9" 3.08193126287299e-38 0.579447091741988 0.539 0.368 9.24579378861898e-35
"MYO1F" 4.7302587392832e-38 0.277990628646345 0.235 0.052 1.41907762178496e-34
"SHTN1" 1.36085278082002e-37 1.6563386421859 0.563 0.343 4.08255834246007e-34
"CDK6" 3.18872174390174e-37 0.886042652636092 0.104 0.112 9.56616523170522e-34
"ZFHX3" 6.14500150447901e-37 0.510454779262005 0.298 0.127 1.8435004513437e-33
"NCAM1" 6.70669943308077e-37 1.431306930797 0.63 0.42 2.01200982992423e-33
"RIPOR2" 8.52742549624753e-37 3.55001029927078 0.419 0.107 2.55822764887426e-33
"RNF215" 9.04031583274018e-37 1.46368356202058 0.284 0.133 2.71209474982205e-33
"NOC3L" 2.79814807235197e-36 3.99412852871565 0.224 0.14 8.39444421705592e-33
"GUCY1A1" 2.83899835358977e-36 0.832531171778339 0.265 0.092 8.51699506076932e-33
"ARHGAP27P1-BPTFP1-KPNA2P3" 3.18870451923526e-36 0.351922749941492 0.199 0.115 9.56611355770579e-33
"LY6G6C" 3.70248432396749e-36 2.32522729488747 0.164 0.083 1.11074529719025e-32
"EDEM1" 3.70361855873758e-36 1.55573307343617 0.176 0.096 1.11108556762127e-32
"DLC1" 4.19256433065097e-36 0.610283625024651 0.161 0.226 1.25776929919529e-32
"IL1RAPL2" 4.54112299487338e-36 1.2823237603769 0.364 0.125 1.36233689846201e-32
"SEPT5" 5.65611943294482e-36 0.707813165564502 0.295 0.114 1.69683582988345e-32
"CCK" 9.28277224620631e-36 3.35220890502638 0.372 0.124 2.78483167386189e-32
"NRCAM" 9.47555483541875e-36 3.43132242244298 0.323 0.214 2.84266645062563e-32
"AC087521.3" 1.384561447312e-35 1.60424998021963 0.324 0.103 4.153684341936e-32
"AC108134.2" 2.266175273595e-35 0.410493549371365 0.189 0.097 6.79852582078501e-32
"APOL4" 3.14656794214926e-35 3.18890717662314 0.343 0.101 9.43970382644777e-32
"SPTY2D1OS" 7.105330190799e-35 0.876353955726813 0.23 0.125 2.1315990572397e-31
"VAX1" 7.1310074322489e-35 1.72953144075067 0.329 0.09 2.13930222967467e-31
"AC025211.1" 1.13859922138878e-34 1.13785324168822 0.109 0.098 3.41579766416633e-31
"AC024940.2" 1.83297938055517e-34 1.70685227329511 0.25 0.114 5.49893814166551e-31
"ALPL" 2.6326518926209e-34 2.05137910982874 0.307 0.08 7.89795567786271e-31
"WWOX" 3.05641952249556e-34 1.96522431243253 0.173 0.141 9.16925856748669e-31
"ARRDC4" 5.39914704364255e-34 3.60300181455597 0.406 0.139 1.61974411309277e-30
"TFP1" 5.41358083916563e-34 0.564442633040411 0.214 0.077 1.62407425174969e-30
"AGAP2-AS1" 6.12973509046967e-34 1.55797159172828 0.282 0.127 1.8389205271409e-30
"AC068473.1" 7.87150211281755e-34 0.434661608303434 0.26 0.12 2.36145063384526e-30
"MAZ" 9.19705284234521e-34 1.50413967478647 0.081 0.106 2.75911585270356e-30
"CLASP1" 2.86209413708127e-33 5.49370374930323 0.446 0.229 8.58628241124382e-30
"RCAN2" 8.37467751923998e-33 2.73845378466374 0.375 0.104 2.51240325577199e-29
"AC012358.3" 1.18553071731976e-32 3.06980937613481 0.309 0.123 3.55659215195927e-29
"DUSP5" 3.20332646277199e-32 0.341293424669141 0.295 0.113 9.60997938831598e-29
"DPP10-AS1" 4.10861567356704e-32 1.71324222918348 0.24 0.093 1.23258470207011e-28
"UNC5B" 4.66007150536219e-32 1.28583102788073 0.248 0.105 1.39802145160866e-28
"SGCD" 6.2463755667556e-32 0.826009408558667 0.071 0.13 1.87391267002668e-28
"C1QTNF4" 6.97574794788489e-32 1.08179491265772 0.27 0.121 2.09272438436547e-28
"C3orf14" 1.17494615891127e-31 3.84421849422314 0.322 0.203 3.5248384767338e-28
"DPF3" 1.45129055723163e-31 2.91025882159676 0.343 0.095 4.3538716716949e-28
"SCUBE2" 8.73147292162768e-31 2.19570530071092 0.29 0.116 2.6194418764883e-27
"COL25A1" 1.22557714363463e-30 0.311459285955094 0.22 0.116 3.6767314309039e-27
"AC005842.1" 2.65008748654347e-30 0.298746627515655 0.183 0.083 7.95026245963041e-27
"KCNJ3" 2.68887219353899e-30 2.75364634718498 0.156 0.094 8.06661658061698e-27
"LINC00504" 3.43420401684593e-30 0.93369332229752 0.186 0.098 1.03026120505378e-26
"KANTR" 3.69805690110281e-30 0.98003471571902 0.208 0.139 1.10941707033084e-26
"VCAN" 2.90042318939881e-29 1.00618524001597 0.532 0.375 8.70126956819644e-26
"HYDIN2" 2.90919035698298e-29 1.32657598099121 0.046 0.103 8.72757107094895e-26
"LINC00858" 3.10332461671204e-29 0.542903907680817 0.136 0.094 9.30997385013611e-26
"C9orf147" 4.4413197569703e-29 0.808343442305802 0.32 0.105 1.33239592709109e-25
"ASXL3" 1.17686351763141e-28 1.71515567420309 0.318 0.211 3.53059055289424e-25
"HRH2" 1.45445189050808e-28 1.98188960706066 0.417 0.135 4.36335567152423e-25
"LINC02389" 2.57975867838699e-28 1.41100083850076 0.18 0.091 7.73927603516097e-25
"TBC1D32" 3.16438327067984e-28 1.59817258942712 0.214 0.151 9.49314981203953e-25
"ZBTB20-AS5" 3.62426934179463e-28 0.519923495224207 0.078 0.136 1.08728080253839e-24
"MEGF11" 4.07252105673093e-28 0.79002299221222 0.145 0.076 1.22175631701928e-24
"AC005726.1" 4.16771911458765e-28 0.596306119816481 0.133 0.109 1.25031573437629e-24
"AL359265.3" 4.93311521779084e-28 0.256762947366305 0.176 0.077 1.47993456533725e-24
"ARHGAP15" 6.16808697503729e-28 0.867944981934437 0.174 0.084 1.85042609251119e-24
"AL139260.1" 6.90110578073423e-28 1.59503776530741 0.154 0.129 2.07033173422027e-24
"CACNA1D" 1.68453323404319e-27 0.641697587915708 0.123 0.12 5.05359970212956e-24
"FAM214A" 3.21588529907799e-27 3.17304592723358 0.349 0.132 9.64765589723396e-24
"CBWD4P" 3.43584510095945e-27 0.547426645033713 0.111 0.098 1.03075353028783e-23
"AL161421.1" 3.55017423761674e-27 0.493979154172138 0.003 0.105 1.06505227128502e-23
"AC005837.1" 4.45631731455652e-27 0.935196640244117 0.016 0.119 1.33689519436696e-23
"SCG5" 5.39768801683742e-27 1.50996273754811 0.259 0.105 1.61930640505123e-23
"SCGB1B2P" 1.17077459881395e-26 1.58379117056774 0.214 0.107 3.51232379644186e-23
"PRKX" 1.2286759222953e-26 0.352295976342707 0.367 0.293 3.68602776688591e-23
"THAP9" 1.52871842273589e-26 0.467776091189762 0.038 0.106 4.58615526820767e-23
"ATOH7" 1.7257654903012e-26 1.73605043023212 0.209 0.097 5.17729647090359e-23
"MSH4" 1.900026977626e-26 1.71987880757023 0.23 0.104 5.700080932878e-23
"PKD2L2" 2.0944395206629e-26 0.88771641224673 0.21 0.076 6.28331856198869e-23
"TEX15" 2.8391311413151e-26 2.20350978917977 0.109 0.083 8.5173934239453e-23
"SIAH3" 3.08190754634275e-26 1.58796781185409 0.155 0.078 9.24572263902823e-23
"GAS2L3" 3.80545061424751e-26 2.35774280700019 0.332 0.138 1.14163518427425e-22
"PGBD5" 6.43756495055659e-26 3.3362752931378 0.33 0.134 1.93126948516698e-22
"DNAJC15" 8.95682190648302e-26 2.06318497160025 0.099 0.131 2.68704657194491e-22
"PTPRB" 9.01912455464848e-26 3.00545571549951 0.32 0.053 2.70573736639454e-22
"ETS1" 1.49981631309257e-25 1.31053982422562 0.268 0.102 4.49944893927772e-22
"FAM133A" 2.88447054996056e-25 2.73262759280764 0.34 0.115 8.65341164988168e-22
"SRP54-AS1" 2.92505865546762e-25 0.620022983409415 0.18 0.14 8.77517596640287e-22
"SLCO5A1" 3.16705145879499e-25 2.65685782266811 0.289 0.14 9.50115437638496e-22
"AC005618.1" 3.20750459329334e-25 0.296766392752549 0.208 0.076 9.62251377988002e-22
"AC009961.1" 3.62056727329986e-25 0.79614029290294 0.109 0.139 1.08617018198996e-21
"GLCE" 4.56196907121371e-25 3.74764652394274 0.273 0.147 1.36859072136411e-21
"ZNF837" 5.45339918139697e-25 1.05231854685014 0.188 0.109 1.63601975441909e-21
"AC019186.1" 6.03372638671421e-25 2.12842300971192 0.193 0.055 1.81011791601426e-21
"AC233280.1" 6.49500683702062e-25 1.28502715192452 0.049 0.122 1.94850205110619e-21
"TMEM2" 9.15683386549389e-25 3.47639045325936 0.242 0.121 2.74705015964817e-21
"WBP4" 9.38403928489441e-25 2.84744709249835 0.155 0.136 2.81521178546832e-21
"SORBS2" 9.48958607052219e-25 0.364083873059871 0.12 0.183 2.84687582115666e-21
"CREBRF" 1.28487889368478e-24 4.00614635080592 0.184 0.14 3.85463668105435e-21
"CAMK2N1" 1.6642500137958e-24 2.15924251015314 0.569 0.394 4.9927500413874e-21
"AC008056.1" 2.0925869270695e-24 0.604314219210325 0.119 0.063 6.27776078120851e-21
"AL450326.1" 2.6707836458267e-24 0.660208152707336 0.193 0.087 8.01235093748009e-21
"AL137077.2" 3.19671489486153e-24 1.05726928877937 0.121 0.111 9.5901446845846e-21
"EPHA4" 1.45056871012692e-23 1.1778404739221 0.265 0.168 4.35170613038077e-20
"AL354872.2" 1.51148937142088e-23 0.344448454991454 0.21 0.137 4.53446811426263e-20
"AC103736.1" 1.99638115234531e-23 1.02770959068589 0.176 0.125 5.98914345703592e-20
"POU6F2-AS2" 2.81314997284673e-23 0.540112655524037 0.155 0.121 8.43944991854019e-20
"NEGR1" 3.94609186093894e-23 0.901751980074222 0.332 0.128 1.18382755828168e-19
"AKNA" 7.01179027255009e-23 1.4029305670251 0.264 0.136 2.10353708176503e-19
"GTF2IRD2P1" 7.11999769024858e-23 0.797373646881484 0.153 0.053 2.13599930707457e-19
"AC132807.2" 1.55938057709111e-22 1.61316784435372 0.259 0.101 4.67814173127334e-19
"KLHDC1" 4.02125112310637e-22 0.740945767110706 0.095 0.138 1.20637533693191e-18
"HECW1" 4.45434842135181e-22 1.42784735800384 0.186 0.139 1.33630452640554e-18
"IRS1" 5.8178191177002e-22 0.464668211165639 0.06 0.121 1.74534573531006e-18
"IL1RAPL1" 5.97784977529692e-22 0.579653867685483 0.184 0.126 1.79335493258908e-18
"PRPH" 1.11332481170335e-21 1.03972783025252 0.328 0.086 3.33997443511004e-18
"RASA4CP" 1.31348552896867e-21 0.386567523565864 0.136 0.056 3.940456586906e-18
"SDK2" 5.09096923275085e-21 1.89134382848467 0.317 0.133 1.52729076982526e-17
"CX3CL1" 5.13695575097122e-21 2.31628931341773 0.258 0.081 1.54108672529137e-17
"AC108516.2" 7.32924051665171e-21 0.503864829647855 0.189 0.081 2.19877215499551e-17
"AC092614.1" 1.4280219280463e-20 0.998177176946074 0.178 0.07 4.28406578413891e-17
"AC010864.1" 4.05741883749105e-20 0.999161775307083 0.124 0.123 1.21722565124732e-16
"SH2B3" 5.02698062999404e-20 0.786335786118647 0.11 0.119 1.50809418899821e-16
"DOK3" 7.69397718192663e-20 0.264293263232339 0.103 0.108 2.30819315457799e-16
"ACVR1" 8.89965656873024e-20 2.91407937132693 0.282 0.135 2.66989697061907e-16
"AC125613.1" 9.32776351992569e-20 1.43139723760862 0.19 0.088 2.79832905597771e-16
"AFDN" 1.13439321285624e-19 0.602750993375222 0.469 0.359 3.40317963856871e-16
"PTPN14" 1.27366031305579e-19 0.426653077369439 0.218 0.099 3.82098093916737e-16
"AC010336.5" 2.10239761481909e-19 1.71434001147531 0.262 0.123 6.30719284445728e-16
"AL353194.1" 2.17432494340322e-19 0.702531048784715 0.119 0.124 6.52297483020966e-16
"AC092910.3" 3.02478578988027e-19 0.511329093245799 0.191 0.116 9.07435736964081e-16
"BICDL1" 3.71768377373953e-19 1.36949137938539 0.254 0.107 1.11530513212186e-15
"UPP2" 5.20362505861399e-19 1.45260339670837 0.207 0.165 1.5610875175842e-15
"TSHZ2" 6.79492088843803e-19 0.785454966019799 0.317 0.166 2.03847626653141e-15
"AC084018.2" 6.80010504823488e-19 0.674688178402034 0.233 0.098 2.04003151447046e-15
"CUTALP" 2.04743667970366e-18 0.57434004030317 0.16 0.095 6.14231003911099e-15
"NPDC1" 2.10996875630895e-18 0.391791962961348 0.179 0.091 6.32990626892685e-15
"B3GALT2" 2.31333424738006e-18 4.03896020633192 0.263 0.144 6.94000274214019e-15
"PCDHB13" 4.14405236022106e-18 0.933118324561418 0.185 0.12 1.24321570806632e-14
"AC092171.4" 5.82711261083983e-18 1.54840187791949 0.244 0.098 1.74813378325195e-14
"FRG1-DT" 6.49023715795598e-18 0.931759283282162 0.213 0.142 1.94707114738679e-14
"ZGLP1" 8.95775896850989e-18 1.55661751654045 0.168 0.094 2.68732769055297e-14
"TMOD2" 1.16559993238808e-17 1.99108160054151 0.441 0.269 3.49679979716424e-14
"LINC02268" 1.21307958881695e-17 1.2881105652785 0.101 0.107 3.63923876645085e-14
"HS3ST5" 1.62951084257609e-17 1.55849003469282 0.32 0.055 4.88853252772828e-14
"PCBP3" 1.7942474082372e-17 0.337910661667584 0.126 0.132 5.38274222471161e-14
"IQSEC3" 2.12548010835917e-17 0.842174058137399 0.227 0.096 6.37644032507751e-14
"FNBP1P1" 2.59639994562154e-17 1.37569706657652 0.199 0.114 7.78919983686463e-14
"NR2F2" 2.87892178426682e-17 1.98696831465002 0.478 0.269 8.63676535280045e-14
"AC023157.3" 3.52010225151868e-17 0.787008935371267 0.133 0.112 1.0560306754556e-13
"KIRREL3" 4.13871669920341e-17 1.77997797206796 0.287 0.124 1.24161500976102e-13
"VSTM2A-OT1" 6.91292163916555e-17 4.91408127595167 0.29 0.05 2.07387649174966e-13
"CD200" 8.15818852691507e-17 4.26030770529095 0.352 0.286 2.44745655807452e-13
"FILIP1L" 1.01779693190593e-16 2.90083752013763 0.307 0.094 3.05339079571778e-13
"AL356489.2" 1.63124847868989e-16 0.978170170687315 0.196 0.133 4.89374543606968e-13
"GLRA3" 1.69892075457468e-16 2.42299129613983 0.104 0.091 5.09676226372403e-13
"CNTNAP5" 1.97050490464663e-16 1.5226810457588 0.171 0.108 5.91151471393989e-13
"DSCAM" 1.977091240163e-16 0.389680168125741 0.054 0.135 5.93127372048901e-13
"GABRA2" 2.10643630299166e-16 0.430829670597657 0.075 0.139 6.31930890897497e-13
"EYA1" 3.7901642610142e-16 1.24277823906167 0.164 0.084 1.13704927830426e-12
"AC087564.1" 4.32027356344449e-16 0.936611983746795 0.173 0.112 1.29608206903335e-12
"MT-ND4L" 1.00353508893717e-15 1.18798142792718 0.557 0.414 3.01060526681151e-12
"CHRM1" 3.03813758906826e-15 1.18037867633206 0.31 0.106 9.11441276720477e-12
"PCSK1N" 4.34920532962649e-15 0.334291065811227 0.514 0.403 1.30476159888795e-11
"CDKN1C" 5.24154618850241e-15 0.830543817542607 0.244 0.087 1.57246385655072e-11
"LINC01456" 5.43948110383599e-15 1.23580075066129 0.196 0.155 1.6318443311508e-11
"AC020611.2" 5.62363164476975e-15 0.474544204126737 0.205 0.159 1.68708949343092e-11
"SLC35F4" 5.88873390928972e-15 1.58133662871098 0.14 0.143 1.76662017278691e-11
"TRHDE" 9.25768190103113e-15 0.463681280501529 0.209 0.092 2.77730457030934e-11
"CFL1P1" 2.12969821797845e-14 0.776387588069843 0.322 0.153 6.38909465393535e-11
"PDZD2" 2.85188882700708e-14 0.494551599217083 0.013 0.102 8.55566648102125e-11
"PHLDB2" 2.86595202779265e-14 1.43979859922062 0.179 0.065 8.59785608337796e-11
"AC025048.2" 3.70146835061053e-14 0.443478891504398 0.31 0.134 1.11044050518316e-10
"SGK1" 7.88545663903648e-14 3.1324876057979 0.131 0.117 2.36563699171094e-10
"GABRD" 1.15393633744986e-13 1.48816347678989 0.116 0.022 3.46180901234958e-10
"FHDC1" 1.28967621637848e-13 0.289965758813384 0.019 0.1 3.86902864913544e-10
"PPM1H" 1.99947741288033e-13 1.69618785714756 0.165 0.108 5.99843223864098e-10
"AC096887.1" 1.53986592894313e-12 0.335207885346755 0.18 0.158 4.61959778682939e-09
"LINC01376" 3.03757648173595e-12 0.947407913950974 0.103 0.091 9.11272944520786e-09
"GRIP2" 3.68253878363644e-12 2.4326849190618 0.309 0.11 1.10476163509093e-08
"RAI2" 3.93286219995592e-12 2.73256581940077 0.166 0.123 1.17985865998677e-08
"ITGA9-AS1" 7.02915143971901e-12 2.51897776345542 0.139 0.133 2.1087454319157e-08
"CSMD3" 1.66190955157242e-11 0.560781667049286 0.329 0.106 4.98572865471727e-08
"FAM133DP" 3.72197499917983e-11 0.345762152971142 0.138 0.111 1.11659249975395e-07
"AC018648.1" 7.62042117641464e-11 0.898626943284066 0.031 0.121 2.28612635292439e-07
"ERICH5" 1.24932732404356e-10 0.279126306115947 0.111 0.134 3.74798197213067e-07
"AC004917.1" 1.98813283271969e-10 1.25714036018225 0.155 0.15 5.96439849815908e-07
"RIMS2" 2.60235230530061e-10 2.11170744895381 0.25 0.111 7.80705691590182e-07
"AL160314.2" 3.66634342879919e-10 0.851722446647033 0.076 0.117 1.09990302863976e-06
"AL391121.1" 6.40894907580441e-10 0.975214116596362 0.11 0.077 1.92268472274132e-06
"SNORD3A" 6.78389025942875e-10 0.700270182760223 0.25 0.148 2.03516707782862e-06
"HDX" 1.26995079369793e-09 2.87578203572349 0.178 0.132 3.8098523810938e-06
"CHRM5" 1.45418307513083e-09 1.71723837988094 0.128 0.055 4.36254922539249e-06
"PLCL1" 1.5927901603778e-09 2.84838617667378 0.176 0.141 4.77837048113339e-06
"SPAG6" 1.85829587288827e-09 0.957407879832495 0.193 0.138 5.5748876186648e-06
"LINC02482" 2.00944921507464e-09 1.27948114820593 0.22 0.162 6.02834764522393e-06
"AC005609.5" 2.69740652511444e-09 0.442145069324932 0.125 0.124 8.09221957534331e-06
"IGFBP6" 2.81404466539388e-09 0.95001368389207 0.208 0.095 8.44213399618163e-06
"CNR1" 2.98721243013699e-09 0.518749298768412 0.238 0.3 8.96163729041098e-06
"AL031963.3" 7.75663468960034e-09 0.654554695924711 0.103 0.144 2.3269904068801e-05
"MEF2C-AS1" 8.99168331142213e-09 0.817973493439688 0.184 0.116 2.69750499342664e-05
"PTPRR" 9.24252431125038e-09 4.77468022832444 0.333 0.058 2.77275729337512e-05
"AC026471.4" 1.13000164037449e-08 0.738990725488772 0.191 0.123 3.39000492112346e-05
"CEP350" 1.19484231324369e-08 2.46013861996761 0.38 0.352 3.58452693973106e-05
"CRH" 1.23350248168859e-08 2.10774169606545 0.14 0.055 3.70050744506576e-05
"AC009163.7" 1.32503003235992e-08 1.2899711698309 0.214 0.1 3.97509009707976e-05
"DIRAS3" 1.61790192505979e-08 2.15749079201265 0.298 0.112 4.85370577517937e-05
"SULF2" 1.75030157163392e-08 1.13214452300963 0.184 0.085 5.25090471490177e-05
"CNTNAP4" 2.61186971215766e-08 0.369147258270848 0.118 0.101 7.83560913647297e-05
"KCNJ2" 2.82291422214738e-08 3.10709088139349 0.161 0.059 8.46874266644213e-05
"DSCAML1" 2.93811397006473e-08 1.07999357548792 0.285 0.14 8.81434191019418e-05
"DLGAP3" 3.18047861082619e-08 1.35933602170739 0.023 0.101 9.54143583247858e-05
"ZNF267" 3.60197410494465e-08 2.42080275466195 0.218 0.136 0.000108059223148339
"AP001825.1" 4.28181646614457e-08 1.46237316579322 0.066 0.109 0.000128454493984337
"TNFAIP8L3" 4.65833291994733e-08 3.03015393718073 0.259 0.092 0.00013974998759842
"AC234782.2" 5.21639025075013e-08 0.947742753152047 0.1 0.159 0.000156491707522504
"MARCH4" 6.33364875787487e-08 0.629257816356661 0.029 0.137 0.000190009462736246
"ZNF536" 1.37611944007644e-07 4.76743273435814 0.327 0.102 0.000412835832022931
"STMN4" 1.55206118592404e-07 3.09852333934016 0.436 0.391 0.000465618355777211
"FAM222A" 1.69726395499482e-07 2.8406820530942 0.259 0.086 0.000509179186498447
"SLC9A5" 1.94936263072769e-07 0.470112520264744 0.183 0.136 0.000584808789218306
"FBXO48" 4.21152331142886e-07 1.22277251124569 0.148 0.113 0.00126345699342866
"MIR124-2HG" 4.38708868593926e-07 2.74547214231201 0.274 0.16 0.00131612660578178
"NTN4" 4.57405054280194e-07 3.03462807644431 0.317 0.116 0.00137221516284058
"SYBU" 5.0028082919434e-07 1.83555110817394 0.025 0.149 0.00150084248758302
"ZNF354A" 5.32264336418435e-07 2.09805896623323 0.193 0.193 0.0015967930092553
"NPTX2" 5.58502355397884e-07 1.45979139603056 0.259 0.113 0.00167550706619365
"ZNF491" 7.05361832274417e-07 0.741887679505497 0.093 0.107 0.00211608549682325
"SENP7" 9.32023004252519e-07 2.69269409742237 0.165 0.195 0.00279606901275756
"VAX2" 9.49153847002189e-07 0.689992193787084 0.176 0.164 0.00284746154100657
"SORCS3" 1.22474035621378e-06 2.45003221819821 0.312 0.12 0.00367422106864133
"TTC3" 1.26813859306135e-06 0.565916116945403 0.498 0.446 0.00380441577918406
"INSM1" 1.68510758263056e-06 0.731799327200319 0.173 0.252 0.00505532274789167
"AC104806.2" 1.81445479157467e-06 0.727779870766835 0.125 0.106 0.00544336437472401
"NANOS1" 1.97329042823077e-06 3.2723621690821 0.244 0.096 0.00591987128469232
"DOCK9" 2.26458080875496e-06 1.21328318246101 0.07 0.143 0.00679374242626488
"ZFR2" 2.32356340153353e-06 1.02901703726973 0.111 0.125 0.0069706902046006
"LARGE1" 2.39740398534996e-06 0.604310064879218 0.244 0.11 0.00719221195604988
"FBN2" 2.57948082116744e-06 0.387560471941983 0.233 0.134 0.00773844246350232
"ZFP37" 3.11278418193822e-06 1.72182490722807 0.302 0.141 0.00933835254581466
"TMSB15A" 3.30401772705429e-06 0.300217154850522 0.483 0.4 0.00991205318116288
"CALN1" 3.92701818578295e-06 0.403127189191597 0.015 0.103 0.0117810545573489
"AL160313.1" 5.41910350292102e-06 0.283427636180182 0.134 0.114 0.0162573105087631
"B3GAT2" 5.67203860642949e-06 2.80384668573067 0.185 0.144 0.0170161158192885
"BRINP2" 6.22449842413364e-06 0.819395920905288 0.156 0.11 0.0186734952724009
"AC105036.3" 1.36319356050743e-05 1.27172983272128 0.146 0.122 0.0408958068152228
"CACNA1B" 1.82120985386847e-05 2.12549671165999 0.259 0.105 0.054636295616054
"ADAM19" 1.89561625107696e-05 0.786834758659699 0.19 0.114 0.0568684875323089
"PTCH2" 2.85259854223742e-05 0.450440544621603 0.159 0.156 0.0855779562671226
"SRRM3" 2.99930838528359e-05 2.89905932566202 0.121 0.137 0.0899792515585078
"KCNA3" 3.74340829196543e-05 2.19008025846982 0.2 0.095 0.112302248758963
"HCN1" 4.30403714291394e-05 0.90101394930957 0.202 0.126 0.129121114287418
"SYN3" 4.67788955480398e-05 0.452710904618723 0.163 0.111 0.140336686644119
"SCN3A" 4.74208943381495e-05 4.40694533796319 0.252 0.205 0.142262683014449
"AC244517.11" 5.22300437908277e-05 0.634617938689679 0.131 0.083 0.156690131372483
"H1F0" 5.65094683107788e-05 0.604847606792079 0.328 0.26 0.169528404932336
"IL10RA" 6.95444792652316e-05 0.956525154004794 0.111 0.112 0.208633437795695
"ARHGEF37" 7.61238218407336e-05 0.742683118055757 0.118 0.112 0.228371465522201
"RAB3C" 0.000109582514193183 1.41085688170633 0.214 0.127 0.32874754257955
"MALAT1" 0.000121516706642247 0.487757145831011 0.428 0.405 0.364550119926742
"HAVCR2" 0.000135744372638327 0.374046405507722 0.104 0.122 0.40723311791498
"SCGB2B2" 0.00014238395801475 1.37981860297073 0.195 0.156 0.427151874044249
"G0S2" 0.000153835094286964 1.16664191790281 0.15 0.104 0.461505282860891
"TRIM67" 0.000155292445417892 1.28602255264582 0.215 0.192 0.465877336253677
"ISPD" 0.000168127144473863 1.03452619653798 0.179 0.107 0.50438143342159
"CCSER1" 0.000172683927824032 0.414492549312358 0.215 0.149 0.518051783472095
"KCNH7" 0.000219715474763061 1.30941273554368 0.053 0.155 0.659146424289183
"ZNF454" 0.000223935602484427 2.46847266159168 0.259 0.139 0.67180680745328
"SLC6A1" 0.000246528648984719 0.534679713056047 0.254 0.097 0.739585946954158
"ARHGAP28" 0.000303722670924807 1.2323617463667 0.18 0.13 0.911168012774422
"AC008074.3" 0.000313978239821974 0.861603672985886 0.203 0.146 0.941934719465923
"FSIP2" 0.000360158528211025 2.89584238593815 0.113 0.147 1
"AGBL3" 0.000649601013076083 0.954054380432236 0.049 0.157 1
"LINC01102" 0.000881528828801501 4.08014343921313 0.031 0.15 1
"CXCR4" 0.000935643813996449 1.48572645333426 0.27 0.151 1
"NAT16" 0.000947911461796854 1.32313716644277 0.254 0.088 1
"ADARB2" 0.00116048743846819 3.3712635205331 0.284 0.09 1
"SPINK5" 0.00134473065694739 0.43687362474506 0.205 0.119 1
"RNU6-6P" 0.00148299365853591 0.432571334510479 0.105 0.151 1
"NPAS1" 0.00170237685064455 3.6200835792179 0.309 0.09 1
"ZBTB38" 0.0018353292810448 2.78997398455304 0.094 0.135 1
"SNTG1" 0.00195381969420207 0.352692568418641 0.278 0.189 1
"KLHL22" 0.00233889722820778 0.701142089179182 0.136 0.143 1
"WSCD2" 0.0025449206678073 2.95023787627048 0.23 0.065 1
"AC107068.1" 0.00305159748583288 0.588733410669644 0.095 0.125 1
"ABCA12" 0.00336714511983093 1.20714586612534 0.113 0.104 1
"TEX14" 0.00468607804652191 1.43185901878281 0.209 0.175 1
"NDST4" 0.0048205092800512 2.2743182028836 0.146 0.097 1
"AP001107.1" 0.00507084953465622 1.65327362950932 0.179 0.092 1
"FP325335.1" 0.00521619019058187 2.21748914428196 0.181 0.122 1
"PRRT3-AS1" 0.00595072782837162 2.24848498185937 0.17 0.06 1
"ARID4A" 0.00728718677180387 0.391293503609021 0.3 0.246 1
"ERO1B" 0.00955056984174995 0.570126810857923 0.217 0.143 1
"NETO2" 0.01040155379638 2.74728287113548 0.285 0.278 1
"AL356481.1" 0.0116155022562425 0.69243511123547 0.115 0.16 1
"P2RX7" 0.0116247162530971 0.380584776816807 0.103 0.065 1
"BAZ2B" 0.0119743437169652 0.810082548244072 0.307 0.338 1
"PPM1F" 0.014583606113318 1.17733310119552 0.185 0.145 1
"PLA2G4C" 0.0168946760006552 1.69209661304513 0.028 0.113 1
"MYT1" 0.0189454585278874 3.59516809101767 0.195 0.125 1
"PPP1R14A" 0.0268118622994867 0.276466320025349 0.014 0.107 1
"NR2F2-AS1" 0.0351170915263227 0.879523034371232 0.115 0.123 1
"NR3C2" 0.035712910293332 3.39348784661812 0.148 0.041 1
"AP002336.2" 0.0361910098208902 0.406122704728322 0.184 0.132 1
"USP51" 0.0372883741946074 1.41553967010378 0.078 0.136 1
"AL354793.1" 0.0393142318510205 1.76746433630859 0.158 0.093 1
"APCDD1" 0.0400287442573263 1.39465242103855 0.212 0.107 1
"CCDC112" 0.0439717758646122 0.390862985719253 0.417 0.346 1
"ANO4" 0.0541976623507063 0.415578181935629 0.145 0.063 1
"TBC1D2" 0.069616041259535 0.644884092427091 0.214 0.124 1
"GALNT13" 0.0707083418721654 0.421936843504854 0.098 0.121 1
"AC002310.4" 0.0946495678484793 0.652875979917386 0.16 0.091 1
"ETV2" 0.0985899856973478 0.334454757045897 0.109 0.125 1
"IFI44" 0.117989033927934 2.49534360320702 0.16 0.132 1
"TMEM52" 0.129237140232666 1.27508134925809 0.099 0.129 1
"AP001318.2" 0.148677847220594 1.05648997429099 0.059 0.116 1
"CNTN5" 0.155883631017508 0.677152468661555 0.095 0.13 1
"TNS2" 0.169753420656089 1.19832023587378 0.135 0.124 1
"C1QTNF2" 0.183426098280046 1.33599190747101 0.119 0.058 1
"KIT" 0.186958282915317 3.12156730058649 0.116 0.126 1
"NANOS3" 0.193690354678278 0.723585337083608 0.129 0.154 1
"AC046185.3" 0.220978487460785 1.99989014998396 0.237 0.142 1
"FRG1HP" 0.223250520651033 1.42516266128014 0.141 0.168 1
"CATSPERG" 0.231303377343811 1.6142635275916 0.116 0.103 1
"CADPS" 0.24792395844078 0.515882408132667 0.158 0.147 1
"ZBTB46" 0.341703345232221 1.72801747900691 0.118 0.135 1
"ZCCHC6" 0.344981396304176 3.31364140466801 0.11 0.168 1
"KIF26A" 0.362060416750577 2.90979419817059 0.151 0.138 1
"KDM7A" 0.379949022137279 3.40319632253328 0.213 0.172 1
"CRTAC1" 0.433763054508041 2.62443826460197 0.224 0.088 1
"LINC01415" 0.485005572637551 1.58301705697415 0.255 0.143 1
"TGFBR3L" 0.486788457591472 1.41433237818412 0.101 0.086 1
"KIAA0586" 0.500754018286383 0.908941546420363 0.161 0.163 1
"PCDHB2" 0.599603324262544 1.23125915461973 0.198 0.249 1
"AP000721.2" 0.600800456210703 1.82002273998561 0.23 0.113 1
"SOX5" 0.667479422553898 1.47121628907322 0.125 0.334 1
"GSEC" 0.696727508413852 1.98762105147425 0.158 0.139 1
"AC073332.1" 0.705046487915114 0.929798671245717 0.21 0.16 1
"CERS3-AS1" 0.82539751240206 0.585732540234778 0.233 0.123 1
"FGF13" 0.825605180412018 2.41365622696967 0.284 0.166 1
"CCDC92B" 0.831131693952849 1.41233557945244 0.181 0.108 1
"SLC16A14" 0.851241771895703 0.831549288018997 0.054 0.139 1
"VIP" 0.889896280634636 2.17292011839507 0.129 0.111 1
"FO538757.1" 0.915535945768752 1.32363766074088 0.238 0.107 1
"RASAL2-AS1" 0.949320630862804 0.603363959340092 0.069 0.154 1
