"p_val" "avg_log2FC" "pct.1" "pct.2" "p_val_adj"
"HSP90B1" 6.10710986828786e-200 4.96419372028586 0.932 0.304 1.83213296048636e-196
"DDIT4" 2.84036833305106e-169 3.83626423087965 0.908 0.304 8.52110499915317e-166
"HERPUD1" 7.08707564252475e-168 7.64231915694218 0.897 0.204 2.12612269275743e-164
"HSPA5" 1.43013650028431e-154 3.68585308506779 0.899 0.306 4.29040950085292e-151
"SYT2" 2.26589853606171e-135 0.770743528007815 0.268 0.035 6.79769560818514e-132
"CANX" 4.78921616849306e-127 3.41594034898539 0.859 0.365 1.43676485054792e-123
"IGFBP2" 4.55923321469321e-124 3.26208436370618 0.845 0.31 1.36776996440796e-120
"AL445250.1" 2.66485566103077e-111 1.56096103135944 0.319 0.061 7.99456698309231e-108
"LINC00487" 4.2056036195591e-110 1.64806085703319 0.023 0.126 1.26168108586773e-106
"AL136162.1" 8.00169301107207e-105 2.9280946388997 0.042 0.103 2.40050790332162e-101
"AC109466.1" 1.50014490942015e-102 0.618480822847712 0.246 0.075 4.50043472826045e-99
"AL133346.1" 3.05470437826875e-101 0.568232635478486 0.423 0.141 9.16411313480625e-98
"BNIP3" 2.410966496586e-100 0.87716535713845 0.817 0.311 7.23289948975799e-97
"AC002429.2" 2.63645720776319e-95 0.304757945789458 0.256 0.092 7.90937162328957e-92
"LINC02268" 1.59010971405879e-92 1.09058209394814 0.052 0.109 4.77032914217637e-89
"TMEM63C" 2.93603883256377e-92 1.38280497397708 0.035 0.113 8.80811649769131e-89
"AC003006.1" 9.29985196487299e-91 1.68628405962647 0.148 0.054 2.7899555894619e-87
"GLYATL1" 6.66828106090701e-89 0.606248692661691 0.345 0.084 2.0004843182721e-85
"TFEB" 2.41567141495359e-88 0.274748144409861 0.045 0.146 7.24701424486076e-85
"AC103724.4" 3.07001561049646e-87 0.479505898364046 0.054 0.116 9.21004683148939e-84
"AL023806.1" 2.7763574830114e-86 0.914293004445167 0.221 0.08 8.32907244903421e-83
"DNAH2" 3.67691456895132e-86 0.740869364207422 0.014 0.105 1.1030743706854e-82
"PPDPFL" 4.24881805384542e-86 0.999228292744398 0.04 0.23 1.27464541615363e-82
"AL078644.2" 1.28655946814308e-83 0.987968117138005 0.056 0.103 3.85967840442924e-80
"LINC01476" 1.08568984777547e-81 1.98642888608159 0.016 0.131 3.25706954332642e-78
"AC007728.1" 2.55588809025659e-81 2.61091140834075 0.146 0.031 7.66766427076978e-78
"RSPO2" 1.60121299970616e-80 0.361159902520061 0.317 0.073 4.80363899911847e-77
"ALK" 2.19330641893163e-80 1.74434729319508 0.296 0.091 6.57991925679488e-77
"SEC61G" 2.16958689622184e-79 3.47397854989228 0.808 0.411 6.50876068866551e-76
"CRISPLD2" 2.67199464633206e-79 1.54238285995953 0.009 0.109 8.01598393899619e-76
"MAP3K20-AS1" 5.95694422730858e-78 0.77326166474734 0.026 0.116 1.78708326819257e-74
"BNIP3L" 4.89422356884445e-77 2.37522174263191 0.777 0.4 1.46826707065334e-73
"DNAJB9" 1.16549998060089e-75 5.73348973796724 0.737 0.196 3.49649994180267e-72
"TAF4B" 3.18246144307915e-75 0.69266412791873 0.197 0.054 9.54738432923746e-72
"DNAJC3" 8.70573768152771e-75 5.40414106331384 0.707 0.165 2.61172130445831e-71
"XBP1" 7.24975766280608e-74 4.91457054310094 0.723 0.174 2.17492729884182e-70
"SLC38A1" 2.03715978838266e-68 3.5273997767527 0.777 0.332 6.11147936514797e-65
"C8orf37-AS1" 2.56957064791676e-68 0.808425211247092 0.169 0.077 7.70871194375029e-65
"SEC11C" 8.21071519655174e-68 3.73890415435523 0.73 0.362 2.46321455896552e-64
"KDM5B" 1.57237629900717e-67 3.63662829945255 0.758 0.386 4.7171288970215e-64
"CBWD4P" 1.02031862767393e-66 0.918912922205237 0.014 0.102 3.0609558830218e-63
"FAM162A" 2.10439183792826e-65 2.90529298203933 0.754 0.281 6.31317551378478e-62
"AL138724.1" 2.72342241125442e-65 1.42121411925098 0.195 0.041 8.17026723376327e-62
"ALS2CR12" 7.74009198454916e-64 1.32412980245372 0.171 0.064 2.32202759536475e-60
"GABRG2" 1.46789914772186e-63 3.16229431358238 0.446 0.071 4.40369744316558e-60
"AC008758.1" 6.16959450674149e-63 0.95427864709448 0.066 0.109 1.85087835202245e-59
"AC114803.1" 4.81610346835585e-60 0.928845040905582 0.075 0.168 1.44483104050675e-56
"LINC00574" 5.62492173707354e-59 1.40045124259816 0.27 0.099 1.68747652112206e-55
"AC005703.4" 6.78797440024667e-59 1.5519516459061 0.258 0.067 2.036392320074e-55
"MTHFD2" 3.92752347317522e-58 5.98542501594634 0.695 0.164 1.17825704195257e-54
"AL136311.1" 4.79248159657326e-57 0.828498559122574 0.169 0.045 1.43774447897198e-53
"PRR34" 1.02777158181667e-56 2.65086362890787 0.085 0.128 3.08331474545001e-53
"PFKFB3" 6.73357769479243e-56 5.28910516650193 0.735 0.241 2.02007330843773e-52
"EIF2S2" 7.76430434380275e-56 3.86073682062356 0.746 0.343 2.32929130314083e-52
"HK1" 7.95275516893709e-55 6.01157049054963 0.714 0.265 2.38582655068113e-51
"PDIA4" 9.59694982708584e-55 4.70289931766362 0.655 0.225 2.87908494812575e-51
"AL032819.1" 1.40799543043296e-54 2.47634797346908 0.39 0.073 4.22398629129888e-51
"GARS" 2.43202289604228e-54 2.43820405895652 0.695 0.296 7.29606868812683e-51
"AC022154.1" 6.01229086662123e-54 1.21797269468913 0.129 0.079 1.80368725998637e-50
"PLAC8L1" 1.70923755693851e-53 1.14334155592949 0.218 0.084 5.12771267081553e-50
"ADAMTS5" 2.6911755564767e-52 1.83517253334908 0.089 0.119 8.0735266694301e-49
"CEBPG" 5.96022280894519e-52 4.29140662142442 0.704 0.258 1.78806684268356e-48
"LINC00858" 6.04211900403625e-52 4.1729078540905 0.143 0.095 1.81263570121087e-48
"ADM" 8.44205812396568e-52 2.01475391882019 0.16 0.223 2.53261743718971e-48
"AC022639.1" 8.1070495452875e-51 0.495668769269368 0.138 0.092 2.43211486358625e-47
"AP001486.2" 1.01040910154034e-50 1.12982100975299 0.075 0.13 3.03122730462101e-47
"PXDNL" 2.00932497896331e-50 0.519839920614707 0.077 0.126 6.02797493688993e-47
"LINC01170" 3.81452047390056e-50 1.26600132227688 0.073 0.144 1.14435614217017e-46
"PDK1" 4.59578840856484e-50 3.85128282893138 0.681 0.22 1.37873652256945e-46
"AL135999.1" 8.75616905387335e-49 1.77935519218556 0.129 0.139 2.62685071616201e-45
"AL358075.2" 1.19518953594679e-48 2.59680818584814 0.113 0.139 3.58556860784036e-45
"AC053503.2" 1.79290325206317e-48 1.47499963751945 0.16 0.173 5.3787097561895e-45
"TRH" 5.92384625423403e-48 1.0599243382847 0.136 0.043 1.77715387627021e-44
"ERICH5" 6.90692723298344e-48 1.98835411548542 0.094 0.134 2.07207816989503e-44
"RELN" 1.26992462805542e-47 3.81802167827798 0.387 0.053 3.80977388416627e-44
"POU6F2-AS2" 1.44622072698394e-47 1.63465744554835 0.124 0.123 4.33866218095182e-44
"AC007040.2" 5.19414406903026e-47 1.28438492875961 0.35 0.102 1.55824322070908e-43
"ARRDC3" 6.58473693884422e-47 1.04797824794453 0.556 0.282 1.97542108165326e-43
"GABRB2" 1.83773961060376e-46 0.388596518616251 0.122 0.139 5.51321883181129e-43
"AL591485.1" 6.11751011081626e-46 0.544249298852508 0.099 0.129 1.83525303324488e-42
"AC006480.2" 9.31933865575711e-46 1.74113170585645 0.122 0.124 2.79580159672713e-42
"AL132780.1" 1.22228777766955e-44 2.18877321664056 0.366 0.053 3.66686333300864e-41
"PGF" 3.25114416907611e-44 2.7170558432605 0.049 0.195 9.75343250722834e-41
"CUTALP" 3.81014491553164e-44 0.782986255627989 0.089 0.1 1.14304347465949e-40
"HELZ2" 7.76571672590162e-44 0.929526377716632 0.007 0.112 2.32971501777048e-40
"TTC3" 8.87412693140538e-44 1.7615204287942 0.73 0.438 2.66223807942161e-40
"AC009283.1" 9.25085549115316e-44 2.25032110276872 0.31 0.061 2.77525664734595e-40
"AC087280.2" 9.37567395027567e-44 2.59999083883669 0.157 0.14 2.8127021850827e-40
"ATG9B" 2.1639306556153e-43 2.76881236756196 0.178 0.16 6.49179196684589e-40
"AC073342.1" 2.41583137157878e-43 0.510593342133484 0.019 0.138 7.24749411473634e-40
"KDM3A" 5.8679300005668e-43 5.03091876517269 0.664 0.243 1.76037900017004e-39
"MADCAM1" 1.08570408832022e-42 1.11215600268762 0.063 0.143 3.25711226496065e-39
"SLC3A2" 1.24092457611076e-42 2.69230639876908 0.678 0.266 3.72277372833227e-39
"DNAH3" 6.36738033524533e-42 1.14996405431209 0.178 0.058 1.9102141005736e-38
"FRG1-DT" 3.79869772895552e-41 0.974311017028725 0.138 0.147 1.13960931868666e-37
"FOS" 5.05125905027812e-41 0.678919707042176 0.096 0.171 1.51537771508344e-37
"ARHGAP15" 9.59870452301578e-41 0.900585964296502 0.138 0.089 2.87961135690473e-37
"AGBL4" 1.33936314704054e-40 1.22320240817383 0.063 0.112 4.01808944112161e-37
"P4HA1" 1.75361368682551e-40 1.29284866746092 0.664 0.25 5.26084106047653e-37
"KLF4" 2.69937163983899e-40 1.79947950567825 0.155 0.109 8.09811491951697e-37
"SLC7A11" 3.67781243435932e-40 3.73939901092087 0.608 0.12 1.1033437303078e-36
"KCNH5" 7.06883381204769e-40 0.876206697440328 0.056 0.122 2.12065014361431e-36
"MROH8" 2.56328579010213e-39 2.18494661137792 0.11 0.117 7.68985737030639e-36
"AC018648.1" 3.31480137562413e-39 0.323139996088162 0.054 0.117 9.9444041268724e-36
"AC084018.2" 1.10520193556582e-38 1.31694765117623 0.153 0.106 3.31560580669746e-35
"RCOR2" 1.17465925084987e-38 5.08643896373484 0.599 0.209 3.5239777525496e-35
"CTSH" 1.58454884695005e-38 1.26514707513596 0.324 0.104 4.75364654085014e-35
"AC116565.1" 1.75706069474368e-38 0.87515883608623 0.113 0.074 5.27118208423104e-35
"AC006460.1" 3.76607994914443e-38 1.72692833765934 0.315 0.059 1.12982398474333e-34
"IL23A" 7.57270326204756e-38 2.57377416130671 0.113 0.026 2.27181097861427e-34
"LINC01971" 8.31878546344714e-38 2.30163258343102 0.329 0.095 2.49563563903414e-34
"VSNL1" 9.41522924121604e-38 1.84178971669192 0.101 0.113 2.82456877236481e-34
"HK2" 9.48883768070093e-38 5.07005268861037 0.638 0.179 2.84665130421028e-34
"CACNA1A" 1.31890978215531e-37 0.962540548987393 0.113 0.114 3.95672934646592e-34
"CFAP47" 2.67020990506495e-37 2.08786996369598 0.113 0.07 8.01062971519485e-34
"SIX4" 2.69039236466513e-37 1.67220713921232 0.127 0.087 8.07117709399539e-34
"AC104985.2" 5.04963496078593e-37 1.31315875178967 0.143 0.028 1.51489048823578e-33
"HCN1" 5.34737812804485e-37 1.8174446331186 0.127 0.132 1.60421343841345e-33
"AC073046.1" 1.14526710612233e-36 1.66136619265016 0.277 0.027 3.435801318367e-33
"ZFHX2-AS1" 2.40566873736138e-36 1.71958421620146 0.061 0.136 7.21700621208415e-33
"NRN1" 2.79489869049819e-36 2.79207150418475 0.601 0.163 8.38469607149457e-33
"ZNF20" 3.64198498054056e-36 1.49759419507043 0.087 0.102 1.09259549416217e-32
"AL356441.1" 4.61772561444497e-36 3.09662100423534 0.162 0.108 1.38531768433349e-32
"TIMM23B" 4.88018969070572e-36 0.996236648729139 0.056 0.143 1.46405690721171e-32
"LINC00997" 5.29485772905858e-36 1.26685406452278 0.026 0.151 1.58845731871757e-32
"SEL1L" 5.8025737713211e-36 8.11669291199134 0.542 0.21 1.74077213139633e-32
"BMPER" 6.74419451506452e-36 1.11966610941928 0.063 0.126 2.02325835451936e-32
"DENND1C" 1.6099905901509e-35 3.55281136117276 0.195 0.123 4.82997177045271e-32
"LINC00159" 1.94837564518687e-35 1.65353264580891 0.218 0.047 5.8451269355606e-32
"CXCR4" 2.85321887146622e-35 0.852804124460667 0.108 0.162 8.55965661439867e-32
"FAM110D" 7.18113575282631e-35 2.95915943489395 0.251 0.039 2.15434072584789e-31
"RNU2-63P" 7.72109152635408e-35 2.62621648208375 0.312 0.059 2.31632745790622e-31
"ITGB1-DT" 1.8038539495757e-34 2.00087567334918 0.298 0.048 5.4115618487271e-31
"AL021453.1" 2.08616878591771e-34 0.371263790316029 0.089 0.166 6.25850635775312e-31
"RMST" 2.14514988557379e-34 1.47400305047876 0.136 0.123 6.43544965672137e-31
"MEF2C-AS1" 3.01553604112619e-34 1.29643926814247 0.061 0.124 9.04660812337856e-31
"AC008415.1" 2.5561994832774e-33 0.89058697813404 0.211 0.11 7.6685984498322e-30
"AC124944.3" 2.68117232034284e-33 0.758236947638787 0.131 0.108 8.04351696102851e-30
"NPTX2" 2.94844748009207e-33 1.89038853664378 0.146 0.123 8.84534244027622e-30
"KCNC4" 3.21482453458018e-33 0.696064206788941 0.291 0.072 9.64447360374054e-30
"RNVU1-19" 3.55650712022721e-33 2.42305647982414 0.369 0.097 1.06695213606816e-29
"AL139011.2" 4.42426162702848e-33 0.456617684571615 0.136 0.076 1.32727848810854e-29
"AC027644.1" 1.97146050756995e-32 2.68725297975425 0.143 0.086 5.91438152270985e-29
"WNT3" 7.45682647018643e-32 1.11535808060501 0.282 0.079 2.23704794105593e-28
"AC091167.6" 1.37140502697049e-31 2.11606660707833 0.34 0.093 4.11421508091147e-28
"AC092171.3" 1.45084204500784e-31 1.81884663768028 0.162 0.148 4.35252613502352e-28
"PRPH" 1.49118189349883e-31 0.877965220815231 0.07 0.106 4.4735456804965e-28
"TEX101" 2.43327611214977e-31 1.26141908653724 0.099 0.133 7.29982833644931e-28
"AL356479.1" 4.63578934613919e-31 2.67030741427764 0.131 0.091 1.39073680384176e-27
"DACT3-AS1" 6.15281709326402e-31 0.254082028392778 0.031 0.124 1.84584512797921e-27
"APOL4" 7.58593116323284e-31 1.81906007490155 0.43 0.106 2.27577934896985e-27
"AL139142.1" 1.42434515251993e-30 1.1504936577455 0.136 0.061 4.27303545755979e-27
"CACNA1B" 1.63021007602883e-30 1.29081352462446 0.066 0.119 4.89063022808648e-27
"LINC01619" 3.47191210925109e-30 0.799913410232024 0.244 0.124 1.04157363277533e-26
"CHRM1" 4.02177927856178e-30 0.855424598894263 0.134 0.121 1.20653378356853e-26
"CALR" 5.84267020955162e-30 0.804794356750284 0.608 0.3 1.75280106286549e-26
"HEATR4" 1.19612298708933e-29 1.35573630757535 0.286 0.074 3.588368961268e-26
"AC022400.8" 1.98689401249719e-29 0.829869163040827 0.146 0.114 5.96068203749156e-26
"FAM133A" 5.29618702682899e-29 2.24198092365707 0.129 0.132 1.5888561080487e-25
"AC006329.1" 5.37549817253961e-29 1.97274440109662 0.134 0.091 1.61264945176188e-25
"KCTD14" 6.09956932087016e-29 1.08388754138122 0.099 0.106 1.82987079626105e-25
"AC024361.2" 6.84844063373452e-29 1.25619289068554 0.117 0.107 2.05453219012036e-25
"AC087633.2" 1.04821979717478e-28 1.21573233157939 0.228 0.066 3.14465939152434e-25
"AC105036.3" 1.70430816907594e-28 1.69373093392481 0.354 0.114 5.11292450722782e-25
"CDKN2B" 2.04353704460214e-28 1.74312559086692 0.143 0.098 6.13061113380643e-25
"KCNQ1" 2.22956291543419e-28 1.40786401564545 0.075 0.112 6.68868874630256e-25
"SCGB1B2P" 3.43269412720287e-28 1.93247228380784 0.326 0.106 1.02980823816086e-24
"VEGFA" 6.80434340806887e-28 2.13551206353731 0.613 0.253 2.04130302242066e-24
"LINC02488" 9.36220696429919e-28 1.60064445927382 0.34 0.138 2.80866208928976e-24
"AC244517.10" 9.92841794292869e-28 0.304176148920355 0.254 0.06 2.97852538287861e-24
"AC018638.4" 1.18719076902626e-27 1.06005438581368 0.296 0.039 3.56157230707879e-24
"NEUROD6" 1.22157352218043e-27 1.29944820848124 0.542 0.295 3.66472056654128e-24
"AL109840.2" 1.50663266983793e-27 1.21390261861921 0.108 0.067 4.51989800951378e-24
"SHBG" 2.42179782688142e-27 1.13198564273686 0.146 0.164 7.26539348064426e-24
"RNVU1-6" 3.19507335062082e-27 1.74721804595654 0.354 0.106 9.58522005186246e-24
"PRRT4" 3.25923584975538e-27 1.49773443187184 0.256 0.09 9.77770754926612e-24
"AC005833.2" 3.56288951069694e-27 0.50569513120027 0.092 0.104 1.06886685320908e-23
"LINC02006" 4.74646554004538e-27 2.99298601624725 0.185 0.016 1.42393966201361e-23
"SEL1L2" 1.13100402234766e-26 2.49574919946691 0.143 0.068 3.39301206704298e-23
"MEGF11" 1.18342864937495e-26 0.485382801281194 0.23 0.075 3.55028594812484e-23
"LY6G6C" 1.27665671574115e-26 2.49324765473477 0.19 0.084 3.82997014722344e-23
"AL359265.3" 3.42029295409535e-26 0.266736441513325 0.108 0.084 1.02608788622861e-22
"CA13" 3.66864453603975e-26 2.019734722866 0.181 0.054 1.10059336081192e-22
"LRRC39" 4.03595979423198e-26 0.448792096414136 0.113 0.069 1.21078793826959e-22
"DOK3" 5.68124749946282e-26 1.23601881523377 0.089 0.108 1.70437424983885e-22
"LINC01376" 6.16081290862247e-26 2.18771428183641 0.117 0.091 1.84824387258674e-22
"TSPAN13" 9.65897036260531e-26 0.623779850659097 0.547 0.283 2.89769110878159e-22
"ONECUT1" 1.88253753152587e-25 1.52861992492761 0.268 0.015 5.64761259457761e-22
"CLMN" 2.49862338139964e-25 2.92651698865251 0.237 0.106 7.49587014419891e-22
"IFI16" 9.13670631017209e-25 1.17615504279234 0.225 0.118 2.74101189305163e-21
"AC107067.1" 1.00344650420907e-24 0.852964709874215 0.162 0.072 3.01033951262721e-21
"CCDC144NL" 1.02466940137706e-24 2.5996467215523 0.246 0.141 3.07400820413119e-21
"AC110769.2" 1.18371008274807e-24 1.75241664057988 0.251 0.061 3.55113024824421e-21
"RNF103-CHMP3" 1.27598269961776e-24 1.89010120917909 0.089 0.134 3.82794809885327e-21
"IL10RA" 1.3250335242506e-24 2.73621355106964 0.204 0.108 3.97510057275181e-21
"AL691403.1" 1.41160267968432e-24 2.02748235001861 0.204 0.156 4.23480803905296e-21
"MFSD2B" 1.82353475335547e-24 2.13063444306993 0.202 0.054 5.47060426006641e-21
"ADAMTS13" 2.06908720124726e-24 1.94299445817426 0.272 0.119 6.20726160374177e-21
"AC005962.1" 2.20849570980802e-24 2.00513664412166 0.15 0.013 6.62548712942407e-21
"PTCH2" 2.88059740980616e-24 0.327623118663679 0.085 0.159 8.64179222941848e-21
"AL160314.2" 5.44987748106158e-24 1.09563391782224 0.045 0.117 1.63496324431848e-20
"ADAM28" 5.62089864760366e-24 0.68720254829034 0.155 0.126 1.6862695942811e-20
"LAG3" 6.98213390950154e-24 0.861874731023324 0.16 0.092 2.09464017285046e-20
"ZNF311" 1.63581104422672e-23 1.23356310233988 0.312 0.112 4.90743313268015e-20
"ANKLE1" 2.42664250395851e-23 0.80381445454436 0.131 0.11 7.27992751187553e-20
"AL049780.2" 3.74971298823701e-23 1.5676755056137 0.312 0.091 1.1249138964711e-19
"SPINK5" 3.85385118743143e-23 1.27087020710404 0.075 0.128 1.15615535622943e-19
"SPAG6" 4.77105250727293e-23 1.67343485137597 0.185 0.14 1.43131575218188e-19
"DNAJC5B" 5.29943767743061e-23 1.08735268543522 0.195 0.135 1.58983130322918e-19
"MARCH1" 6.20245842543871e-23 2.54278675847102 0.127 0.166 1.86073752763161e-19
"NEUROD2" 6.4173979834886e-23 0.6038709937988 0.531 0.301 1.92521939504658e-19
"AC091178.1" 8.73941314175571e-23 2.5088347918867 0.138 0.118 2.62182394252671e-19
"SYTL3" 1.13837360565689e-22 1.89005613114136 0.15 0.134 3.41512081697068e-19
"AC005822.1" 1.48559044651391e-22 1.67009391202959 0.153 0.096 4.45677133954174e-19
"AC093677.2" 1.59653868015869e-22 1.62937711632205 0.092 0.103 4.78961604047606e-19
"CATSPERE" 1.72951375239802e-22 0.657757357571308 0.019 0.113 5.18854125719407e-19
"HSPD1P6" 2.33457295684162e-22 0.267475582480607 0.192 0.078 7.00371887052487e-19
"LHX5" 3.77842289555767e-22 5.55467108084655 0.242 0.145 1.1335268686673e-18
"AC074351.1" 3.95135701670486e-22 1.39753165929591 0.15 0.087 1.18540710501146e-18
"AC020704.1" 5.42162175465017e-22 2.30569757558079 0.216 0.11 1.62648652639505e-18
"AL133166.1" 6.34418749447115e-22 3.75715299642181 0.526 0.089 1.90325624834134e-18
"AC005258.1" 9.39611274591966e-22 1.7861403028651 0.254 0.047 2.8188338237759e-18
"PGM5" 1.26350437334881e-21 0.739879139336601 0.108 0.071 3.79051312004643e-18
"AL139294.1" 1.46835505210159e-21 1.74513777056831 0.077 0.107 4.40506515630477e-18
"STPG2" 1.50287859033776e-21 0.713933280401458 0.185 0.098 4.50863577101328e-18
"PTMA" 2.97859711573941e-21 0.310937431537498 0.624 0.429 8.93579134721824e-18
"PLXDC1" 3.09499127345878e-21 3.39821553880993 0.244 0.129 9.28497382037635e-18
"STX16-NPEPL1" 3.25872363915137e-21 0.773339720450252 0.242 0.09 9.77617091745411e-18
"AC131934.1" 3.31630342387061e-21 2.83554355892839 0.239 0.052 9.94891027161183e-18
"AC021504.1" 4.37984291559478e-21 1.11169706624906 0.087 0.162 1.31395287467843e-17
"AL354872.2" 4.80856530561139e-21 2.98031867314384 0.221 0.139 1.44256959168342e-17
"AC046185.3" 9.17593635996889e-21 2.0096411405253 0.289 0.143 2.75278090799067e-17
"CCDC112" 1.18917834225404e-20 0.733930495892786 0.563 0.342 3.56753502676212e-17
"AGBL3" 1.30125010487375e-20 3.0208677410625 0.087 0.151 3.90375031462124e-17
"TRANK1" 1.38163276655851e-20 1.18748480114616 0.249 0.113 4.14489829967553e-17
"RAB40A" 1.45907996660104e-20 2.87188633805367 0.2 0.066 4.37723989980313e-17
"AP000873.2" 1.67659232528476e-20 1.0490178438925 0.023 0.108 5.02977697585427e-17
"TUBA4A" 2.11015069885152e-20 2.18177865738704 0.12 0.112 6.33045209655457e-17
"ENPP2" 2.45041466810843e-20 1.00917524973334 0.092 0.112 7.3512440043253e-17
"SYTL2" 2.63172756245166e-20 1.6031837994414 0.228 0.13 7.89518268735499e-17
"SHMT2" 3.2241382926893e-20 2.90232416090679 0.411 0.165 9.6724148780679e-17
"TMC2" 3.50313266818229e-20 1.4467615728304 0.11 0.068 1.05093980045469e-16
"TTC36" 5.10306666578447e-20 1.54868222244506 0.371 0.114 1.53091999973534e-16
"MFAP4" 5.78257378469161e-20 1.40085920312486 0.261 0.068 1.73477213540748e-16
"TES" 6.87261401333327e-20 1.74653376891557 0.235 0.123 2.06178420399998e-16
"SEMA3C" 7.0146926899464e-20 2.64669326167961 0.453 0.153 2.10440780698392e-16
"HAS2" 8.0902290282011e-20 1.66462562386116 0.16 0.088 2.42706870846033e-16
"LINC01470" 1.73048987428483e-19 1.97907033908649 0.15 0.056 5.1914696228545e-16
"KCTD16" 2.01395952239911e-19 3.49296460280724 0.512 0.1 6.04187856719732e-16
"AC008014.1" 2.34183454296196e-19 0.731779943229974 0.068 0.136 7.02550362888588e-16
"AL356488.3" 3.10683914766294e-19 1.3064735495094 0.157 0.062 9.32051744298882e-16
"FAM156A" 3.21141460606427e-19 1.51847298162767 0.129 0.106 9.6342438181928e-16
"LINC01004" 3.74930845710811e-19 1.94347916850683 0.077 0.146 1.12479253713243e-15
"EIF4EBP1" 3.99410646456297e-19 6.63484639810325 0.535 0.242 1.19823193936889e-15
"AL035701.1" 9.23574147693438e-19 3.60816863947149 0.256 0.051 2.77072244308031e-15
"ELMOD1" 1.10133740953396e-18 1.91198531869527 0.192 0.087 3.30401222860187e-15
"KIF26A" 1.10470901769944e-18 2.34920687737203 0.498 0.124 3.31412705309833e-15
"HIST1H3J" 1.13650763677063e-18 4.21865402455473 0.493 0.109 3.40952291031189e-15
"MAN1C1" 1.24355544247098e-18 0.475740470186894 0.244 0.092 3.73066632741294e-15
"AL591222.1" 1.62858577751457e-18 1.98280094243282 0.371 0.082 4.88575733254372e-15
"RPS6KA6" 1.63260106447776e-18 1.37761283655463 0.136 0.118 4.89780319343329e-15
"CD72" 1.88872971786982e-18 0.834423133593946 0.103 0.026 5.66618915360947e-15
"AP002518.2" 1.96972431232705e-18 1.60305979869563 0.167 0.038 5.90917293698116e-15
"ID1" 2.8012789498865e-18 6.54136931508373 0.528 0.093 8.40383684965951e-15
"PTPRB" 2.87103833246869e-18 0.894877414169379 0.138 0.07 8.61311499740606e-15
"EPS8L2" 4.63673888543537e-18 1.36490576315767 0.221 0.124 1.39102166563061e-14
"AL365275.1" 4.73315966489561e-18 0.346252518203356 0.167 0.112 1.41994789946868e-14
"AC005476.2" 6.50630606653629e-18 0.497215359936204 0.117 0.085 1.95189181996089e-14
"LINC02282" 6.58548859599183e-18 2.93014787124819 0.19 0.102 1.97564657879755e-14
"AL442128.2" 7.7089256547068e-18 1.76032822026411 0.256 0.106 2.31267769641204e-14
"SERPINI1" 9.81157006485246e-18 1.49214115487591 0.192 0.117 2.94347101945574e-14
"AC135050.2" 1.32660640933039e-17 1.93509146931902 0.174 0.12 3.97981922799117e-14
"NPSR1-AS1" 1.4212619032871e-17 1.63685445772664 0.178 0.114 4.26378570986131e-14
"TSHZ2" 1.8087326713061e-17 2.93044003842061 0.225 0.175 5.42619801391829e-14
"COL25A1" 1.82711217414147e-17 0.26324373263426 0.056 0.127 5.4813365224244e-14
"EGLN3" 2.74582915482883e-17 4.39772555357491 0.57 0.225 8.2374874644865e-14
"AC023157.3" 3.14879683925915e-17 1.04733433001527 0.042 0.116 9.44639051777745e-14
"CHGB" 3.32580935593417e-17 2.53651822340918 0.153 0.172 9.9774280678025e-14
"LRP5L" 3.68458760025523e-17 3.01082472619031 0.174 0.074 1.10537628007657e-13
"DOCK9" 4.52552546764116e-17 2.38002496656038 0.195 0.135 1.35765764029235e-13
"ZSCAN23" 4.79423266411287e-17 1.99482069019738 0.073 0.125 1.43826979923386e-13
"STX16" 7.12908085786771e-17 1.80769871684896 0.113 0.025 2.13872425736031e-13
"CMAHP" 7.22056849445178e-17 0.38612428083189 0.031 0.12 2.16617054833553e-13
"AC096992.2" 7.40700751818807e-17 0.637250179275084 0.143 0.095 2.22210225545642e-13
"SLC16A1-AS1" 8.05935302404956e-17 1.46392180806525 0.117 0.122 2.41780590721487e-13
"TLL1" 8.73279115621088e-17 1.23194224092997 0.239 0.08 2.61983734686326e-13
"EDN2" 9.44870556185258e-17 3.99470164034543 0.251 0.109 2.83461166855577e-13
"CALY" 1.02049020743624e-16 1.77982978068843 0.223 0.117 3.06147062230872e-13
"AC110774.1" 1.10903701502251e-16 2.41348679931882 0.286 0.106 3.32711104506752e-13
"FST" 1.18771414210836e-16 1.51110775267209 0.211 0.091 3.56314242632507e-13
"AL583859.2" 1.22804085617113e-16 1.50519112677073 0.251 0.06 3.68412256851339e-13
"SDF2L1" 1.56985371506063e-16 5.24778118376385 0.385 0.119 4.70956114518188e-13
"PICK1" 1.58501698803288e-16 1.69560888253443 0.366 0.101 4.75505096409865e-13
"LURAP1L-AS1" 2.55351365690279e-16 3.92710639152911 0.244 0.118 7.66054097070836e-13
"LURAP1" 2.63391310811823e-16 2.22747606080513 0.153 0.056 7.9017393243547e-13
"AC078923.1" 3.39138470294939e-16 0.960476807245513 0.181 0.118 1.01741541088482e-12
"AC087741.3" 3.88936810119609e-16 1.35748021617681 0.209 0.032 1.16681043035883e-12
"AC092117.1" 4.28426218566922e-16 1.64319920412615 0.101 0.075 1.28527865570077e-12
"TPTE2" 4.76377988241471e-16 1.37543224221568 0.174 0.086 1.42913396472441e-12
"KRT31" 6.43557511253782e-16 2.74702084382593 0.169 0.048 1.93067253376135e-12
"NKAPP1" 6.78827294394094e-16 1.87204487067568 0.207 0.076 2.03648188318228e-12
"ZNF525" 6.92648149122373e-16 1.55703271177626 0.134 0.139 2.07794444736712e-12
"GRM7-AS3" 8.62677148057804e-16 1.83975742379947 0.148 0.046 2.58803144417341e-12
"AC004158.1" 9.18128383351379e-16 0.694729989099103 0.46 0.198 2.75438515005414e-12
"SMIM18" 9.9588000879856e-16 2.22970057919892 0.054 0.107 2.98764002639568e-12
"CXorf58" 1.02756380425998e-15 2.09209408430933 0.157 0.059 3.08269141277995e-12
"NOCT" 1.11931757577613e-15 1.23392022821179 0.16 0.101 3.35795272732838e-12
"AC109460.2" 1.3149476293177e-15 0.44925727248814 0.12 0.118 3.94484288795311e-12
"ANKRD37" 1.6552479920421e-15 2.97096430429891 0.498 0.15 4.96574397612631e-12
"EXOC3L1" 1.7267244083525e-15 3.64688813636416 0.176 0.127 5.18017322505749e-12
"GPR22" 2.1624452762343e-15 3.15937441245018 0.202 0.122 6.48733582870291e-12
"AC015522.1" 2.52409966798753e-15 0.914533807394628 0.225 0.082 7.5722990039626e-12
"AP003721.1" 3.17220887174073e-15 2.20785160315844 0.143 0.037 9.51662661522219e-12
"ZNF454" 3.18465118884896e-15 0.753292581743661 0.169 0.148 9.55395356654687e-12
"ZNF721" 3.79840970034653e-15 1.79301539648215 0.12 0.119 1.13952291010396e-11
"TRIM67" 4.08792226276565e-15 1.27915365047864 0.254 0.191 1.22637667882969e-11
"CEP83-AS1" 4.28471614611026e-15 1.60549685541059 0.303 0.135 1.28541484383308e-11
"AL353807.2" 4.38800828926989e-15 2.16366090132415 0.192 0.065 1.31640248678097e-11
"KISS1R" 4.67084973765839e-15 3.57363168779943 0.268 0.11 1.40125492129752e-11
"UCHL1-AS1" 4.70030811339437e-15 1.80982997026963 0.176 0.077 1.41009243401831e-11
"STAG3L4" 5.80102398671659e-15 2.20363096046396 0.07 0.136 1.74030719601498e-11
"KIAA0825" 1.07943953800873e-14 0.590507291726158 0.131 0.125 3.23831861402619e-11
"AL391117.1" 1.13392977820573e-14 0.939438988805733 0.164 0.045 3.40178933461719e-11
"PLCXD3" 1.32721501885866e-14 0.949041074832564 0.268 0.075 3.98164505657599e-11
"CABP7" 1.56254446604755e-14 2.84832777979709 0.275 0.115 4.68763339814265e-11
"NEFH" 1.63448988580461e-14 0.573552823588289 0.195 0.105 4.90346965741382e-11
"AC008758.4" 1.69423117426083e-14 2.47247013601189 0.192 0.029 5.08269352278248e-11
"PCDH7" 1.7840987156946e-14 0.639112332519257 0.059 0.109 5.3522961470838e-11
"CD101" 1.88425905526606e-14 1.34985144589716 0.3 0.081 5.65277716579818e-11
"LINC01144" 2.0619268828741e-14 0.617356121875163 0.136 0.08 6.18578064862229e-11
"AC092471.2" 2.2537649157027e-14 0.874252091834325 0.075 0.102 6.76129474710809e-11
"TBC1D32" 2.42302541686828e-14 1.06037654241344 0.225 0.153 7.26907625060485e-11
"AP002851.1" 2.59525830629763e-14 1.20106999939351 0.15 0.038 7.78577491889289e-11
"KBTBD11-OT1.1" 2.76711531917689e-14 1.46321972531367 0.211 0.07 8.30134595753067e-11
"EPB41L4A-AS1" 3.00071601650586e-14 3.92753905278877 0.336 0.168 9.00214804951759e-11
"MGAT4C" 3.03948601237107e-14 2.12938003738379 0.12 0.111 9.11845803711322e-11
"CYBA" 3.24347541458493e-14 1.75662256941348 0.195 0.035 9.73042624375478e-11
"CCDC141" 3.69615744391928e-14 1.08711004290518 0.148 0.027 1.10884723317578e-10
"AC114689.3" 4.05383743677711e-14 0.323990788776888 0.162 0.094 1.21615123103313e-10
"AC245748.1" 4.23196014115475e-14 1.24562600896362 0.261 0.086 1.26958804234642e-10
"MAFB" 4.53248038941766e-14 2.17117261825398 0.162 0.161 1.3597441168253e-10
"C1orf162" 5.56109459798191e-14 3.04616843647518 0.291 0.111 1.66832837939457e-10
"SNAP25" 6.48228336936992e-14 2.56490698083979 0.535 0.258 1.94468501081098e-10
"SGK1" 8.16951248716401e-14 0.359801966334265 0.251 0.113 2.4508537461492e-10
"PCDHB11" 8.21869475366332e-14 0.55535372563892 0.242 0.09 2.465608426099e-10
"ARFGEF3" 8.65162681005737e-14 4.80882672572527 0.432 0.129 2.59548804301721e-10
"CMPK2" 8.8200949142581e-14 0.406480383319259 0.056 0.168 2.64602847427743e-10
"AP001273.1" 1.05069615926716e-13 2.47062952571465 0.2 0.081 3.15208847780147e-10
"PDIA2" 1.0662172464507e-13 1.28838927247713 0.204 0.072 3.1986517393521e-10
"ARHGEF37" 1.18148879069969e-13 2.554107205421 0.272 0.105 3.54446637209906e-10
"SLC9A5" 1.18848521817948e-13 1.50778279580091 0.239 0.136 3.56545565453844e-10
"AC009053.1" 1.35110077130151e-13 0.348082863905555 0.15 0.101 4.05330231390452e-10
"AC027808.1" 1.35433553397105e-13 1.1573809037496 0.171 0.082 4.06300660191315e-10
"AC004076.1" 1.78777518782194e-13 1.04832710786584 0.08 0.13 5.36332556346581e-10
"CD27-AS1" 1.79916178410347e-13 2.10579965809672 0.038 0.113 5.39748535231042e-10
"TRAPPC13P1" 1.8857097844521e-13 1.41471806281094 0.2 0.052 5.6571293533563e-10
"AC103952.1" 1.90443314445311e-13 3.39848396160119 0.284 0.085 5.71329943335933e-10
"PRUNE2" 2.46374626755301e-13 3.41846291196776 0.169 0.096 7.39123880265903e-10
"PRSS23" 2.48055386980843e-13 1.37203486614291 0.423 0.124 7.44166160942529e-10
"AC002310.5" 2.48929893822181e-13 1.5447676956159 0.164 0.044 7.46789681466543e-10
"MYLIP" 3.74490089041191e-13 1.73545483554646 0.239 0.059 1.12347026712357e-09
"NODAL" 5.21060251566153e-13 2.31178588967926 0.124 0.038 1.56318075469846e-09
"EPHA4" 5.85089849377522e-13 1.62173411066004 0.174 0.175 1.75526954813257e-09
"AC145422.1" 6.62569530840936e-13 1.37233986012188 0.146 0.054 1.98770859252281e-09
"AC079228.1" 7.01169372116112e-13 1.51917683445357 0.209 0.058 2.10350811634834e-09
"AC024560.3" 7.08180120457366e-13 2.04326726273837 0.235 0.139 2.1245403613721e-09
"MCHR1" 1.53216293501697e-12 4.14386784012654 0.3 0.13 4.59648880505092e-09
"C8orf34" 1.79429702479412e-12 0.761822675754306 0.181 0.091 5.38289107438237e-09
"LDHA" 2.02656942058131e-12 1.0327863106345 0.131 0.136 6.07970826174393e-09
"TEX14" 2.090502118524e-12 1.41991951608146 0.171 0.178 6.27150635557199e-09
"FBXO16" 2.15088432748463e-12 3.93248249780114 0.265 0.128 6.4526529824539e-09
"PPM1N" 2.16573986136707e-12 3.38158460751794 0.261 0.121 6.49721958410121e-09
"PROK2" 2.76403833497864e-12 2.06299624940974 0.101 0.041 8.29211500493592e-09
"NELL1" 2.80281655569005e-12 1.42520571537587 0.129 0.13 8.40844966707014e-09
"AC140134.1" 2.85567559721473e-12 0.984960932876724 0.162 0.057 8.56702679164419e-09
"RNU6-6P" 3.38112479691964e-12 0.339538886281386 0.258 0.143 1.01433743907589e-08
"NDUFB2-AS1" 3.41531693074087e-12 0.766207403812384 0.108 0.073 1.02459507922226e-08
"AC010245.2" 3.55631594816878e-12 1.66945371917992 0.153 0.076 1.06689478445063e-08
"CMYA5" 4.3600226398299e-12 2.21953629493535 0.197 0.076 1.30800679194897e-08
"C8orf89" 4.54541466109989e-12 2.06872630242414 0.371 0.022 1.36362439832997e-08
"AL109615.3" 4.59216508682114e-12 2.53147369330328 0.221 0.145 1.37764952604634e-08
"MAP7D2" 5.43735942470058e-12 1.50486645289401 0.221 0.104 1.63120782741017e-08
"PTPRE" 6.24119558650264e-12 1.19912847005647 0.134 0.077 1.87235867595079e-08
"PCSK1" 6.63741581621774e-12 2.32167737915896 0.315 0.032 1.99122474486532e-08
"LINC01505" 7.6614335516525e-12 1.13338818980416 0.073 0.117 2.29843006549575e-08
"AC055822.1" 1.02518323549185e-11 3.06475424788108 0.155 0.028 3.07554970647555e-08
"EGR1" 1.10609520356153e-11 1.33552929490866 0.242 0.149 3.3182856106846e-08
"AL360091.3" 1.14834549454299e-11 0.771594720948151 0.143 0.095 3.44503648362897e-08
"CKM" 1.15094057150022e-11 1.04563864012057 0.155 0.13 3.45282171450067e-08
"Z69706.1" 1.15621197472638e-11 1.17057908947168 0.108 0.039 3.46863592417913e-08
"KDM7A" 1.22694870924863e-11 4.29789541712126 0.413 0.165 3.6808461277459e-08
"TCEAL5" 1.5848761240955e-11 1.57999572506408 0.408 0.125 4.75462837228649e-08
"WNT9A" 1.65475646234628e-11 1.64271226838379 0.113 0.105 4.96426938703884e-08
"RPL35P2" 1.73055413145573e-11 0.834125130652476 0.162 0.1 5.19166239436719e-08
"PSMA1" 2.04799373952994e-11 0.457453836747939 0.275 0.142 6.14398121858981e-08
"AC124854.1" 2.42357820647615e-11 3.10204871916756 0.176 0.022 7.27073461942845e-08
"AC069224.1" 2.4984870499112e-11 0.960587589621781 0.096 0.14 7.4954611497336e-08
"AC064807.4" 2.50766313081389e-11 1.25714329577446 0.164 0.071 7.52298939244167e-08
"SMOC2" 3.39844956269931e-11 1.89721991022049 0.23 0.085 1.01953486880979e-07
"AC092171.4" 3.67069813149698e-11 1.39885224400395 0.2 0.106 1.10120943944909e-07
"AC099522.2" 3.98807857613136e-11 1.51825549883272 0.272 0.103 1.19642357283941e-07
"AL035401.1" 4.71449829243089e-11 1.49789861023967 0.101 0.081 1.41434948772927e-07
"ITGA1" 4.77112617071265e-11 1.28560301812622 0.239 0.094 1.4313378512138e-07
"LINC02196" 5.05225568012834e-11 1.78768875411617 0.232 0.035 1.5156767040385e-07
"HAS2-AS1" 5.96903061931114e-11 2.63430309243862 0.216 0.115 1.79070918579334e-07
"TMEM81" 6.77900772658841e-11 0.927360455851295 0.087 0.113 2.03370231797652e-07
"TPI1P2" 8.09905064167437e-11 1.72620351565594 0.148 0.064 2.42971519250231e-07
"CATSPERG" 9.46095936647888e-11 1.72211933756016 0.143 0.103 2.83828780994366e-07
"KCNB2" 1.07124674679519e-10 0.467987577229177 0.293 0.134 3.21374024038558e-07
"MALINC1" 1.13340024597121e-10 1.87518930863811 0.178 0.05 3.40020073791364e-07
"VAX2" 1.29144204381392e-10 0.994297141563772 0.232 0.163 3.87432613144177e-07
"CAMK2N1" 1.31376836615255e-10 1.19347322136919 0.303 0.412 3.94130509845765e-07
"EPB41L4B" 1.40495259032198e-10 2.30737177575357 0.181 0.095 4.21485777096595e-07
"PURPL" 1.44687042283198e-10 2.11444686757894 0.089 0.135 4.34061126849593e-07
"TIGD3" 1.54714667369966e-10 1.38997356427888 0.129 0.085 4.64144002109897e-07
"HS3ST4" 1.87826984389588e-10 0.551940672203548 0.176 0.08 5.63480953168764e-07
"F11R" 1.99628338309088e-10 2.4462907905529 0.169 0.068 5.98885014927264e-07
"AL034405.1" 2.68499198435582e-10 0.737771304563372 0.143 0.039 8.05497595306747e-07
"TPTE2P5" 3.09059279459058e-10 1.48819247798535 0.289 0.085 9.27177838377175e-07
"AL358852.1" 3.10800083721799e-10 1.92351212128286 0.141 0.065 9.32400251165397e-07
"TDRG1" 3.51933554312296e-10 0.726392246151052 0.138 0.063 1.05580066293689e-06
"CCDC174" 3.62322971135202e-10 4.21574530251917 0.216 0.186 1.08696891340561e-06
"BPIFC" 3.90785068689391e-10 1.91484696401859 0.246 0.087 1.17235520606817e-06
"SPHKAP" 4.18449568568113e-10 0.971006612792779 0.249 0.116 1.25534870570434e-06
"NR4A3" 5.98173155160498e-10 2.45921216160521 0.246 0.114 1.7945194654815e-06
"KIAA1024" 6.63021683053529e-10 2.1527183739352 0.171 0.085 1.98906504916059e-06
"LRMDA" 9.14676988429257e-10 1.49351018377816 0.113 0.079 2.74403096528777e-06
"SPON2" 9.63187616945078e-10 1.4362174378562 0.11 0.063 2.88956285083524e-06
"VWC2" 9.81811682746103e-10 1.94998271377561 0.218 0.071 2.94543504823831e-06
"SCN11A" 1.07489364999705e-09 0.376936555302626 0.106 0.067 3.22468094999115e-06
"CBLB" 1.111067047408e-09 0.952689254095443 0.366 0.162 3.333201142224e-06
"BCL3" 1.1480759538037e-09 1.27932526961022 0.254 0.136 3.44422786141111e-06
"RAPGEF5" 1.27729987129888e-09 4.01520032448587 0.472 0.126 3.83189961389665e-06
"AC009084.1" 1.34835247668206e-09 2.05910437308241 0.207 0.061 4.04505743004618e-06
"ATF5" 1.60569344347207e-09 4.34798800782386 0.277 0.161 4.8170803304162e-06
"NOMO2" 1.9881352232352e-09 1.53824422415779 0.181 0.085 5.9644056697056e-06
"FRY-AS1" 2.2845681211203e-09 1.05413416426839 0.279 0.029 6.8537043633609e-06
"PIK3CD" 2.42540978647506e-09 1.82960231707681 0.223 0.135 7.27622935942518e-06
"AC011290.1" 2.80533611463121e-09 2.14696161789026 0.221 0.101 8.41600834389362e-06
"AATK" 2.83223732362882e-09 1.88796890094285 0.185 0.136 8.49671197088648e-06
"RIIAD1" 3.10031713618713e-09 1.5843464348539 0.209 0.095 9.30095140856139e-06
"GADD45G" 3.10277990280173e-09 1.30249410508276 0.54 0.329 9.30833970840518e-06
"AOC2" 3.88148297603928e-09 2.57118013689713 0.143 0.075 1.16444489281179e-05
"SNORC" 4.89762904121034e-09 1.98256219998636 0.232 0.096 1.4692887123631e-05
"AC020663.1" 4.89786905526186e-09 1.50538878024842 0.134 0.048 1.46936071657856e-05
"SNX24" 5.26365477003497e-09 0.44716423109819 0.059 0.131 1.57909643101049e-05
"AP001107.9" 6.54614946151205e-09 1.68865345982295 0.303 0.081 1.96384483845361e-05
"AC020594.1" 8.29718114506084e-09 1.30319062635436 0.202 0.057 2.48915434351825e-05
"SGIP1" 8.67710963286911e-09 3.1581796902315 0.232 0.194 2.60313288986073e-05
"AC024909.1" 9.27443609572256e-09 1.36496148250594 0.204 0.037 2.78233082871677e-05
"THSD7A" 1.07236752665681e-08 1.05168045013586 0.101 0.161 3.21710257997044e-05
"PTCHD1-AS" 1.46661745870582e-08 0.250003046567414 0.014 0.103 4.39985237611745e-05
"ADGRL3" 1.61519544787803e-08 2.51207950923872 0.319 0.16 4.84558634363409e-05
"ATF3" 1.77046941974811e-08 1.97537927188044 0.256 0.153 5.31140825924432e-05
"ZNF57" 1.7761656521983e-08 2.61338113456809 0.249 0.102 5.32849695659489e-05
"AKR1E2" 2.01280441010215e-08 2.79307464245678 0.242 0.078 6.03841323030645e-05
"AL355304.1" 2.10816792397752e-08 0.982324641754877 0.101 0.049 6.32450377193255e-05
"RBFOX2" 2.11631167674638e-08 0.291044130538829 0.528 0.413 6.34893503023914e-05
"CXXC4-AS1" 2.86068003044275e-08 2.90592748026914 0.124 0.056 8.58204009132824e-05
"AC113383.1" 3.01351692890094e-08 1.62817463248824 0.284 0.11 9.04055078670282e-05
"HIST1H2BN" 3.30783825046999e-08 0.660155949222071 0.423 0.146 9.92351475140996e-05
"AC074286.1" 3.39517588655119e-08 1.76608682102197 0.157 0.074 0.000101855276596536
"AL117348.2" 3.59486450658518e-08 1.93437683526599 0.167 0.118 0.000107845935197555
"GCNA" 4.24353350558272e-08 1.12823679327978 0.192 0.068 0.000127306005167482
"AC108134.2" 4.2470548589853e-08 2.78557805417451 0.242 0.098 0.000127411645769559
"FBXL19-AS1" 4.33314389666537e-08 1.41947536993919 0.134 0.097 0.000129994316899961
"PRDM8" 4.9508046689875e-08 4.60189774352184 0.455 0.139 0.000148524140069625
"KCNA3" 5.27077920206861e-08 1.23114901184768 0.181 0.1 0.000158123376062058
"ST6GALNAC3" 5.31046260144522e-08 2.45807248005335 0.148 0.135 0.000159313878043357
"ERO1B" 6.03430551947688e-08 5.24407247546324 0.439 0.136 0.000181029165584306
"ADGB" 6.40640014118089e-08 1.13362988799758 0.106 0.059 0.000192192004235427
"AC004784.1" 6.98450760045134e-08 3.11401266050231 0.11 0.086 0.00020953522801354
"MAFK" 7.90967350186335e-08 1.22322720984581 0.185 0.118 0.000237290205055901
"SLC7A5" 7.97891317040849e-08 4.67042181865474 0.467 0.15 0.000239367395112255
"EPCAM" 9.09262772345724e-08 3.71355496547211 0.453 0.124 0.000272778831703717
"AC009163.7" 9.58634191941813e-08 0.436724564045402 0.232 0.103 0.000287590257582544
"KCNK3" 1.07933388162892e-07 2.93422304469717 0.146 0.133 0.000323800164488677
"TESK2" 1.09332076974774e-07 1.90864511391904 0.131 0.069 0.000327996230924321
"CAVIN1" 1.16198206155442e-07 0.61218658795601 0.136 0.077 0.000348594618466326
"AC008074.3" 1.28400032318522e-07 1.13429764223603 0.113 0.152 0.000385200096955566
"NPHS1" 1.41448017954305e-07 2.36077548835741 0.34 0.063 0.000424344053862916
"CES5A" 1.44105136543313e-07 2.45463755192491 0.258 0.133 0.000432315409629938
"BSN-AS2" 1.44450248845054e-07 2.8059435282174 0.204 0.095 0.000433350746535162
"AC004076.2" 1.4532286789467e-07 0.749628511494741 0.185 0.077 0.00043596860368401
"UBE2F-SCLY" 1.46278482185577e-07 1.15376880600478 0.15 0.099 0.000438835446556731
"SNCB" 1.712877294337e-07 3.51871604405367 0.366 0.164 0.0005138631883011
"RPLP1" 1.72909651832491e-07 2.81155092178273 0.533 0.44 0.000518728955497474
"CACNA1D" 1.7330600043173e-07 1.02062970805426 0.359 0.11 0.00051991800129519
"FGF14" 2.88131739740838e-07 2.04401873976093 0.216 0.086 0.000864395219222513
"C19orf38" 3.20536329784977e-07 1.70120257309849 0.195 0.111 0.00096160898935493
"ARSF" 3.39379422611273e-07 2.31991436641416 0.23 0.084 0.00101813826783382
"THBS1" 3.54566795608501e-07 1.81380199889641 0.216 0.094 0.0010637003868255
"VGF" 4.24818866358567e-07 0.356796261432627 0.059 0.121 0.0012744565990757
"GCG" 4.25308901551206e-07 0.91197123806735 0.131 0.057 0.00127592670465362
"SHE" 4.45383562004192e-07 2.76580951992859 0.268 0.069 0.00133615068601258
"LEKR1" 5.15269935908811e-07 1.2140233198992 0.322 0.078 0.00154580980772643
"MANEA-AS1" 5.58489935646192e-07 0.453290104066532 0.143 0.12 0.00167546980693858
"LMNA" 6.09136377532629e-07 1.21070186400447 0.08 0.129 0.00182740913259789
"MYH7B" 6.09521630528791e-07 2.12100403615087 0.134 0.032 0.00182856489158637
"AL133353.1" 6.31503690562865e-07 1.05627843234379 0.134 0.114 0.0018945110716886
"AC055811.1" 7.00570481593164e-07 2.07422645441665 0.225 0.085 0.00210171144477949
"AL022313.4" 7.42394342367096e-07 2.34468535120167 0.315 0.052 0.00222718302710129
"SLC35F3" 7.81247930220327e-07 2.34500888060845 0.249 0.13 0.00234374379066098
"STXBP5-AS1" 8.56959400238974e-07 1.76818101990124 0.061 0.109 0.00257087820071692
"AC068025.1" 8.61825237979178e-07 1.91327485046133 0.129 0.062 0.00258547571393753
"LINC01235" 8.83866093407419e-07 0.4591623806415 0.19 0.118 0.00265159828022226
"AC025219.1" 9.57772459467744e-07 1.89624673542424 0.138 0.105 0.00287331737840323
"AL360270.1" 1.0219831352277e-06 1.33217551042007 0.101 0.064 0.00306594940568309
"DENND4A" 1.0612413759401e-06 1.3344150371878 0.146 0.152 0.0031837241278203
"AL049543.1" 1.06413802267643e-06 2.81426229812872 0.277 0.053 0.0031924140680293
"CPM" 1.17353978388394e-06 1.90158796319523 0.202 0.047 0.00352061935165183
"AC124319.2" 1.19556063780734e-06 2.16530003220764 0.216 0.128 0.00358668191342201
"AC097478.1" 1.30608190149887e-06 2.41580352514891 0.181 0.121 0.00391824570449662
"KPNA5" 1.40804254462032e-06 1.94827768807542 0.352 0.215 0.00422412763386095
"AC084036.1" 1.50937208246451e-06 2.65912066227696 0.197 0.088 0.00452811624739353
"LINC02391" 1.54218716637195e-06 1.75139538256313 0.136 0.002 0.00462656149911585
"SCGB2B2" 1.64226245399587e-06 1.63036624039362 0.181 0.158 0.00492678736198761
"GAS2" 1.91918774343866e-06 2.36508815107635 0.246 0.099 0.00575756323031599
"CD96" 2.15950282071264e-06 1.06689816794431 0.11 0.056 0.00647850846213792
"TRIB3" 2.18191733021203e-06 4.06187177384453 0.451 0.148 0.0065457519906361
"TNNI3" 2.26399748583069e-06 1.74131114154729 0.251 0.102 0.00679199245749206
"VLDLR-AS1" 2.35393527840987e-06 2.83629717046516 0.324 0.118 0.00706180583522961
"DHDH" 2.42731485720435e-06 1.85625198214486 0.207 0.075 0.00728194457161304
"MAZ" 2.77138625930351e-06 1.76850233814191 0.131 0.103 0.00831415877791052
"TNIP1" 2.82794758411865e-06 6.67113807418789 0.451 0.141 0.00848384275235596
"PLOD2" 2.98416176692743e-06 2.46159686630833 0.486 0.218 0.0089524853007823
"AC022217.3" 3.0875216085321e-06 0.413435303330589 0.169 0.106 0.00926256482559631
"CCDC62" 3.31706666112407e-06 1.20115212948209 0.164 0.065 0.00995119998337221
"CHAC1" 3.65309971414988e-06 3.87490370766956 0.336 0.163 0.0109592991424496
"AC104411.1" 4.22346666864101e-06 1.52093252715654 0.148 0.045 0.012670400005923
"ZRSR2" 4.23554141634143e-06 1.27160424837195 0.246 0.184 0.0127066242490243
"AL513320.1" 4.64884667310756e-06 0.621238816866027 0.235 0.068 0.0139465400193227
"WSB1" 5.00843446972031e-06 5.97551376911063 0.528 0.398 0.0150253034091609
"AC073878.1" 5.04198421089711e-06 2.43305291519474 0.143 0.028 0.0151259526326913
"ZCWPW1" 5.23973769702334e-06 1.12015221831897 0.169 0.132 0.01571921309107
"INHBA" 5.33848256341346e-06 1.75363751753806 0.197 0.08 0.0160154476902404
"LRRC4C" 5.64006933203893e-06 1.55284123595013 0.16 0.082 0.0169202079961168
"AC068473.1" 5.64726596722916e-06 1.40686040017493 0.251 0.125 0.0169417979016875
"RBM11" 6.35292625983789e-06 2.71806269975419 0.129 0.095 0.0190587787795137
"KIF26B" 7.08049807562205e-06 1.22852468240879 0.047 0.125 0.0212414942268662
"AC073332.1" 7.46896757199009e-06 2.47892488481992 0.315 0.158 0.0224069027159703
"LINC00271" 7.53077715676631e-06 0.635430443916336 0.162 0.1 0.0225923314702989
"AC007285.1" 7.53594997433028e-06 1.17740779602254 0.265 0.118 0.0226078499229908
"AC092745.2" 8.03735199182255e-06 2.24156613914568 0.124 0.045 0.0241120559754677
"PRKG2" 8.18445876507987e-06 1.33381827159695 0.216 0.099 0.0245533762952396
"PGM2L1" 8.22562387860321e-06 3.05012212197599 0.265 0.198 0.0246768716358096
"CUX2" 9.05043201698351e-06 2.48044848350346 0.315 0.113 0.0271512960509505
"DDIT3" 1.00822195470671e-05 0.802770398651358 0.448 0.179 0.0302466586412014
"LEAP2" 1.12123305872432e-05 1.8301953070196 0.352 0.115 0.0336369917617297
"FBXO31" 1.13645786627395e-05 2.10013210365686 0.23 0.092 0.0340937359882184
"AL137003.1" 1.16636820124415e-05 1.72284024236987 0.141 0.061 0.0349910460373246
"PLA2G4C" 1.25963867145482e-05 0.958979377759993 0.211 0.102 0.0377891601436447
"AGBL2" 1.34772621162633e-05 2.10748964464722 0.167 0.045 0.0404317863487899
"HRK" 1.54754567038003e-05 2.34090980055295 0.204 0.092 0.0464263701114009
"CIART" 1.57625466393087e-05 4.70300567993231 0.282 0.135 0.0472876399179259
"MALRD1" 1.85144447683466e-05 2.60150757245544 0.343 0.059 0.0555433343050398
"SULT2B1" 2.08942743930721e-05 1.06314573789331 0.155 0.09 0.0626828231792162
"AC010864.1" 2.12377036719363e-05 0.876954929603951 0.023 0.127 0.063713111015809
"LRRN3" 2.15441901108459e-05 2.08945683950071 0.092 0.212 0.0646325703325378
"OLFM3" 2.31173126607846e-05 0.752683120114646 0.209 0.074 0.0693519379823538
"KLF10" 2.46387085746893e-05 1.65402793114017 0.392 0.161 0.073916125724068
"HIST1H2AC" 2.4720706416923e-05 2.65401754884504 0.27 0.106 0.074162119250769
"AC011477.4" 2.53549887661573e-05 1.99767167828078 0.303 0.098 0.0760649662984718
"HIST2H2BE" 2.72020371888787e-05 4.58704462669467 0.195 0.154 0.0816061115666362
"LINC02482" 2.73451379159448e-05 0.694188414014278 0.223 0.164 0.0820354137478345
"GREM2" 2.83162493897191e-05 1.2061018575944 0.124 0.04 0.0849487481691574
"CCDC7" 3.26348830375599e-05 0.970787655665987 0.209 0.134 0.0979046491126798
"MUM1L1" 3.39231712802196e-05 1.26497914564639 0.192 0.101 0.101769513840659
"DLGAP3" 3.53222600216054e-05 0.258316481967928 0.11 0.094 0.105966780064816
"FRG1HP" 3.87299786417446e-05 1.39034150586503 0.282 0.161 0.116189935925234
"BMS1P16" 4.29659105321877e-05 0.351282983960379 0.221 0.069 0.128897731596563
"ZNF354A" 4.36456110913462e-05 1.10731935544869 0.242 0.19 0.130936833274039
"ZGLP1" 4.55689146749659e-05 0.515577293816586 0.183 0.096 0.136706744024898
"TCAP" 4.77589165522436e-05 1.08425685553657 0.138 0.057 0.143276749656731
"AC130324.2" 4.86612234763697e-05 0.492812523585851 0.216 0.089 0.145983670429109
"UNC79" 4.87972714054646e-05 2.81671715383421 0.312 0.14 0.146391814216394
"AC138649.1" 5.36881243860091e-05 1.17503447822639 0.312 0.111 0.161064373158027
"AC073610.3" 5.52873750750137e-05 0.808630439573021 0.167 0.101 0.165862125225041
"LCMT1-AS1" 6.20357320899922e-05 2.61398226281992 0.15 0.118 0.186107196269977
"CCKBR" 7.10800560982902e-05 1.8336586890281 0.347 0.128 0.213240168294871
"RUFY2" 7.46743536927982e-05 4.88775449371499 0.303 0.279 0.224023061078395
"POLR2J4" 7.5689680420378e-05 3.03676445571647 0.308 0.059 0.227069041261134
"NR2F2-AS1" 8.15723052788364e-05 1.08938259589704 0.148 0.122 0.244716915836509
"AC051619.5" 9.36177388241695e-05 1.75643605034974 0.284 0.094 0.280853216472509
"SOCS3" 0.000101355208622808 1.83121795192674 0.2 0.062 0.304065625868425
"PKIA" 0.000104061210424797 1.88563183730543 0.516 0.408 0.312183631274392
"AC007566.1" 0.000140685421028873 0.403174998591544 0.239 0.11 0.422056263086618
"AK4" 0.00014728373626561 2.95958652215868 0.331 0.169 0.441851208796829
"PPP1R15A" 0.000148878043754278 2.64606787315388 0.308 0.214 0.446634131262835
"FAM53A" 0.00014895626703152 0.879524312866252 0.155 0.104 0.446868801094559
"LINC00862" 0.000151091895106418 1.99207881244682 0.136 0.064 0.453275685319253
"PGAP1" 0.000156409277576245 3.49031551758598 0.477 0.293 0.469227832728736
"RNF215" 0.000157962055859129 0.709392396177117 0.242 0.141 0.473886167577386
"KCNG1" 0.000163485058623914 2.4622301976622 0.141 0.127 0.490455175871742
"FAM13A" 0.000171429486562471 0.413441102703361 0.298 0.216 0.514288459687414
"AC005837.1" 0.000175913385615157 1.11895874963189 0.244 0.106 0.52774015684547
"NUPR1" 0.000177555338941968 0.638610588266618 0.164 0.086 0.532666016825904
"AL162311.3" 0.000225357255950257 2.54692629278403 0.131 0.038 0.67607176785077
"ZCCHC6" 0.000229533876660415 1.16039793761123 0.244 0.161 0.688601629981246
"ACER2" 0.000238790474702638 0.590898535581085 0.138 0.065 0.716371424107915
"SLC2A1" 0.00026086857944847 0.724201057573682 0.3 0.213 0.782605738345411
"ZNF19" 0.000268161965054099 1.40112174837061 0.178 0.05 0.804485895162297
"OLFM1" 0.000271905733618827 3.13645092696898 0.413 0.247 0.815717200856482
"AC093901.1" 0.000271957356603099 2.09638840649591 0.143 0.079 0.815872069809296
"AC233296.1" 0.00027382191412535 0.456323359054325 0.246 0.107 0.821465742376049
"AL133216.2" 0.000276588771727408 2.31379072424608 0.265 0.095 0.829766315182223
"PVT1" 0.000298096931364037 0.853816523904376 0.11 0.123 0.894290794092112
"AC104794.2" 0.000332986623604455 2.72247438696263 0.242 0.102 0.998959870813364
"AC079296.1" 0.00034530147697529 2.43549360461428 0.305 0.101 1
"AC092506.1" 0.000406151140143538 1.77086278207682 0.167 0.086 1
"CYB5D1" 0.000408385906197074 2.37051936912433 0.12 0.062 1
"AC245140.2" 0.000419346555121405 0.550243908166419 0.138 0.128 1
"DDX24" 0.000427680850336466 0.997525069857551 0.519 0.381 1
"MIPOL1" 0.000428154218421165 2.74120646181913 0.317 0.105 1
"CACNA1C-AS2" 0.000434726178540689 3.65474883829362 0.331 0.102 1
"DNAJC27-AS1" 0.000459740801896883 1.41116029508662 0.141 0.116 1
"MXRA8" 0.000462094226269863 1.10173438975323 0.035 0.137 1
"KCNK15-AS1" 0.00048196300948003 2.26827822132758 0.31 0.057 1
"SPTB" 0.000483316499976903 2.9235139011129 0.265 0.07 1
"AL157938.2" 0.000485752695078689 1.47447586264106 0.124 0.033 1
"SDAD1P1" 0.000495176044521873 3.11985184413419 0.338 0.154 1
"RAB11FIP1" 0.000505828969990558 4.78748877791904 0.462 0.138 1
"AL445248.1" 0.000577644523026695 2.34469631859274 0.115 0.101 1
"PSAT1" 0.00063383860103477 2.04775045103727 0.484 0.215 1
"AP002495.1" 0.000639016169866001 1.53755825651589 0.157 0.122 1
"LINC00467" 0.00064050815599654 1.49586562190875 0.188 0.094 1
"LINC02525" 0.000704042041288576 3.13878829199665 0.333 0.112 1
"AL358790.1" 0.000721981396218899 2.41267884001025 0.087 0.116 1
"NPPA" 0.000841655174335554 2.815301552014 0.235 0.078 1
"LINC01122" 0.000974016670066026 1.63495497686884 0.162 0.122 1
"FGF9" 0.000990762622024643 0.778338436940934 0.082 0.151 1
"JPH3" 0.00100544443048559 1.44674100655372 0.249 0.179 1
"FALEC" 0.00117694241907089 1.84784015201898 0.239 0.126 1
"CLASP2" 0.00128370266916124 0.382336467247344 0.507 0.413 1
"ZNF385D" 0.00132951929345703 0.976890396600064 0.073 0.139 1
"ANKRD12" 0.00134086508486133 1.67373834550956 0.486 0.307 1
"AC018413.1" 0.00136166692290284 2.1588380989866 0.27 0.093 1
"ST8SIA4" 0.00148374453508603 2.77351963600745 0.176 0.151 1
"AL353194.1" 0.00150168363137872 0.830182077473728 0.169 0.121 1
"SGCG" 0.00167992113783323 1.03517215907502 0.277 0.09 1
"AC125611.4" 0.00176908697367017 2.18432358101745 0.117 0.025 1
"AL390763.2" 0.00186927687618964 2.01743161191296 0.113 0.039 1
"AOAH" 0.00191652339259589 1.26910369003519 0.073 0.115 1
"STC1" 0.00193528004947181 2.54783956087773 0.214 0.146 1
"PCDHB13" 0.00214364919402534 0.283204163928326 0.192 0.122 1
"BCHE" 0.00230323391894145 3.82296278726093 0.185 0.115 1
"SOX6" 0.00257824437198183 2.40981458735306 0.049 0.159 1
"BARX1" 0.00269653372858322 1.86007103590589 0.34 0.124 1
"TMEM140" 0.00291541973263661 0.684278345764337 0.256 0.064 1
"AC104041.1" 0.0030001674802217 0.358309685750642 0.136 0.114 1
"NRP2" 0.00338244539152005 2.04400394287305 0.228 0.109 1
"PCP4" 0.00348511219910347 0.821290396048521 0.23 0.101 1
"FAM126A" 0.00361088441697119 2.64024820447585 0.322 0.225 1
"DPY19L2P1" 0.00372563773960093 3.31365883758553 0.312 0.134 1
"AC104806.2" 0.00404799912711441 0.513542697391504 0.035 0.11 1
"AC104073.4" 0.00418227158146024 0.868803985173816 0.221 0.066 1
"LINC01424" 0.00437796081984212 0.806194256582817 0.031 0.118 1
"GABRB3" 0.00455047042379025 3.16607532907107 0.228 0.203 1
"TFRC" 0.00487439782195803 1.36832462916473 0.315 0.204 1
"LIMD1-AS1" 0.00508216815399765 2.03766846754622 0.218 0.1 1
"ZFR2" 0.00514850815660941 2.89979838705048 0.155 0.123 1
"TMEM151B" 0.00530004339704637 1.31683318319136 0.108 0.092 1
"TLE2" 0.00571032849185622 0.703377888669604 0.042 0.136 1
"PDCD6IPP2" 0.00584604191012813 2.04771914150304 0.211 0.124 1
"AC011815.2" 0.00627173315212112 1.13485152192213 0.087 0.104 1
"CNKSR2" 0.00645114505860194 5.19394963064961 0.244 0.172 1
"RNU5E-1" 0.00652727860089368 0.355967922123613 0.023 0.183 1
"DPYD-AS1" 0.00660519691011275 1.61307439825265 0.195 0.056 1
"SPOCK3" 0.00680466127359024 0.29476594810966 0.12 0.076 1
"LINC00324" 0.00686146118336558 1.36180008800551 0.157 0.089 1
"LRCH4" 0.00744896775893281 1.12238754403996 0.113 0.055 1
"EYS" 0.00773699682075833 1.02219728305157 0.07 0.109 1
"DIRC3" 0.00783305445607922 1.24833538475463 0.277 0.137 1
"NBEA" 0.00819723340143934 0.699138098545411 0.317 0.205 1
"ST3GAL6" 0.00821579429187831 2.08794630014424 0.329 0.128 1
"AC116535.1" 0.00824390440859708 1.97563243725846 0.326 0.146 1
"BDNF" 0.00830257598987895 2.62145683395037 0.15 0.083 1
"TNNT1" 0.00956556513340102 2.21670829243542 0.263 0.122 1
"ZNF837" 0.0101651735347381 1.26498775559123 0.11 0.115 1
"WWOX" 0.0106038672827037 2.88377545948632 0.167 0.142 1
"ASS1" 0.0109034007146348 1.31234904113596 0.197 0.093 1
"TTR" 0.0112057374491059 1.26403677270265 0.106 0.104 1
"SNTG2" 0.0125305149378621 0.292812839750345 0.171 0.091 1
"ZNF215" 0.0128948947703486 3.09105237162637 0.357 0.124 1
"AC063944.1" 0.0136935456866879 0.858739906599656 0.16 0.055 1
"KCNH8" 0.0154713986794691 1.88395178622994 0.23 0.146 1
"GRPEL2-AS1" 0.0154984595038788 1.55235803420017 0.162 0.091 1
"AC087500.1" 0.0155297403258859 1.72192622118751 0.249 0.155 1
"ZNF32-AS3" 0.0164481301584891 0.500361405616502 0.094 0.117 1
"SENP7" 0.018467057620509 1.74600285093073 0.143 0.194 1
"ZNF578" 0.0186852369946701 1.14612039115861 0.138 0.1 1
"IL1RAPL1" 0.0189437311285974 3.29598626716428 0.261 0.125 1
"SPTY2D1OS" 0.0190233828568364 0.485883220928988 0.124 0.133 1
"AKR1C3" 0.019476902308509 0.370438263887571 0.261 0.071 1
"RASA4CP" 0.0198094306790515 0.947129240715599 0.127 0.059 1
"HIST3H2BB" 0.0223014359315948 2.54302500363093 0.221 0.106 1
"EFNA5" 0.0231590258470513 0.512808809484715 0.279 0.083 1
"CACNB2" 0.0248679292391995 0.869303833139549 0.192 0.107 1
"ZEB2-AS1" 0.0264339023258071 0.366277538170651 0.023 0.146 1
"TAF1D" 0.0281555449852871 3.47965107839023 0.268 0.166 1
"G0S2" 0.0299643321203953 1.03918204672405 0.042 0.11 1
"AL592295.3" 0.0310966080342478 1.86142592578652 0.209 0.08 1
"NSRP1" 0.0311220679270076 1.5134418921076 0.362 0.213 1
"BCL11B" 0.0330550653716045 3.96734934708676 0.242 0.184 1
"STC2" 0.0339571462553848 4.75385805405234 0.453 0.205 1
"TNS2" 0.0353823631743989 1.20764231547019 0.122 0.125 1
"CFL1P1" 0.0356225359703501 0.382745738154879 0.289 0.16 1
"AC024901.1" 0.036622039410297 0.707496813884314 0.192 0.059 1
"LMO2" 0.0379958251536137 4.25774464364082 0.345 0.119 1
"AL138826.1" 0.0390114454272678 2.62904719395071 0.272 0.07 1
"Z93241.1" 0.0391011090571906 0.543938034298357 0.106 0.108 1
"TBC1D3L" 0.0398420306781899 2.23186252192284 0.225 0.086 1
"ZNF607" 0.0410200253397756 1.65010960863439 0.127 0.045 1
"IL20RB" 0.0410829237922267 2.39542873560941 0.19 0.082 1
"SLC7A7" 0.0416249067621406 1.56370356150559 0.155 0.055 1
"CNTN5" 0.0416330660498045 2.16603064607883 0.195 0.125 1
"TNFRSF10D" 0.0443506595031099 2.81538216237595 0.289 0.153 1
"HIST1H2BE" 0.0454553013187962 3.93262753374006 0.364 0.15 1
"LINC01012" 0.0455309297250799 0.671954159701221 0.143 0.13 1
"AL137782.1" 0.0471257796023779 0.490920470160548 0.07 0.111 1
"EML6" 0.0501103610481412 2.21651580141247 0.347 0.099 1
"CHPF" 0.050610370292466 0.438188648702792 0.251 0.162 1
"AC019077.1" 0.0507374697713087 0.770562018100103 0.136 0.122 1
"KLHDC1" 0.0508899618717307 1.62281873863909 0.275 0.129 1
"DDX11-AS1" 0.0519268605565919 1.09852079415531 0.106 0.079 1
"ZNF385C" 0.0532738757605984 2.85242935790009 0.204 0.07 1
"AL021068.1" 0.0545843579366232 2.49821665331314 0.188 0.028 1
"NRTN" 0.054882171180364 2.29070938610036 0.254 0.05 1
"USP49" 0.0548862884038805 2.40323616539323 0.143 0.135 1
"NAA16" 0.0550140501132765 4.39220330655917 0.268 0.168 1
"GALNT17" 0.0564759085804054 2.83266611616544 0.291 0.098 1
"NR2F1" 0.0604028047264453 0.981046501183174 0.322 0.362 1
"CECR2" 0.0617073171242229 4.14253978609716 0.155 0.165 1
"KANTR" 0.0687131114333586 1.04421468696916 0.225 0.141 1
"GRK3" 0.0722572592306313 3.33692150222494 0.228 0.137 1
"NOC3L" 0.0761652821356307 1.10613831187781 0.23 0.143 1
"PDE1A" 0.0777622930535632 0.317820720638739 0.155 0.138 1
"CBR3-AS1" 0.0779957910560551 0.727159364249133 0.181 0.094 1
"USP51" 0.0849750238118128 1.35920777959862 0.237 0.127 1
"AC087521.2" 0.0881320203206021 0.53341980992359 0.141 0.094 1
"AC004917.1" 0.0931123575957381 2.3437572735793 0.338 0.143 1
"KCNAB1" 0.10079384972043 1.05010164813676 0.23 0.095 1
"BTG1" 0.104238317510666 1.34730464799372 0.467 0.401 1
"TMEM52" 0.108093416019922 0.9558191930786 0.197 0.124 1
"CEBPB" 0.108236480585559 4.88360963911273 0.423 0.154 1
"DCC" 0.109310640297253 1.89058117554397 0.19 0.101 1
"TMEM130" 0.112616974307146 1.06044260506042 0.322 0.127 1
"TMEM45A" 0.11262066675797 3.49306670833216 0.411 0.116 1
"BCL11A" 0.117483015749462 5.56801376411852 0.364 0.192 1
"GSAP" 0.134248339188452 1.76638030868902 0.124 0.047 1
"COL9A3" 0.139711185128372 1.15885655327977 0.178 0.136 1
"AL118516.1" 0.140788850830055 3.33465551418505 0.211 0.152 1
"AL138756.1" 0.148352138557123 2.19013517963225 0.209 0.051 1
"IER3" 0.149383900451865 2.10581063040209 0.308 0.111 1
"CCSER1" 0.149526482471056 0.794999674286457 0.303 0.148 1
"DDN-AS1" 0.152848636888185 2.37031472430051 0.286 0.076 1
"CALCB" 0.163265234117642 2.1442204494166 0.218 0.101 1
"AC003002.1" 0.171513060601478 2.21468834912182 0.326 0.079 1
"AL035681.1" 0.175658608647278 2.79156657323787 0.347 0.103 1
"CA9" 0.182259257786675 4.29908509613124 0.43 0.201 1
"SHISA9" 0.200108294259163 0.320593671060516 0.244 0.121 1
"AC005393.1" 0.211622314396825 0.470304908269808 0.157 0.059 1
"AC107068.1" 0.214748773851703 2.58569719601173 0.308 0.114 1
"AL365203.2" 0.215780163305071 3.85409077448111 0.329 0.066 1
"FNBP1P1" 0.220615932411814 2.70870351332075 0.315 0.112 1
"AC015802.6" 0.231020361791411 0.890425391568979 0.223 0.081 1
"C21orf91" 0.243015818039617 2.77074072138021 0.138 0.159 1
"URB1-AS1" 0.245636085460743 2.73566016563634 0.35 0.114 1
"IGFBP5" 0.248389592487484 0.755398357542774 0.401 0.205 1
"AC011912.1" 0.250865293092352 3.78273090896178 0.171 0.075 1
"RASGEF1B" 0.252020215135201 3.5702043990345 0.354 0.11 1
"AC012368.1" 0.252664923033227 1.37390518785219 0.143 0.123 1
"CLTCL1" 0.264152968148324 1.67540920222336 0.164 0.1 1
"H1F0" 0.264658529129214 3.21237470274131 0.399 0.259 1
"LINC01322" 0.269595211269693 1.63906434483931 0.146 0.08 1
"AC090825.1" 0.269672955398748 0.564689183896427 0.296 0.066 1
"LYPD6B" 0.274058335243729 2.3638275370986 0.261 0.102 1
"TFAP2A" 0.282259411248499 2.41826920799998 0.188 0.034 1
"AL390195.2" 0.291034544554402 2.41089858600009 0.232 0.055 1
"STRADA" 0.296291840349647 1.41192863388405 0.16 0.06 1
"PCTP" 0.303013466790459 1.39311539687698 0.143 0.1 1
"TSPYL2" 0.304672186205553 0.632888964977729 0.39 0.176 1
"INHBA-AS1" 0.309285006972905 3.03405388104462 0.265 0.082 1
"AL031777.3" 0.312013916513301 1.68012588247367 0.265 0.165 1
"ANO4" 0.314468571160217 1.42515438089924 0.167 0.065 1
"SH2B3" 0.315684931955659 1.69736482723374 0.282 0.111 1
"SUMO2P17" 0.323095748826622 0.529310223371503 0.047 0.101 1
"NSG1" 0.326104436493087 0.363581998877687 0.376 0.361 1
"CFAP61" 0.330538109743171 2.43024052745351 0.167 0.102 1
"KRT19" 0.33177839426772 3.20305285963963 0.347 0.063 1
"LINC00491" 0.332980994233444 2.79953416182773 0.42 0.123 1
"KCNK1" 0.339810334481013 2.72211859136413 0.369 0.09 1
"TNFAIP3" 0.355692961014852 2.45691107542399 0.164 0.083 1
"GPRIN3" 0.359532725598789 3.23172631110827 0.249 0.106 1
"ZC2HC1A" 0.363906043127945 1.41673034781708 0.415 0.392 1
"AC025283.3" 0.377638289714803 1.75463797180192 0.028 0.12 1
"SH3BP5" 0.387832987804336 0.731074751584793 0.338 0.224 1
"GPR85" 0.394230243302209 2.81629543119543 0.329 0.145 1
"DUSP5" 0.401440126294436 2.71413141996134 0.317 0.119 1
"AC112236.1" 0.402364057737496 2.91257788764431 0.268 0.061 1
"TAGLN" 0.403793612624502 1.21978806358799 0.143 0.08 1
"GLCE" 0.403949592833265 1.41120313690283 0.209 0.154 1
"HIST1H2BD" 0.422983165795802 4.68789015135025 0.343 0.152 1
"CDC42EP3" 0.425145709067234 8.05687094269664 0.387 0.266 1
"DGKI" 0.429038344619044 1.29888190130771 0.127 0.131 1
"CCR10" 0.430661213740568 0.523673975215525 0.07 0.118 1
"APOA1" 0.440839872330883 1.98670840990213 0.242 0.076 1
"HTR1E" 0.445683996940136 3.2142024097398 0.216 0.07 1
"GRID2" 0.446515358455094 1.51303382294578 0.045 0.115 1
"AL357153.2" 0.458399895816075 1.10041415886414 0.286 0.083 1
"WFDC2" 0.467569477429593 0.504045573375311 0.007 0.102 1
"AP005230.1" 0.488144911810821 3.30551956328628 0.181 0.061 1
"STARD9" 0.51920712511062 1.1898696044604 0.056 0.13 1
"AC233280.1" 0.522242479225965 1.44371546335669 0.272 0.109 1
"AC123768.3" 0.539922193758743 1.77041542870667 0.108 0.071 1
"SLC17A6" 0.554889780764731 1.11769945212727 0.312 0.077 1
"TACR1" 0.558597390087967 3.00309881023192 0.308 0.069 1
"SNTG1" 0.584781517136635 0.791201340821962 0.08 0.201 1
"AC005306.1" 0.591668867636452 0.616749799824897 0.031 0.14 1
"AL390957.1" 0.598129351979289 1.71526594043819 0.134 0.076 1
"TET1" 0.603161704037697 0.299083892433331 0.38 0.266 1
"LINC01456" 0.623144589856113 0.592119203529302 0.218 0.156 1
"CNTN2" 0.624631452198674 4.36025034504929 0.164 0.1 1
"LRRD1" 0.641273360417112 2.15491729084647 0.362 0.112 1
"AC135782.1" 0.662145080759436 0.777864646990951 0.136 0.099 1
"HCG17" 0.663043268502255 2.26169412697917 0.148 0.122 1
"KDM4D" 0.686922276902823 2.76449319518696 0.347 0.141 1
"GLRA3" 0.690821374870743 1.1672791046832 0.155 0.089 1
"FO393401.1" 0.707189351655505 2.11475831706188 0.122 0.046 1
"GADD45B" 0.709498224631234 2.2648498294793 0.122 0.125 1
"NYAP2" 0.711906905923019 1.49533190434627 0.279 0.123 1
"RGS16" 0.719631461912665 3.59589176202226 0.34 0.139 1
"SCG2" 0.721960565742654 1.49541060340845 0.359 0.145 1
"CPNE9" 0.738200210725023 3.26975730792774 0.35 0.119 1
"FAM196A" 0.755089863148304 4.027691549445 0.333 0.092 1
"AC234775.3" 0.758683047075749 3.18163433693208 0.359 0.111 1
"AC020611.2" 0.78076180822525 1.94287669681701 0.39 0.153 1
"ZFPM2" 0.789666745855312 1.9040805047384 0.082 0.1 1
"TNRC6C" 0.807848411130445 0.621678899951331 0.282 0.183 1
"SHQ1" 0.812799133108405 2.27035634671847 0.143 0.134 1
"AL450326.1" 0.823166575048244 1.78410548133697 0.235 0.089 1
"GRIA1" 0.837584952975957 1.54403939122288 0.352 0.194 1
"ONECUT2" 0.854562602372676 1.52305184796629 0.359 0.188 1
"AL158050.1" 0.860145500492621 0.52946379293604 0.068 0.107 1
"UFL1" 0.875599551562281 6.38116230540146 0.373 0.211 1
"ELOVL2-AS1" 0.881830813881129 0.844587546127206 0.026 0.124 1
"PFKFB1" 0.884286809576476 1.76482205933949 0.235 0.107 1
"LINC00174" 0.887760524476971 1.07417538005627 0.296 0.167 1
"SYT6" 0.892807665726388 1.91021645982663 0.35 0.123 1
"AC072062.1" 0.894057254138691 1.82702676095269 0.148 0.053 1
"GLT1D1" 0.90216649900463 2.44692379911663 0.106 0.077 1
"MATN4" 0.914898542987298 0.425781019882301 0.195 0.122 1
"PLCB1" 0.926448656544367 0.515839302682689 0.16 0.201 1
"KCNQ1OT1" 0.938221641539644 0.261884307073091 0.308 0.143 1
"HTATIP2" 0.946291953360293 0.746416479608438 0.021 0.102 1
"HIF1A-AS2" 0.950488154536044 1.50541205650391 0.136 0.11 1
"AP001825.1" 0.952940364159238 3.53187601166638 0.289 0.098 1
"CRYM" 0.963597427532081 0.881410571555769 0.101 0.103 1
"NCAM1" 0.975287363930209 0.270368797201515 0.455 0.435 1
"CDH11" 0.989114120059985 1.87301504066932 0.115 0.119 1
"ZBTB38" 0.998173716717545 2.35083064967852 0.366 0.122 1
