"p_val" "avg_log2FC" "pct.1" "pct.2" "p_val_adj"
"SMOC1" 3.56816093156459e-156 4.31265335204252 0.775 0.159 1.07044827946938e-152
"HMGB1" 6.8904271604201e-149 2.00502756063975 0.77 0.322 2.06712814812603e-145
"CXCL13" 1.60836823799454e-133 1.0312098137133 0.017 0.107 4.82510471398363e-130
"TUBA1B" 1.08946768611837e-124 3.28469133576271 0.71 0.261 3.26840305835512e-121
"H2AFZ" 1.28159722329741e-120 0.950509034706282 0.732 0.307 3.84479166989223e-117
"MT-RNR1" 3.3151250007287e-114 2.56437420089815 0.774 0.42 9.94537500218611e-111
"MCM4" 3.40765954658671e-110 5.47327416833574 0.588 0.137 1.02229786397601e-106
"SATB1-AS1" 2.38971579074433e-109 1.00217688118257 0.091 0.198 7.16914737223299e-106
"SRI" 4.89928002916193e-109 8.86890323756863 0.726 0.337 1.46978400874858e-105
"AL357673.1" 1.10799987035909e-104 0.27768933906348 0.023 0.133 3.32399961107726e-101
"AC104333.3" 3.78583646390074e-99 0.376843881596166 0.075 0.177 1.13575093917022e-95
"DBI" 3.83135866158618e-96 3.94288556522546 0.668 0.275 1.14940759847585e-92
"ALK" 5.70476690560368e-95 0.827121754834529 0.025 0.105 1.7114300716811e-91
"HNRNPA2B1" 2.35148265600949e-88 0.884594394252245 0.741 0.396 7.05444796802848e-85
"PCNA" 2.01106073949118e-80 3.53055758530951 0.577 0.142 6.03318221847355e-77
"FAM135B" 4.12849527131066e-76 1.37223363558603 0.09 0.165 1.2385485813932e-72
"TYMS" 8.9717072755464e-74 1.97324243000343 0.57 0.098 2.69151218266392e-70
"AC008415.1" 1.35906989117245e-70 0.444763455075059 0.075 0.117 4.07720967351735e-67
"OLIG1" 1.6879894472217e-70 6.52646989734654 0.609 0.119 5.06396834166511e-67
"RPLP1" 1.85610481346357e-69 1.07630382088321 0.716 0.424 5.56831444039072e-66
"GYPC" 2.00108281341614e-67 0.361809390480843 0.132 0.105 6.00324844024843e-64
"AL133346.1" 2.30338499353655e-66 0.994819278740989 0.123 0.155 6.91015498060964e-63
"PTMA" 5.51324362602885e-65 1.38357676129366 0.683 0.42 1.65397308780865e-61
"AC002429.2" 4.08242451159498e-64 0.489656076311215 0.083 0.1 1.22472735347849e-60
"DEK" 6.14966583550902e-63 5.48299807160156 0.641 0.366 1.84489975065271e-59
"LRRN1" 9.02073825945537e-62 8.43440829502195 0.591 0.234 2.70622147783661e-58
"AP000317.2" 1.18828496376987e-61 1.45317064325909 0.21 0.328 3.56485489130961e-58
"PLEKHH2" 2.43260140511224e-61 1.97470184587703 0.071 0.106 7.29780421533671e-58
"METRN" 4.95254541031242e-58 5.1527923793888 0.606 0.181 1.48576362309373e-54
"AC113414.1" 1.71780223664017e-57 1.15767240200777 0.101 0.107 5.15340670992051e-54
"DUT" 3.137554930046e-57 3.03690264240789 0.617 0.275 9.41266479013799e-54
"DLX2" 1.56777339972394e-56 3.21478283529379 0.648 0.267 4.70332019917181e-53
"GMNN" 2.02041841607979e-56 2.45542246971811 0.512 0.101 6.06125524823938e-53
"RPS2" 2.1329523056645e-56 1.45327196899532 0.678 0.416 6.39885691699351e-53
"ZIC1" 4.42733254722965e-56 1.57101340498979 0.138 0.101 1.32819976416889e-52
"H2AFV" 2.11215342613432e-55 1.78604773539563 0.639 0.362 6.33646027840296e-52
"SOX9" 6.71367871436238e-54 4.66901462241639 0.648 0.32 2.01410361430871e-50
"ISG20" 3.40181929070632e-53 2.53165911154902 0.109 0.053 1.0205457872119e-49
"GNG5" 2.65077273786934e-52 2.06697733853305 0.617 0.324 7.95231821360803e-49
"HMGN2" 1.28807719562209e-51 6.02599996245792 0.613 0.312 3.86423158686628e-48
"DGKI" 1.82650988151529e-51 1.93429371890202 0.038 0.137 5.47952964454586e-48
"HIST3H2BB" 1.40779048011004e-50 0.266558123676804 0.036 0.115 4.22337144033013e-47
"MCM7" 1.65420728165425e-50 5.80312597513456 0.517 0.145 4.96262184496275e-47
"GINS2" 2.99184884768818e-50 5.37109593134492 0.481 0.086 8.97554654306453e-47
"ZEB1" 2.71463695938233e-49 3.87777897208875 0.525 0.218 8.14391087814699e-46
"NFIA" 4.83457174723022e-49 0.723334172170399 0.664 0.38 1.45037152416907e-45
"HHIP" 6.49000661690396e-48 1.95270941870396 0.157 0.038 1.94700198507119e-44
"ZFP36L2" 1.961019685121e-46 0.938859785187411 0.439 0.119 5.88305905536301e-43
"AL359198.1" 8.07383365313026e-46 1.31263319050278 0.119 0.083 2.42215009593908e-42
"PABPC5-AS1" 1.03075505892555e-45 0.367757075972877 0.139 0.106 3.09226517677665e-42
"CENPU" 1.94688212646259e-45 5.19316704268647 0.541 0.083 5.84064637938777e-42
"ZEB2-AS1" 2.78496101476846e-45 0.851070258419924 0.1 0.144 8.35488304430538e-42
"AL161421.1" 4.13372297065125e-45 0.552431193466765 0.065 0.1 1.24011689119538e-41
"AC007389.1" 5.10338714381025e-45 0.599029752991973 0.254 0.083 1.53101614314308e-41
"GAD2" 4.14258009862137e-44 3.65863237895162 0.545 0.216 1.24277402958641e-40
"SMC2" 8.9762484902924e-44 0.560037214538363 0.504 0.128 2.69287454708772e-40
"HIST1H4J" 1.31243646870065e-43 1.73829277950745 0.13 0.146 3.93730940610193e-40
"AC017053.1" 2.4914794108374e-43 0.483778103767929 0.104 0.131 7.47443823251219e-40
"BARX1" 7.663656057934e-43 1.77048487437407 0.246 0.124 2.2990968173802e-39
"AC127024.5" 1.83842025288801e-42 1.28287078846897 0.114 0.051 5.51526075866404e-39
"AC011815.2" 3.57754047646352e-42 0.530064837652978 0.041 0.108 1.07326214293906e-38
"TNFRSF11B" 8.18645767846078e-42 3.66488903202176 0.181 0.131 2.45593730353823e-38
"AL357060.1" 9.124206687144e-42 2.22996335730831 0.262 0.089 2.7372620061432e-38
"AC009950.1" 1.04765480817851e-41 2.71334576018363 0.129 0.049 3.14296442453554e-38
"FER1L5" 2.32147632087457e-41 1.89770920067444 0.207 0.102 6.96442896262371e-38
"MEF2C-AS1" 4.73756327238078e-41 0.617897301027652 0.204 0.115 1.42126898171424e-37
"LGALS1" 1.11612654122195e-40 2.04045192262773 0.562 0.145 3.34837962366584e-37
"DLX1" 2.46213951310257e-40 2.74468641681821 0.593 0.267 7.38641853930773e-37
"ACTA2" 3.08809641774716e-40 0.320923787270294 0.148 0.085 9.26428925324147e-37
"AC104985.1" 3.46255919688455e-40 0.572304019659308 0.114 0.062 1.03876775906536e-36
"DM1-AS" 7.91317998332922e-40 0.322135718703958 0.152 0.07 2.37395399499877e-36
"CHST9" 9.01824490711419e-40 2.43967385531164 0.146 0.073 2.70547347213426e-36
"TCF12" 4.09266789576603e-39 0.773407012896547 0.586 0.302 1.22780036872981e-35
"HCN2" 7.03257157344375e-39 0.50718621587375 0.083 0.101 2.10977147203313e-35
"OR7E14P" 2.67485753369474e-38 0.600529326403992 0.138 0.062 8.02457260108423e-35
"CCDC168" 7.74436971867196e-38 0.712874332273898 0.133 0.056 2.32331091560159e-34
"MYH14" 1.07528357752988e-37 1.06749455777765 0.143 0.087 3.22585073258963e-34
"FAM111B" 1.10419968240724e-37 3.58537031195003 0.42 0.036 3.31259904722171e-34
"CNR1" 2.01081813565678e-37 2.4791631952188 0.086 0.31 6.03245440697034e-34
"AC125613.1" 2.06900419450504e-37 2.11763082618679 0.103 0.095 6.20701258351511e-34
"CD9" 2.33253471198454e-37 2.99512583406443 0.316 0.104 6.99760413595362e-34
"AP000282.1" 3.73841855178032e-37 2.48696208495172 0.184 0.09 1.1215255655341e-33
"ZMYM4-AS1" 6.57191667956739e-37 0.535232262586183 0.261 0.043 1.97157500387022e-33
"ASIC4" 7.27765031952107e-37 3.20269404492291 0.107 0.06 2.18329509585632e-33
"AC019186.1" 3.69123252240026e-36 0.722424493181618 0.114 0.062 1.10736975672008e-32
"AC231533.1" 1.73432227031833e-34 0.705758565074152 0.025 0.101 5.20296681095499e-31
"EGFR" 3.19483818860865e-34 5.97194229187856 0.538 0.106 9.58451456582596e-31
"BAMBI" 3.73067244304701e-34 3.0634942504969 0.13 0.126 1.1192017329141e-30
"CST3" 7.3529100146239e-34 2.74209335161851 0.51 0.232 2.20587300438717e-30
"ETV1" 1.08628457932958e-33 2.08483467732701 0.481 0.199 3.25885373798875e-30
"AC090013.1" 3.07281302525746e-33 0.389577961154339 0.1 0.085 9.21843907577239e-30
"HAT1" 8.78018357544609e-33 7.86358903241899 0.52 0.164 2.63405507263383e-29
"BHLHE41" 2.95138649408657e-32 0.976357344639444 0.103 0.055 8.8541594822597e-29
"FERMT1" 3.15012226346351e-32 6.21688730020335 0.514 0.043 9.45036679039054e-29
"ZBTB20-AS1" 3.7104154005665e-32 0.646660506149907 0.135 0.079 1.11312462016995e-28
"PGF" 4.00957960014972e-32 0.789304221716243 0.348 0.178 1.20287388004492e-28
"DLX6" 4.29943993914676e-32 0.670364824089388 0.132 0.123 1.28983198174403e-28
"GRIN2D" 8.43079692417738e-32 0.535611713475081 0.01 0.127 2.52923907725321e-28
"ZFP36L1" 1.16625602400112e-31 0.642281670325022 0.491 0.191 3.49876807200336e-28
"DTL" 2.38620223205563e-31 4.01803577596005 0.406 0.041 7.1586066961669e-28
"ATAD2" 2.98635694341638e-31 2.12780358485198 0.462 0.122 8.95907083024914e-28
"SCNN1B" 3.62691429211153e-31 2.09448885730473 0.12 0.049 1.08807428763346e-27
"ASCL1" 6.78309472788116e-31 2.99402257770447 0.546 0.24 2.03492841836435e-27
"GLCCI1" 1.96480116768809e-30 1.06671440453902 0.497 0.19 5.89440350306426e-27
"KCNN2" 3.49031610522323e-30 0.394721252849385 0.12 0.113 1.04709483156697e-26
"AC021752.1" 4.428445003521e-30 0.342928155714073 0.078 0.105 1.3285335010563e-26
"PPP1R36" 5.87244213243454e-30 2.55357793276932 0.128 0.043 1.76173263973036e-26
"ONECUT1" 9.58106551442389e-30 4.37713471624865 0.117 0.019 2.87431965432717e-26
"SCRG1" 1.06647388232792e-29 9.17498267192572 0.581 0.149 3.19942164698376e-26
"LINC01004" 1.18857447724676e-29 0.832230932170249 0.274 0.134 3.56572343174029e-26
"AC104806.2" 1.89394253589806e-29 1.03589717168309 0.049 0.111 5.68182760769418e-26
"AC090510.1" 6.61318485225409e-29 0.792212769488108 0.12 0.046 1.98395545567623e-25
"POLE2" 9.08403774948729e-29 1.07872019520309 0.197 0.083 2.72521132484619e-25
"AC011444.1" 1.25926768343502e-28 0.346050110471523 0.081 0.102 3.77780305030506e-25
"P2RX7" 1.84319056502196e-28 2.6323264841905 0.103 0.066 5.52957169506587e-25
"ADAMTS17" 1.91481497680908e-28 0.822723875002367 0.151 0.103 5.74444493042723e-25
"DPF3" 2.67058800507395e-28 0.634756679733961 0.08 0.117 8.01176401522186e-25
"FOLR1" 6.10765716033684e-28 0.280493495917554 0.123 0.07 1.83229714810105e-24
"PLLP" 9.63566373052371e-28 4.01842295406489 0.152 0.053 2.89069911915711e-24
"CLSPN" 1.60857318863405e-27 4.59015228607307 0.422 0.052 4.82571956590214e-24
"TAF4B" 2.39963584093887e-27 0.681892662803824 0.145 0.054 7.19890752281662e-24
"PROX1-AS1" 2.82082108047886e-27 0.311934970997207 0.091 0.108 8.46246324143657e-24
"MT-TE" 3.27007457185013e-27 1.02723805198634 0.586 0.387 9.81022371555038e-24
"AP001172.1" 3.48646308896579e-27 0.970450661286943 0.136 0.111 1.04593892668974e-23
"ZNF491" 1.23457439069046e-26 0.853063778240253 0.052 0.11 3.70372317207138e-23
"GADD45G" 7.24440991410773e-26 0.493316082322675 0.504 0.325 2.17332297423232e-22
"OTX2" 7.59240929264558e-26 1.17959269908703 0.123 0.053 2.27772278779367e-22
"RNU5E-1" 1.01624403871158e-25 0.640649962147359 0.138 0.18 3.04873211613475e-22
"HIST1H1C" 1.2431452903962e-25 2.64862749477471 0.451 0.182 3.72943587118859e-22
"AC022075.1" 1.41037996450864e-25 1.35792128532353 0.11 0.044 4.23113989352593e-22
"HSPA1B" 1.43333660279773e-25 2.98475678641945 0.057 0.153 4.30000980839318e-22
"MT3" 2.69552471741047e-25 0.548413067366614 0.097 0.117 8.08657415223141e-22
"C9orf147" 2.95181729694111e-25 0.338876855003486 0.123 0.122 8.85545189082332e-22
"AC040169.1" 3.25469323062965e-25 1.10330306140176 0.107 0.138 9.76407969188894e-22
"SLC2A13" 3.33160667887562e-25 1.62852122256227 0.228 0.155 9.99482003662686e-22
"HIST1H4C" 3.96660981519365e-25 3.24703357127066 0.477 0.246 1.1899829445581e-21
"GSTP1" 1.975304430373e-24 0.435155878883199 0.571 0.39 5.92591329111901e-21
"MYBL2" 3.17617793731832e-24 5.29049851441522 0.436 0.033 9.52853381195496e-21
"PTPN14" 4.77804395031066e-24 2.07755643192486 0.068 0.111 1.4334131850932e-20
"AC002454.1" 8.0176193967748e-24 2.55925165056418 0.157 0.049 2.40528581903244e-20
"AL356441.1" 8.99299407013412e-24 1.61676385762913 0.206 0.103 2.69789822104024e-20
"MASP1" 9.26821506293014e-24 0.874064273760606 0.106 0.115 2.78046451887904e-20
"GPR176" 3.09984848660505e-23 1.17008808608657 0.142 0.053 9.29954545981516e-20
"TEAD4" 4.77226136932e-23 1.25284570649989 0.162 0.04 1.431678410796e-19
"CLDN10" 5.33633818333566e-23 1.91009386755326 0.209 0.081 1.6009014550007e-19
"AC011498.1" 5.79906172347012e-23 2.3653311799988 0.146 0.06 1.73971851704104e-19
"AL078581.3" 8.52803526896867e-23 0.78904095409918 0.141 0.064 2.5584105806906e-19
"PPP1R3G" 1.75148985414744e-22 1.68698306393729 0.142 0.024 5.25446956244232e-19
"AC007448.3" 2.16011318701476e-22 0.921207089945618 0.113 0.077 6.48033956104428e-19
"AC106799.2" 2.52516999464691e-22 1.31434958093552 0.243 0.112 7.57550998394072e-19
"TSHR" 1.04056945968009e-21 1.03375935738197 0.142 0.056 3.12170837904026e-18
"SKA3" 1.71247495532387e-21 3.08808688147906 0.345 0.044 5.13742486597161e-18
"AC138649.1" 2.72725618100074e-21 0.85384525606921 0.096 0.121 8.18176854300222e-18
"AC233296.1" 8.33941353943575e-21 1.00001281985377 0.104 0.113 2.50182406183072e-17
"LINC02268" 8.35580244311705e-21 0.358511209350135 0.103 0.106 2.50674073293511e-17
"AC022639.1" 8.59705196249006e-21 1.03541760423328 0.203 0.086 2.57911558874702e-17
"AC004865.2" 8.68289331319742e-21 1.71833951950817 0.138 0.064 2.60486799395923e-17
"EPAS1" 9.12274297937178e-21 1.15407211928195 0.326 0.195 2.73682289381153e-17
"ETS1" 1.37107671168562e-20 2.22184388150532 0.159 0.112 4.11323013505685e-17
"AP000911.1" 1.64627563635078e-20 5.00093421646319 0.391 0.032 4.93882690905235e-17
"TOX2" 1.70181772054119e-20 0.778462621843969 0.086 0.134 5.10545316162357e-17
"GAD1" 2.36866406559422e-20 1.62971873103048 0.388 0.151 7.10599219678267e-17
"AC010210.1" 2.70382855964305e-20 1.62153749876641 0.077 0.13 8.11148567892915e-17
"BCAN" 3.57631387098582e-20 3.57800840782835 0.53 0.183 1.07289416129575e-16
"LINC01305" 3.89572288304464e-20 1.58161186120126 0.209 0.107 1.16871686491339e-16
"VAX2" 6.26781414607956e-20 1.58426878187234 0.161 0.166 1.88034424382387e-16
"CDH9" 7.47677073011998e-20 0.386555529272027 0.249 0.07 2.24303121903599e-16
"EDN2" 7.53246114359941e-20 0.324561871311367 0.149 0.113 2.25973834307982e-16
"CDKN2A" 8.78196295828864e-20 2.96840540328765 0.4 0.068 2.63458888748659e-16
"LINC01896" 1.15700304364141e-19 0.995082201754323 0.468 0.134 3.47100913092422e-16
"AL133353.1" 1.28612853634952e-19 1.13181166904914 0.143 0.113 3.85838560904856e-16
"BMP2" 1.34605545908973e-19 2.09743050461098 0.286 0.137 4.03816637726919e-16
"ID3" 1.53212382611524e-19 0.662610890148816 0.225 0.113 4.59637147834572e-16
"AC015802.6" 2.44019557168855e-19 0.521854647707759 0.275 0.074 7.32058671506564e-16
"NES" 4.83626928972762e-19 2.46590512320642 0.462 0.194 1.45088078691829e-15
"SORCS2" 5.50427498945807e-19 0.544077048189243 0.171 0.098 1.65128249683742e-15
"KLF4" 5.51844760098026e-19 1.13941844307642 0.196 0.105 1.65553428029408e-15
"AC008147.1" 5.92333037135022e-19 3.14033088011175 0.143 0.061 1.77699911140507e-15
"C2" 7.65191599074526e-19 0.93704482170642 0.129 0.031 2.29557479722358e-15
"AL136454.1" 1.63745399497812e-18 0.510432665470368 0.138 0.1 4.91236198493435e-15
"AP000708.1" 1.86539479389388e-18 0.710209731735008 0.145 0.122 5.59618438168163e-15
"CHD7" 3.11421387746944e-18 0.260128955181494 0.522 0.26 9.34264163240832e-15
"PDGFRA" 3.22108090002366e-18 6.77796977862551 0.287 0.059 9.66324270007098e-15
"POLD3" 3.53954060151018e-18 1.99053671873747 0.349 0.122 1.06186218045305e-14
"AL031599.1" 4.10926408778e-18 2.53931964196669 0.112 0.041 1.232779226334e-14
"LINC02283" 4.59145820010524e-18 5.30379156545132 0.193 0.024 1.37743746003157e-14
"AC099522.2" 4.81047835618851e-18 0.382492199273287 0.13 0.108 1.44314350685655e-14
"AC114803.1" 7.14916158816434e-18 0.289067962308108 0.243 0.159 2.1447484764493e-14
"MCM3" 9.55969963816428e-18 2.08370914128582 0.42 0.101 2.86790989144928e-14
"AC034236.2" 1.18747818587016e-17 0.253387990781619 0.141 0.08 3.56243455761049e-14
"AP005328.2" 1.4553398393906e-17 1.18325160681119 0.125 0.036 4.3660195181718e-14
"VEGFA" 1.47927959757816e-17 1.22804482665648 0.322 0.264 4.43783879273448e-14
"DDX21" 1.5472785317988e-17 0.427961046189854 0.204 0.227 4.64183559539639e-14
"NPPA" 2.00503706166439e-17 0.32862592653918 0.138 0.08 6.01511118499317e-14
"RASSF3" 3.58125956359673e-17 0.547789483682191 0.299 0.144 1.07437786907902e-13
"MT-ND5" 6.10986861769075e-17 0.415645762970705 0.596 0.445 1.83296058530723e-13
"CDCA7" 6.49572663119309e-17 2.21736221472464 0.445 0.165 1.94871798935793e-13
"Z94721.1" 6.72078586391009e-17 0.920422891293548 0.119 0.055 2.01623575917303e-13
"SERINC5" 1.09669939636138e-16 1.70699938157944 0.497 0.199 3.29009818908413e-13
"GPD1" 1.19145659124974e-16 1.11192754424219 0.159 0.121 3.57436977374923e-13
"SLFN11" 1.3948705280442e-16 3.17916642059589 0.133 0.067 4.18461158413261e-13
"AC074286.1" 2.72771798376499e-16 2.28017349453359 0.267 0.064 8.18315395129498e-13
"AC243585.2" 2.7602255356598e-16 1.74002620981933 0.155 0.067 8.2806766069794e-13
"DNAJC27-AS1" 5.87452260181125e-16 1.40207398977431 0.099 0.119 1.76235678054337e-12
"CDKN1C" 6.08399324626389e-16 3.08550744601673 0.068 0.101 1.82519797387917e-12
"DPP4" 8.47243137191297e-16 1.95362324434677 0.241 0.053 2.54172941157389e-12
"AC010331.1" 1.23425154306544e-15 0.882436636552249 0.151 0.079 3.70275462919633e-12
"ARC" 2.2431900304133e-15 2.75969217358926 0.271 0.082 6.72957009123991e-12
"FOXP2" 2.8887494567438e-15 1.44187913352347 0.119 0.094 8.66624837023141e-12
"LINC01562" 2.90003435731164e-15 2.69039122914753 0.132 0.035 8.70010307193493e-12
"RBP1" 3.72378419361032e-15 0.994530137050354 0.204 0.121 1.1171352580831e-11
"AC098936.1" 6.45406227230442e-15 0.263367016306981 0.119 0.169 1.93621868169132e-11
"CNTN6" 8.70947814046479e-15 3.96471385218522 0.164 0.048 2.61284344213944e-11
"AC099791.2" 8.71348585238047e-15 0.270553812498045 0.109 0.052 2.61404575571414e-11
"MIS18BP1" 9.71491163862141e-15 2.68344462661218 0.238 0.083 2.91447349158642e-11
"FBXO5" 1.24192639935782e-14 1.01410085720134 0.4 0.082 3.72577919807346e-11
"SEMA3E" 2.51462364586371e-14 1.44252239780878 0.12 0.098 7.54387093759114e-11
"AC060765.1" 4.92867069653978e-14 1.10459019835757 0.117 0.042 1.47860120896193e-10
"PARM1" 6.88178302359365e-14 1.53980564715089 0.188 0.123 2.0645349070781e-10
"DGKH" 7.15919523536081e-14 1.53126009528459 0.158 0.093 2.14775857060824e-10
"CLSTN2" 7.29622924302773e-14 1.90250175903367 0.233 0.163 2.18886877290832e-10
"ATP2C2-AS1" 7.78416822684636e-14 1.46607328411626 0.143 0.09 2.33525046805391e-10
"AP000251.1" 8.14530036895183e-14 0.283445988043063 0.313 0.112 2.44359011068555e-10
"LINC01122" 9.90298315019695e-14 1.37093269278091 0.042 0.13 2.97089494505908e-10
"FAM181A-AS1" 1.1776242971394e-13 0.484088763936464 0.157 0.058 3.53287289141819e-10
"SULF1" 1.52908822415509e-13 0.56775943557828 0.13 0.072 4.58726467246526e-10
"AC016773.1" 1.73662768716284e-13 0.559236514541897 0.148 0.059 5.20988306148853e-10
"COL1A2" 1.85918965033336e-13 3.78164852798705 0.225 0.057 5.57756895100007e-10
"AC017083.3" 2.52886668034364e-13 1.37592110671777 0.17 0.058 7.58660004103093e-10
"AC025887.2" 3.39269244291774e-13 1.14607410266789 0.249 0.181 1.01780773287532e-09
"HIST2H2BD" 3.61824432174975e-13 1.88881747469319 0.123 0.07 1.08547329652492e-09
"SAMD12-AS1" 4.84856341230966e-13 1.66011070783178 0.132 0.032 1.4545690236929e-09
"CATSPERG" 5.05827397984545e-13 0.804825594761571 0.119 0.103 1.51748219395364e-09
"CPS1" 1.36481498894916e-12 0.334574702959237 0.126 0.046 4.09444496684748e-09
"DNAH3" 1.57077592699939e-12 0.405767124324893 0.177 0.055 4.71232778099818e-09
"MMP2" 1.80092267908994e-12 2.03540198537687 0.265 0.117 5.40276803726981e-09
"NOVA1-AS1" 1.88101215540376e-12 3.44660314246329 0.141 0.015 5.64303646621128e-09
"CD96" 2.03584665041674e-12 0.333479978911098 0.104 0.055 6.10753995125021e-09
"CD36" 2.08740529049203e-12 1.76772369038367 0.199 0.034 6.26221587147608e-09
"ZBTB20-AS5" 4.01443040880771e-12 0.261314412785689 0.188 0.127 1.20432912264231e-08
"PHLDB2" 4.09347636190077e-12 0.87046552902977 0.114 0.071 1.22804290857023e-08
"CDK6" 4.60208027141328e-12 4.12850975361355 0.426 0.089 1.38062408142398e-08
"TMSB15A" 5.57894555036056e-12 1.22827917148822 0.517 0.399 1.67368366510817e-08
"RNF215" 5.74408277840537e-12 0.529884270864132 0.023 0.153 1.72322483352161e-08
"MIR3681HG" 5.74905130615938e-12 1.79404716955618 0.161 0.061 1.72471539184781e-08
"OMG" 7.14692369002473e-12 3.80385609031548 0.177 0.107 2.14407710700742e-08
"RAD51AP1" 7.3554058046556e-12 2.84918709549637 0.312 0.045 2.20662174139668e-08
"GAS1" 8.27379705321126e-12 2.05904092187657 0.412 0.104 2.48213911596338e-08
"MYO1B" 1.32890461379648e-11 2.25183588865979 0.326 0.134 3.98671384138943e-08
"DAPK1" 1.50599472084755e-11 2.59062161637925 0.184 0.176 4.51798416254264e-08
"TMEM97" 3.51696250205409e-11 1.33216350642945 0.443 0.218 1.05508875061623e-07
"TMEM132D" 3.90927518859369e-11 1.49921491997324 0.149 0.093 1.17278255657811e-07
"AC244517.5" 4.41086230921557e-11 1.31184373427496 0.139 0.054 1.32325869276467e-07
"CENPK" 5.13641398020724e-11 2.71372331239413 0.378 0.08 1.54092419406217e-07
"CCNE2" 8.7375860896371e-11 4.20111057522425 0.416 0.074 2.62127582689113e-07
"ARHGAP10" 1.83737139308337e-10 4.16150917910871 0.239 0.037 5.5121141792501e-07
"MAD2L1" 1.8924301426748e-10 0.326570648133609 0.425 0.094 5.67729042802441e-07
"MSR1" 1.9209648790937e-10 1.49238041781958 0.148 0.047 5.76289463728109e-07
"MAP3K15" 2.03455890167392e-10 1.27392881904646 0.143 0.088 6.10367670502176e-07
"AC092839.1" 2.05857575960112e-10 0.973546298201763 0.209 0.136 6.17572727880336e-07
"RGS16" 2.46519711212313e-10 0.816361658797447 0.233 0.141 7.39559133636939e-07
"SPRY1" 2.56643009231743e-10 3.88186291559947 0.209 0.112 7.6992902769523e-07
"KLHL13" 2.8410531832684e-10 1.44191981074517 0.309 0.111 8.5231595498052e-07
"CCR10" 3.47995517108635e-10 0.493894917626761 0.104 0.116 1.0439865513259e-06
"AL136311.1" 3.49682717313824e-10 1.20973915412637 0.141 0.043 1.04904815194147e-06
"FAM181B" 5.36829811790358e-10 0.557997973635318 0.367 0.141 1.61048943537107e-06
"LINC01355" 5.6012261189239e-10 0.48511719074904 0.151 0.057 1.68036783567717e-06
"ZEB2" 7.07813618608969e-10 2.05272859082217 0.484 0.32 2.12344085582691e-06
"HIST1H3J" 7.49398833849074e-10 0.773487103154741 0.19 0.12 2.24819650154722e-06
"AL592295.3" 8.36147411382005e-10 1.84561302580686 0.272 0.073 2.50844223414602e-06
"RASD1" 8.7931235110906e-10 3.96907522376799 0.412 0.117 2.63793705332718e-06
"LINC01715" 9.31827611785019e-10 0.767570277480051 0.22 0.122 2.79548283535506e-06
"ITGB4" 1.17743831267532e-09 1.2261349156293 0.132 0.015 3.53231493802596e-06
"AL390728.6" 1.52119352544627e-09 1.2805880842171 0.196 0.127 4.56358057633881e-06
"SRP54-AS1" 1.69117585456084e-09 1.04938412661157 0.238 0.137 5.07352756368252e-06
"RAMP1" 2.277759910617e-09 1.40733355415358 0.19 0.069 6.83327973185101e-06
"CAPN6" 2.33166944305839e-09 2.81119674829163 0.229 0.066 6.99500832917518e-06
"METTL7B" 2.57610539520537e-09 3.86693675240726 0.287 0.11 7.72831618561612e-06
"SLC6A17" 2.70997663362622e-09 0.782613803165953 0.165 0.053 8.12992990087867e-06
"STARD9" 4.01901477439246e-09 1.22642246916665 0.259 0.118 1.20570443231774e-05
"DLL3" 4.3095528654135e-09 6.9427163855008 0.472 0.178 1.29286585962405e-05
"EAF1-AS1" 6.78022207536295e-09 0.554195214370726 0.161 0.093 2.03406662260889e-05
"SMARCA5-AS1" 7.21936565283146e-09 0.821018554617897 0.104 0.076 2.16580969584944e-05
"NPY" 7.54121749521676e-09 0.910320792597394 0.287 0.13 2.26236524856503e-05
"AP000721.2" 9.13571428980374e-09 0.959467484836837 0.193 0.117 2.74071428694112e-05
"LINC01235" 1.13753754350743e-08 0.596834561565425 0.225 0.114 3.41261263052229e-05
"LRRC39" 1.29490774521221e-08 0.511328370460047 0.123 0.067 3.88472323563662e-05
"AC024075.3" 1.35676125888158e-08 1.05522037481947 0.162 0.083 4.07028377664473e-05
"ARHGDIG" 1.4857125622529e-08 1.26089053464136 0.036 0.106 4.4571376867587e-05
"BCHE" 1.75066008402878e-08 0.914659692367353 0.326 0.104 5.25198025208634e-05
"AC107871.2" 2.29344041314133e-08 1.50551072545342 0.146 0.037 6.88032123942399e-05
"NXPH1" 2.32638125169395e-08 3.13723747832181 0.126 0.115 6.97914375508186e-05
"S100B" 3.14989968930571e-08 1.75899084007962 0.277 0.099 9.44969906791714e-05
"ETS2" 3.47791332118819e-08 1.22608659402592 0.177 0.087 0.000104337399635646
"CCND1" 4.0424874999701e-08 6.08016613349863 0.296 0.037 0.000121274624999103
"AC012510.1" 4.15377368016887e-08 0.55198448355806 0.123 0.079 0.000124613210405066
"AC008050.1" 5.74024331754015e-08 1.01795209134786 0.161 0.089 0.000172207299526205
"FBXO43" 6.00863166362937e-08 0.560507043662582 0.101 0.012 0.000180258949908881
"SESN3" 6.22660510230503e-08 1.5318203736052 0.345 0.303 0.000186798153069151
"LHFPL3" 9.6691147112184e-08 6.38245885645419 0.287 0.061 0.000290073441336552
"AC026979.2" 9.88703566345809e-08 1.31659695677119 0.138 0.111 0.000296611069903743
"TACR1" 1.16907523063236e-07 1.05690339724324 0.128 0.075 0.000350722569189708
"HIST1H3H" 1.45310402693749e-07 0.946538238032863 0.067 0.103 0.000435931208081247
"RERG" 2.00606231378912e-07 1.18707637512842 0.128 0.036 0.000601818694136736
"SPC25" 2.62145842273627e-07 1.41940148067522 0.37 0.06 0.000786437526820882
"AC093512.1" 2.76391522133278e-07 1.36130268901976 0.148 0.039 0.000829174566399833
"GRIA4" 2.93175454702366e-07 3.08388187222804 0.23 0.109 0.000879526364107098
"LAYN" 3.43661471828204e-07 0.952317514009334 0.142 0.054 0.00103098441548461
"LINC02363" 3.77908265007941e-07 0.88519885170844 0.11 0.044 0.00113372479502382
"SHD" 4.51438003449397e-07 5.73022955315584 0.365 0.069 0.00135431401034819
"SUMO2P1" 4.89029939743984e-07 0.385538284341715 0.133 0.061 0.00146708981923195
"BRINP3" 5.56721352880684e-07 3.13264937330536 0.197 0.091 0.00167016405864205
"AC098820.1" 7.65831312767234e-07 1.69163084954453 0.177 0.068 0.0022974939383017
"HSPH1" 8.13524965923302e-07 2.61141119078441 0.378 0.31 0.0024405748977699
"LRP1B" 8.36251096885489e-07 0.37169065301913 0.129 0.132 0.00250875329065647
"LRIG1" 8.40561918638359e-07 4.5919974563817 0.226 0.113 0.00252168575591508
"AC016168.2" 8.81738894307749e-07 1.76754307551602 0.138 0.034 0.00264521668292325
"ASB16" 9.04050520731409e-07 0.493611698694497 0.148 0.033 0.00271215156219423
"SPDYE18" 1.00291340093497e-06 1.22638168380087 0.149 0.043 0.0030087402028049
"PEG10" 1.13191402372054e-06 2.17704702144915 0.323 0.352 0.00339574207116162
"HYDIN2" 1.14648550528838e-06 1.16941576528784 0.068 0.1 0.00343945651586514
"HES5" 1.35799309960456e-06 1.77003730936403 0.251 0.103 0.00407397929881367
"MIR181A2HG" 1.47888928424998e-06 2.27072551705809 0.145 0.103 0.00443666785274995
"SOX6" 1.60853785332876e-06 2.39879699208569 0.313 0.143 0.00482561355998627
"NXPH4" 2.1399183510734e-06 1.46163977723717 0.038 0.119 0.0064197550532202
"FSCN3" 2.19707723202371e-06 0.788856557048669 0.172 0.05 0.00659123169607114
"SMC4" 2.4756260150463e-06 1.16032427243039 0.449 0.154 0.00742687804513889
"SLC13A4" 2.64387954311989e-06 0.868196898118713 0.119 0.063 0.00793163862935968
"CUX2" 2.86067379602069e-06 2.88326008649902 0.043 0.126 0.00858202138806206
"CCDC81" 2.9474387669722e-06 0.999718463011458 0.114 0.036 0.0088423163009166
"AC005076.1" 3.02372061950176e-06 1.44895787773009 0.174 0.05 0.00907116185850529
"PCDH9-AS1" 3.06832030893249e-06 0.433020129436439 0.126 0.03 0.00920496092679748
"SPTY2D1OS" 3.06948369956723e-06 0.79333929475653 0.191 0.129 0.0092084510987017
"TMEM100" 3.11728484759143e-06 3.66364610006067 0.214 0.056 0.00935185454277429
"AC073046.1" 3.29297356223352e-06 1.08175573174026 0.11 0.032 0.00987892068670057
"AC093227.2" 3.63013794733212e-06 0.318896566946982 0.191 0.107 0.0108904138419964
"HSPA1A" 3.80631174620773e-06 1.67292152768065 0.209 0.116 0.0114189352386232
"AC125232.1" 4.25025490705485e-06 0.595284132433553 0.133 0.107 0.0127507647211646
"PRTG" 4.39901287223963e-06 3.80438928611458 0.329 0.033 0.0131970386167189
"RASAL2-AS1" 4.45016188345768e-06 0.375304942291976 0.28 0.138 0.013350485650373
"SOX13" 4.97362259865295e-06 3.56724843262981 0.149 0.042 0.0149208677959588
"RGR" 5.71627823537589e-06 1.58759155468394 0.197 0.059 0.0171488347061277
"AC231981.1" 6.33447499052002e-06 0.569440535379966 0.159 0.078 0.0190034249715601
"AC104532.2" 6.35972164581156e-06 0.70225952807432 0.19 0.045 0.0190791649374347
"NDUFB2-AS1" 7.65344662679361e-06 2.03028510290227 0.196 0.066 0.0229603398803808
"AL049780.2" 8.83903759714493e-06 0.260520060677274 0.162 0.096 0.0265171127914348
"AC007402.1" 1.04675811883623e-05 3.63238564377962 0.274 0.119 0.031402743565087
"AC025048.4" 1.05758982003029e-05 0.376280109565357 0.042 0.111 0.0317276946009087
"LOX" 1.08384239812512e-05 2.73365650033393 0.129 0.072 0.0325152719437535
"FAM157A" 1.08939496459357e-05 0.895180074655986 0.142 0.086 0.032681848937807
"PGK1" 1.34862746439128e-05 2.70865591841211 0.39 0.365 0.0404588239317385
"SLC7A9" 1.46601291263661e-05 0.712620891097272 0.103 0.045 0.0439803873790982
"AL133216.2" 1.47259581217239e-05 1.44692957064075 0.138 0.1 0.0441778743651718
"HIST1H3B" 1.55020831612445e-05 1.37352946597627 0.22 0.037 0.0465062494837336
"PBK" 1.65736214444691e-05 1.24188645683257 0.314 0.074 0.0497208643334074
"AC092100.1" 1.73628093298786e-05 1.3017358955453 0.159 0.101 0.0520884279896358
"NIM1K" 1.85574612397426e-05 1.90218640016518 0.112 0.129 0.0556723837192278
"HIST1H1E" 1.97066242151241e-05 2.80058483443894 0.387 0.2 0.0591198726453723
"AC012640.4" 2.27608528535388e-05 1.71485503501336 0.13 0.033 0.0682825585606165
"STK32A" 2.38754400762556e-05 0.985491849921599 0.23 0.083 0.0716263202287668
"AC124319.2" 2.45019993927419e-05 0.46330204487729 0.103 0.133 0.0735059981782257
"AC005899.6" 2.66046934800921e-05 0.385937953854871 0.135 0.037 0.0798140804402762
"TIMM23B" 3.12876989261036e-05 0.919339109508366 0.101 0.142 0.0938630967783109
"AP001453.2" 3.81306145398152e-05 1.46544872014072 0.171 0.134 0.114391843619446
"DSEL" 5.14432248884297e-05 2.4365899643862 0.332 0.134 0.154329674665289
"TFRC" 5.16231453978929e-05 5.80765038402739 0.317 0.201 0.154869436193679
"AC011978.2" 5.46638967126408e-05 1.62555440728215 0.157 0.042 0.163991690137922
"ZNF267" 5.99300979115323e-05 2.17186561327552 0.199 0.138 0.179790293734597
"H3F3B" 6.16650079392513e-05 3.96479060903961 0.352 0.44 0.184995023817754
"ZC3H12B" 6.17293516852858e-05 1.29647010130186 0.255 0.143 0.185188055055857
"TNR" 6.31749514161002e-05 2.36247728782365 0.161 0.134 0.1895248542483
"AC006160.1" 6.61790922255291e-05 1.65399465261158 0.109 0.054 0.198537276676587
"MUM1L1" 6.85022040651694e-05 1.46271472641254 0.2 0.098 0.205506612195508
"FOS" 7.19153623352601e-05 0.260884937292939 0.171 0.168 0.21574608700578
"LINC00504" 7.54438792009582e-05 0.79530006397451 0.161 0.101 0.226331637602875
"AL121821.1" 7.87913524461904e-05 1.6083554867561 0.212 0.035 0.236374057338571
"MATN2" 7.96429286190333e-05 1.17141657547358 0.203 0.028 0.2389287858571
"MBP" 8.70376002756902e-05 3.85798331227413 0.162 0.042 0.261112800827071
"MEST" 8.97833384800009e-05 4.70256061274945 0.354 0.139 0.269350015440003
"CDH7" 0.000114467833962351 0.441301297097441 0.162 0.071 0.343403501887052
"LINC01550" 0.000115645612976887 1.13891362798332 0.262 0.103 0.34693683893066
"AC021088.1" 0.000116374368467302 1.76228084808355 0.172 0.063 0.349123105401905
"SHISA9" 0.000125203348587703 1.12062940692502 0.13 0.126 0.37561004576311
"LGR5" 0.00012839339227837 1.06201391810167 0.214 0.098 0.38518017683511
"WSCD2" 0.000138160774502628 1.40761604081797 0.107 0.075 0.414482323507884
"AC004253.1" 0.000138916806802973 1.24822414227277 0.155 0.071 0.41675042040892
"ANP32BP1" 0.000140105988652035 1.29784495297698 0.204 0.078 0.420317965956106
"G0S2" 0.000145194658182838 2.8348285951755 0.328 0.092 0.435583974548513
"AC087564.1" 0.000152405720960278 0.274324186977006 0.241 0.108 0.457217162880835
"ZBTB20-AS4" 0.000153390888519294 2.52045893272326 0.22 0.055 0.460172665557882
"CTSV" 0.000160215221208831 3.40745483840761 0.242 0.061 0.480645663626493
"AC093901.1" 0.000174829373306999 1.36965597149069 0.138 0.078 0.524488119920997
"C1QTNF2" 0.000187833468910103 2.69869850241386 0.174 0.055 0.56350040673031
"ABCC2" 0.000198394010562082 0.7515699742297 0.13 0.083 0.595182031686246
"RAB3IP" 0.000202832732233954 1.6812039305337 0.287 0.113 0.608498196701861
"DOCK10" 0.000224003468049002 4.27500056257287 0.309 0.21 0.672010404147007
"FLRT3" 0.000225481574881672 1.8855981324117 0.181 0.113 0.676444724645015
"DUSP6" 0.000226876332908978 3.53212189075978 0.309 0.108 0.680628998726935
"RND3" 0.000271274104878838 2.04228748327863 0.484 0.327 0.813822314636514
"PMP2" 0.000271999530722066 1.20977973717596 0.422 0.126 0.815998592166199
"LUZP2" 0.000285128580570619 3.68602621644177 0.233 0.099 0.855385741711858
"MMP16" 0.000319254771303531 1.00163942017414 0.259 0.134 0.957764313910593
"KDM4D" 0.000335696747413878 0.27336031403356 0.206 0.146 1
"EGR1" 0.000343695225387346 2.34193771097978 0.29 0.143 1
"ITGB1-DT" 0.000475262838807521 0.659405667640033 0.139 0.052 1
"HIST1H1D" 0.000554901071977112 2.55822784738364 0.252 0.113 1
"ESCO2" 0.000555755492811289 1.99510351545032 0.358 0.057 1
"NPW" 0.000567138404671796 1.47811169224018 0.128 0.079 1
"AC007285.1" 0.000571209086752481 0.378747307911743 0.096 0.125 1
"AC024940.2" 0.000600000843850126 2.33015546708739 0.332 0.11 1
"NEAT1" 0.000622107864540675 0.322975921626789 0.171 0.142 1
"SCOC-AS1" 0.000623117671258997 0.430985547224646 0.097 0.115 1
"EGFEM1P" 0.000662450712992228 0.784607361821161 0.229 0.122 1
"AC005837.1" 0.000677586157604173 0.718848516951113 0.21 0.104 1
"AP000873.2" 0.000717214583751519 0.492860032482017 0.109 0.104 1
"KBTBD11-OT1" 0.000794400020432865 1.53207292305745 0.188 0.039 1
"KCND2" 0.000796301962862202 0.290815446018447 0.207 0.096 1
"IDUA" 0.00101204311510405 0.808041852099983 0.288 0.108 1
"TMEM2" 0.00122308000338803 0.888740990671082 0.287 0.12 1
"GATM" 0.00134900118319447 1.61752773060701 0.29 0.095 1
"AL589765.1" 0.00164319080189123 0.933976984262914 0.138 0.046 1
"AC087521.3" 0.00175807627712254 0.716649989385131 0.165 0.117 1
"AP001107.9" 0.00178204770595308 0.744815303440051 0.106 0.089 1
"CTGF" 0.00184511980433241 2.63664330035191 0.284 0.085 1
"EYA1" 0.00240863006205651 1.07202467750484 0.143 0.087 1
"PDZRN4" 0.0024097696932556 0.488026846484384 0.197 0.161 1
"VGLL3" 0.00246558438381546 0.283351185632535 0.209 0.08 1
"ALCAM" 0.0028130786327526 2.08244396004568 0.146 0.104 1
"AC092142.1" 0.00339215777534502 0.674656860345118 0.122 0.07 1
"AL158050.1" 0.00356066289474725 1.076682068456 0.222 0.097 1
"AC092143.2" 0.00377262310084031 0.572425807589164 0.236 0.153 1
"HELT" 0.00395981998123136 5.00331603589146 0.322 0.072 1
"CENPW" 0.00428613831480031 1.37798806713184 0.296 0.079 1
"AC020611.2" 0.00468730587064714 0.631584935478855 0.081 0.168 1
"SLC7A7" 0.00477675868246049 0.841308226264998 0.168 0.052 1
"LIMA1" 0.00483152046448164 2.74645726698039 0.316 0.186 1
"AL691403.1" 0.00509998822788493 0.394840839359937 0.159 0.158 1
"SNORC" 0.00532884647127684 0.54538984496806 0.236 0.092 1
"MYO3A" 0.00538229789836184 2.62554769758038 0.132 0.071 1
"RGCC" 0.00582405989945942 4.9418155206474 0.223 0.055 1
"NT5E" 0.00613637856916028 4.74179334293327 0.209 0.028 1
"MYO10" 0.00656427314417048 2.44071458267523 0.438 0.233 1
"CD63" 0.00680970632167815 1.22662431486321 0.478 0.333 1
"AC096887.1" 0.00688965697671839 0.40102881333619 0.106 0.164 1
"DNAJB1" 0.00711713861211244 2.64800603253392 0.259 0.211 1
"XPC" 0.00737102232414825 4.2202412808139 0.238 0.175 1
"GCC2-AS1" 0.00782792073661133 1.46440492789309 0.184 0.053 1
"ANKRD36C" 0.0079151634279864 2.97598251191549 0.152 0.175 1
"AC092958.1" 0.00792034020147089 4.88555874560506 0.313 0.145 1
"C4orf22" 0.00810873539822221 1.66248998303205 0.17 0.06 1
"PLP1" 0.0099648294296671 2.52890492504468 0.306 0.137 1
"RPL3P2" 0.0101070798081535 1.13832895054692 0.162 0.047 1
"AP003049.2" 0.0102822414105152 0.814107411632232 0.125 0.086 1
"CADM2" 0.0118188169850863 2.33943072767421 0.259 0.167 1
"AC103736.1" 0.0129829538150324 0.644323576219509 0.19 0.124 1
"MT-CYB" 0.0134372471134271 0.378897249620261 0.533 0.46 1
"AL031985.4" 0.0140636130300088 1.14981649277404 0.103 0.091 1
"AC109460.2" 0.0157163889698125 0.524268505250394 0.016 0.125 1
"CETN4P" 0.0163035093503707 0.64605109467192 0.162 0.097 1
"HSP90AB1" 0.0165157297618039 3.70362359158451 0.425 0.453 1
"A3GALT2" 0.0165696022890278 1.9332897880757 0.107 0.034 1
"MIPOL1" 0.016987577302152 0.25407391289616 0.151 0.111 1
"BSN" 0.0174092639509752 1.59591214463664 0.077 0.155 1
"CHKB-AS1" 0.0180833610548973 2.01009624163227 0.165 0.109 1
"DLL1" 0.018785120649708 4.53927106697266 0.281 0.09 1
"GALNT13" 0.0188339431088127 1.81731217297521 0.162 0.117 1
"PCDH17" 0.0193941729733891 2.46431078433172 0.235 0.074 1
"SPRY4" 0.0195922690296478 2.85593048638294 0.27 0.096 1
"AC087500.1" 0.0201192360325213 0.801771482833834 0.212 0.155 1
"ARL4A" 0.0202464260287061 1.22742054341051 0.143 0.118 1
"STXBP5L" 0.020506099872766 1.32194773521297 0.117 0.114 1
"ITGA1" 0.0218686488860205 0.621330761691647 0.146 0.097 1
"CA3" 0.022513950897477 2.34876282495629 0.191 0.039 1
"EDEM1" 0.0225331218275939 2.11048109879008 0.159 0.098 1
"AOC2" 0.0233868474272495 0.259577713613806 0.203 0.069 1
"MEGF11" 0.0238664440021838 2.63050019364693 0.191 0.073 1
"TUBB" 0.0250045199649351 0.515820187260107 0.471 0.456 1
"CFL1P1" 0.0256617285638461 1.02150870836493 0.161 0.166 1
"FAM21EP" 0.0256943724091045 1.04289742424075 0.167 0.078 1
"PRRX1" 0.0262365152476455 1.7143036091644 0.349 0.135 1
"PPP1R14A" 0.0269780138654648 0.93524861209506 0.157 0.096 1
"NRN1" 0.0329677058991822 0.384161647073547 0.084 0.188 1
"AC140134.1" 0.0338806241312112 2.29162202275187 0.191 0.052 1
"MT-TP" 0.0371847705940724 0.34087504385396 0.383 0.337 1
"NOCT" 0.0376500117733973 0.367850565592688 0.077 0.105 1
"AL132857.2" 0.0406191675039753 1.79128531988442 0.119 0.041 1
"SVEP1" 0.0480914603574979 1.57591792991866 0.148 0.023 1
"PCDH15" 0.0529808952416984 5.76032654688564 0.258 0.094 1
"AC005306.1" 0.0534810012800056 1.72308897547051 0.316 0.123 1
"HAS2-AS1" 0.0624539603459446 0.5822534049816 0.165 0.116 1
"TMEM140" 0.0625635272787605 0.269135220370075 0.113 0.069 1
"SZT2" 0.0656109487374369 1.5975827240286 0.178 0.148 1
"TFDP2" 0.066921640140698 0.835138198867673 0.387 0.215 1
"AC004594.1" 0.0670840782766162 0.569418265893589 0.167 0.052 1
"LRRC4C" 0.0762494271689268 0.940905187377735 0.183 0.078 1
"AC012358.3" 0.0832963250817624 0.609771718370752 0.203 0.133 1
"AC008443.1" 0.0925254409669277 0.797223129705142 0.168 0.105 1
"MYO1F" 0.0948337668783724 0.480217212646467 0.113 0.063 1
"GNA14" 0.102679836094008 1.64919665754184 0.136 0.054 1
"PCDH10" 0.104130727849187 1.59275203117318 0.336 0.185 1
"ZNF804B" 0.118202953184851 1.35929957326717 0.164 0.068 1
"AMOTL2" 0.118360320006498 0.627302832283855 0.232 0.122 1
"PCDHB9" 0.118779754193903 1.40554965083748 0.196 0.15 1
"CACNA1E" 0.142298085386456 0.594101401261753 0.088 0.126 1
"HIST1H1B" 0.142474527745608 4.81525132080224 0.325 0.072 1
"TLL1" 0.143357477162324 0.45209994675791 0.161 0.081 1
"NKAIN4" 0.144337326761506 3.30186282712424 0.323 0.107 1
"TMSB4X" 0.147984328263223 1.14381059616119 0.436 0.334 1
"NCALD" 0.153947408701578 2.40104308349012 0.243 0.131 1
"CAMTA1-DT" 0.155789247920213 0.635968354967382 0.252 0.109 1
"RPL35P2" 0.168502592623532 0.466671736852801 0.065 0.105 1
"AC103876.1" 0.173600263657566 0.475016017785324 0.126 0.151 1
"SH3D19" 0.175995042005488 3.85838677712768 0.284 0.112 1
"SNTG1" 0.17683339506881 1.38420206337391 0.335 0.186 1
"MFAP4" 0.190748924008591 0.636996084393344 0.168 0.069 1
"AC020558.1" 0.190918295152718 0.279177145187898 0.161 0.165 1
"AC025283.3" 0.195866815247559 1.82761177370516 0.293 0.104 1
"GLRA3" 0.218745803640144 2.08731019303444 0.139 0.089 1
"PRRT4" 0.220233595633793 1.23915904789784 0.175 0.091 1
"CNTN1" 0.233966526122603 3.78483138458158 0.133 0.078 1
"AC124319.3" 0.236170683248725 1.93066425227823 0.2 0.086 1
"CALB2" 0.239020210292854 1.82625619471881 0.31 0.206 1
"HES4" 0.242233272547228 1.21118147051053 0.296 0.251 1
"CCDC62" 0.251260290151047 0.903291348539383 0.113 0.066 1
"DLGAP3" 0.262144124862272 0.901367975054791 0.197 0.088 1
"AC092471.2" 0.265809980681209 1.26128847142088 0.138 0.099 1
"SHBG" 0.274407355757175 0.995276574914717 0.122 0.166 1
"AP002851.1" 0.27663185430251 0.467657771210229 0.191 0.032 1
"OLIG2" 0.27752911923909 7.25080281310404 0.346 0.068 1
"BTG2" 0.283413929247009 2.55503342153833 0.332 0.134 1
"AL365275.1" 0.285708218000307 1.02502584297705 0.28 0.103 1
"TRAPPC13P1" 0.287315194546451 2.38065952111679 0.2 0.048 1
"SULF2" 0.294126296013582 3.89260325180088 0.267 0.081 1
"SLC16A1-AS1" 0.29774060040693 0.86283552853155 0.11 0.123 1
"CLEC2L" 0.300566103606758 0.995894589538819 0.145 0.074 1
"AL359710.1" 0.305565846235551 0.595504532063973 0.139 0.085 1
"STK17A" 0.314043515279539 1.39505989151197 0.193 0.105 1
"CALD1" 0.321622029318823 2.97088391759345 0.357 0.232 1
"LINC01322" 0.335218122705334 1.01141125018121 0.188 0.075 1
"AC104073.4" 0.340015038540573 2.28433521934111 0.241 0.06 1
"AC005363.2" 0.342337593336429 0.595669024382502 0.049 0.1 1
"SLC11A1" 0.349052100227523 0.470123743013843 0.101 0.075 1
"AP003392.6" 0.361691387821687 0.477366255910272 0.132 0.08 1
"AP003392.4" 0.379286132978654 1.86437478180141 0.238 0.074 1
"TSACC" 0.395793671823527 0.642143971073288 0.119 0.061 1
"RAB31" 0.410614666248848 3.40622281771176 0.419 0.153 1
"SPARCL1" 0.438056340815938 1.02024179345458 0.349 0.144 1
"AC009299.3" 0.441943170351611 0.961959395432393 0.258 0.064 1
"HIST1H2BH" 0.45593664495886 4.2579633740717 0.3 0.086 1
"ZSCAN23" 0.489021800931429 1.03361090333334 0.17 0.12 1
"AC074351.1" 0.495398466246269 0.864115325912818 0.126 0.087 1
"FBXO16" 0.507037277674751 1.63313276207222 0.055 0.139 1
"AL353708.3" 0.512818190376787 0.27061538947377 0.212 0.077 1
"HIST2H2AC" 0.549058586333024 2.71598957114546 0.277 0.102 1
"GTF2IRD2P1" 0.564813899014791 0.581590969716437 0.133 0.055 1
"MAZ" 0.566402181201941 1.23629348500095 0.258 0.094 1
"LINC01748" 0.587747233594654 0.886021471389324 0.22 0.11 1
"AC137723.1" 0.607990766814767 2.86759172749284 0.286 0.037 1
"AC010976.1" 0.620318012005811 1.92588111487204 0.191 0.111 1
"GAS1RR" 0.62096813268578 1.8391791419572 0.316 0.061 1
"AL357507.1" 0.655837735572897 1.75871540824889 0.193 0.055 1
"CYR61" 0.6573706580499 3.2147377599469 0.204 0.099 1
"BEST3" 0.659177339005176 4.62113505267425 0.37 0.053 1
"AL450326.1" 0.692746750166864 0.346367036318233 0.172 0.09 1
"AC008555.5" 0.693847914169321 1.30786467448633 0.136 0.071 1
"MDK" 0.725246764892388 2.43684382239887 0.399 0.26 1
"AL110118.2" 0.745701406186693 0.312836826075165 0.172 0.099 1
"AP001160.1" 0.751201850682609 0.606754832540869 0.126 0.116 1
"SNCAIP" 0.827455594921522 3.55775884467735 0.346 0.194 1
"GRIK4" 0.860199617514898 1.93799954111997 0.27 0.109 1
"CACNA1D" 0.880143906529801 0.269602742339528 0.151 0.118 1
"PFKFB1" 0.888479834989036 0.872790517238004 0.213 0.105 1
"AC025171.3" 0.910040114233186 1.65211141594413 0.113 0.081 1
"AC109326.1" 0.922545638027128 1.11650943214742 0.199 0.155 1
"AC007405.1" 0.964062367847062 1.73518704333875 0.116 0.073 1
"AC012368.1" 0.971776995064564 0.328082947519746 0.233 0.117 1
"TNFRSF12A" 0.983653742929586 2.83442021649156 0.239 0.078 1
"FGF14" 0.998193973375791 0.512281023363778 0.175 0.085 1
