"p_val" "avg_log2FC" "pct.1" "pct.2" "p_val_adj"
"AQP4" 3.9225800987792e-208 7.54269975444471 0.973 0.098 1.17677402963376e-204
"CLU" 8.72126093506821e-207 4.67104436769845 0.989 0.18 2.61637828052046e-203
"NTRK2" 1.18661589717318e-203 5.28578239447142 0.976 0.16 3.55984769151955e-200
"CST3" 9.19402612759235e-201 4.8411890073666 0.967 0.225 2.7582078382777e-197
"GPM6B" 2.53744180957867e-196 3.49251533753422 0.984 0.292 7.61232542873601e-193
"BCAN" 9.13735856983538e-189 4.624629645847 0.951 0.178 2.74120757095061e-185
"MT-RNR1" 1.1670111633463e-180 4.95676167418285 0.992 0.423 3.50103349003891e-177
"PTPRZ1" 2.6559328162077e-172 3.00890900719729 0.954 0.243 7.96779844862311e-169
"APOE" 3.34992649304687e-164 6.48142718684729 0.889 0.102 1.00497794791406e-160
"C1orf61" 2.45697106784459e-160 3.64451737940125 0.962 0.333 7.37091320353376e-157
"DBI" 5.18832809015131e-159 3.78525479588991 0.938 0.278 1.55649842704539e-155
"DCLK1" 1.4520772983528e-158 9.68236261593983 0.938 0.315 4.3562318950584e-155
"MT-TE" 5.89162260241134e-152 4.49079160026743 0.921 0.381 1.7674867807234e-148
"TTYH1" 1.09299769482211e-151 5.63984722635134 0.905 0.203 3.27899308446632e-148
"PEA15" 3.00912541894458e-150 0.869517237571221 0.911 0.208 9.02737625683375e-147
"PSAT1" 3.23104386328233e-148 3.29144432950029 0.878 0.202 9.69313158984698e-145
"HOPX" 4.44153334766603e-145 4.21505586582256 0.878 0.14 1.33246000429981e-141
"PTN" 4.88108163442089e-143 1.79319021782305 0.873 0.186 1.46432449032627e-139
"SLC1A3" 3.04029799039211e-141 5.15995744450628 0.897 0.201 9.12089397117634e-138
"CXCL13" 2.95197267414586e-138 0.294002584380666 0.011 0.104 8.85591802243757e-135
"DOCK2" 5.41224939001223e-138 0.768726753931004 0.03 0.316 1.62367481700367e-134
"B2M" 2.83495551103567e-137 6.79373543231705 0.881 0.269 8.504866533107e-134
"GJA1" 7.75195946702928e-137 9.00908232563288 0.859 0.133 2.32558784010878e-133
"METRN" 6.41999198589144e-134 2.52891477472079 0.881 0.184 1.92599759576743e-130
"QKI" 1.63449306033894e-133 4.71598748573172 0.894 0.31 4.90347918101683e-130
"SPARCL1" 2.90649192143324e-130 5.07431240058011 0.837 0.132 8.71947576429971e-127
"ATP1B2" 1.30064043862533e-119 3.64488785792865 0.848 0.165 3.90192131587599e-116
"PON2" 2.25485456108347e-118 5.31891283285725 0.843 0.136 6.76456368325042e-115
"SPON1" 3.91445685575113e-116 7.40340978238998 0.808 0.125 1.17433705672534e-112
"SCD" 3.06765733400585e-113 1.36809673889006 0.829 0.291 9.20297200201753e-110
"ID4" 2.96835195260101e-111 3.80205644581829 0.846 0.286 8.90505585780303e-108
"RAB31" 3.23241843273026e-110 4.47005731283297 0.824 0.147 9.69725529819078e-107
"CNN3" 5.1511506822109e-110 3.38289607868691 0.862 0.36 1.54534520466327e-106
"ADAMTS17" 1.40448090074792e-109 1.227135037665 0.014 0.109 4.21344270224377e-106
"CD99" 2.35731975910675e-109 1.64041218723075 0.843 0.183 7.07195927732024e-106
"CD81" 5.47409340336847e-109 2.56596819419815 0.854 0.374 1.64222802101054e-105
"CD63" 1.28993821352271e-104 4.38216150976683 0.84 0.324 3.86981464056812e-101
"MT-TP" 1.72227434680136e-104 5.35441000377096 0.87 0.32 5.16682304040407e-101
"ADD3" 8.42201141124319e-104 5.74747960294968 0.81 0.17 2.52660342337296e-100
"PMP2" 1.56714579149881e-103 5.38463867639786 0.816 0.121 4.70143737449642e-100
"CDO1" 7.63033304095485e-93 3.52548382503533 0.813 0.25 2.28909991228645e-89
"LINC00624" 4.02804635323271e-90 0.654529021992607 0.043 0.126 1.20841390596981e-86
"ARHGAP5" 1.18812464022348e-89 1.84350259412098 0.802 0.289 3.56437392067044e-86
"S100B" 1.3887685172384e-88 3.92547837446689 0.748 0.087 4.16630555171521e-85
"HMGCS1" 3.21548074053925e-88 4.67320104036401 0.778 0.311 9.64644222161776e-85
"HTRA1" 4.74113770700838e-87 6.4438228835245 0.783 0.109 1.42234131210251e-83
"FAM107A" 5.17951834394131e-85 5.41771694761072 0.78 0.109 1.55385550318239e-81
"ANOS1" 1.78964836171584e-84 7.21709822766609 0.753 0.086 5.36894508514753e-81
"MT-TS2" 5.22847763241978e-84 5.76206752618776 0.799 0.253 1.56854328972593e-80
"SOX9" 8.36344982019135e-84 0.878198446274292 0.816 0.324 2.5090349460574e-80
"IGFBP5" 2.16538301099851e-78 0.888331883014041 0.696 0.195 6.49614903299552e-75
"TFPI" 9.68733535280892e-78 4.74979376775955 0.759 0.095 2.90620060584267e-74
"NCAN" 3.64906047741707e-76 1.59949363785673 0.783 0.318 1.09471814322512e-72
"CXCL14" 1.11238092266349e-75 6.48190753070804 0.745 0.078 3.33714276799046e-72
"SLC4A4" 3.95431177149e-73 3.91075185360197 0.707 0.117 1.186293531447e-69
"MYO10" 9.24008346606041e-73 3.56846977658989 0.772 0.227 2.77202503981812e-69
"AC051619.5" 6.47873068182873e-70 0.650344442576605 0.022 0.105 1.94361920454862e-66
"EZR" 3.81711219326471e-67 3.28239522648811 0.745 0.337 1.14513365797941e-63
"ANKHD1-EIF4EBP3" 6.58459494484277e-67 1.67895187503055 0.133 0.058 1.97537848345283e-63
"LGALS1" 3.14673311492103e-65 0.272373256232907 0.751 0.152 9.4401993447631e-62
"ADGRV1" 4.8160058174888e-63 2.74969941148253 0.715 0.228 1.44480174524664e-59
"CPNE8" 3.35217921242769e-61 2.79215763811172 0.133 0.101 1.00565376372831e-57
"AL356441.1" 5.09113908532361e-59 1.38854514118953 0.526 0.095 1.52734172559708e-55
"SUMO2P17" 1.00155074375563e-58 1.22262132727688 0.073 0.1 3.0046522312669e-55
"MALAT1" 1.44065289579951e-58 1.78335346278479 0.81 0.392 4.32195868739852e-55
"CROT" 4.85395229975791e-58 2.64933820650303 0.669 0.091 1.45618568992737e-54
"BAMBI" 2.06725685339256e-57 0.504388618981821 0.062 0.128 6.20177056017767e-54
"MT-ND5" 1.09188003327396e-55 1.85438932613338 0.799 0.442 3.27564009982189e-52
"PABPC5-AS1" 1.44434874389537e-55 1.81214758613061 0.154 0.107 4.3330462316861e-52
"LRRC3B" 8.73896694210144e-55 4.51268388336474 0.64 0.172 2.62169008263043e-51
"CYR61" 7.43603510150483e-54 1.93443322275108 0.664 0.085 2.23081053045145e-50
"HS6ST2" 3.05873014932622e-53 3.05519648184226 0.686 0.13 9.17619044797865e-50
"FAM135B" 5.79022213366487e-52 2.11194587917565 0.163 0.16 1.73706664009946e-48
"LRIG1" 1.76039616897472e-51 2.4439159940227 0.653 0.101 5.28118850692416e-48
"HES4" 2.09011446301329e-51 4.28488304473875 0.645 0.24 6.27034338903986e-48
"B4GALT1-AS1" 2.83010560632985e-51 1.7986585416415 0.152 0.179 8.49031681898954e-48
"S100A16" 4.15242170941889e-51 6.85105882966393 0.615 0.045 1.24572651282567e-47
"GPM6A" 5.17578064477564e-51 2.04315368832302 0.732 0.387 1.55273419343269e-47
"IL33" 1.26304081923379e-48 1.99815252185753 0.596 0.093 3.78912245770136e-45
"MSMO1" 2.22822272689624e-48 1.32488707449651 0.621 0.324 6.68466818068873e-45
"ZFP36L2" 8.43523407520715e-48 2.14814212398715 0.642 0.122 2.53057022256214e-44
"ELOVL2-AS1" 3.07133647085019e-46 1.55715570847617 0.103 0.12 9.21400941255056e-43
"AC002429.2" 1.22873075781896e-45 5.81067307864964 0.656 0.079 3.68619227345687e-42
"SPATA5" 1.34213096896705e-45 1.27723642815976 0.076 0.108 4.02639290690114e-42
"AC010729.1" 1.96895648954805e-45 1.99745017711978 0.144 0.11 5.90686946864414e-42
"MOXD1" 1.66658551024535e-44 4.10698555748355 0.686 0.132 4.99975653073604e-41
"MIR29B2CHG" 9.05450277980927e-44 2.27162012397066 0.477 0.044 2.71635083394278e-40
"AC243585.2" 2.17172511145304e-43 1.43872968636672 0.103 0.072 6.51517533435911e-40
"AC005520.2" 2.41542722629949e-43 2.27250276873186 0.127 0.027 7.24628167889846e-40
"C1QL1" 2.44083292816987e-42 1.46108026487957 0.179 0.092 7.32249878450961e-39
"PCDH10" 4.08004533855873e-42 2.593226935282 0.659 0.178 1.22401360156762e-38
"LGALS3" 4.29686061859864e-42 1.11023187906634 0.165 0.062 1.28905818557959e-38
"ID2" 2.85130214848217e-41 1.00862175231892 0.65 0.344 8.5539064454465e-38
"AC027808.1" 3.97245625326318e-41 1.60380167727366 0.108 0.085 1.19173687597896e-37
"AC009159.3" 6.83252490895422e-41 2.84481619949084 0.146 0.009 2.04975747268627e-37
"AP001830.1" 2.14225607402223e-40 0.276477112393312 0.146 0.051 6.42676822206669e-37
"ATP1A2" 2.62338918929852e-40 2.23914840953712 0.656 0.096 7.87016756789555e-37
"APOA1" 3.49819775776113e-39 1.39309671742558 0.537 0.066 1.04945932732834e-35
"SYT9" 5.24881096015675e-39 1.88569439021275 0.103 0.05 1.57464328804702e-35
"NFIA" 5.32888915770529e-39 1.25690802720469 0.686 0.389 1.59866674731159e-35
"NKAIN4" 2.62333768166846e-38 4.2102568733637 0.661 0.102 7.87001304500538e-35
"TIMP3" 3.94793957986149e-38 4.80490370322839 0.669 0.08 1.18438187395845e-34
"AC021054.1" 5.29357390289377e-38 1.03064942153312 0.163 0.059 1.58807217086813e-34
"NKAIN3" 1.68714692862359e-37 2.07651404659528 0.678 0.312 5.06144078587076e-34
"AL138724.1" 2.03746833146063e-37 3.05551047890473 0.198 0.041 6.11240499438189e-34
"CPS1" 3.34141816787356e-37 0.5652381546752 0.168 0.047 1.00242545036207e-33
"CHRDL1" 3.85404091557769e-37 7.67014864045328 0.642 0.212 1.15621227467331e-33
"FAM171B" 6.50422206660367e-37 0.911887812220897 0.612 0.346 1.9512666199811e-33
"SFRP1" 2.09163932440514e-36 1.06318252475427 0.621 0.253 6.27491797321542e-33
"AL133227.1" 4.59215741447026e-36 0.736340366796865 0.146 0.062 1.37764722434108e-32
"NUP210L" 5.65261255726359e-36 0.795268883596281 0.176 0.079 1.69578376717908e-32
"CALR" 1.78348583849133e-35 0.781890255981535 0.593 0.302 5.35045751547399e-32
"KBTBD11-OT1" 3.07769069078976e-35 2.02570066295359 0.13 0.046 9.23307207236928e-32
"FAAH2" 3.87716901205873e-35 1.1163529664213 0.024 0.135 1.16315070361762e-31
"SCUBE2" 4.11140191392168e-35 0.863192396053789 0.127 0.129 1.2334205741765e-31
"SPRY4" 4.43989517381395e-35 1.59238631859019 0.556 0.091 1.33196855214419e-31
"ZNF837" 4.61079727890415e-35 1.42387470170426 0.098 0.115 1.38323918367125e-31
"GRASP" 5.55797418374039e-34 0.755568816364443 0.173 0.06 1.66739225512212e-30
"AC087623.2" 4.63074068408159e-33 3.99030307527262 0.469 0.065 1.38922220522448e-29
"AC009163.7" 1.52885762127406e-32 0.60849044686643 0.033 0.111 4.58657286382217e-29
"SESN3" 2.34607130996292e-32 1.13701938018449 0.675 0.292 7.03821392988875e-29
"NT5E" 4.51350813993013e-32 2.95608586339041 0.561 0.021 1.35405244197904e-28
"Z93241.1" 6.26792471717843e-32 0.320629300373591 0.203 0.105 1.88037741515353e-28
"AC005837.1" 9.55212164485679e-32 1.7046393431378 0.144 0.11 2.86563649345704e-28
"AC098820.1" 1.21621525204872e-31 1.21180091000251 0.176 0.071 3.64864575614617e-28
"AL358852.1" 2.2073677956028e-31 0.442426805179716 0.127 0.066 6.62210338680839e-28
"BHLHE41" 3.14045955209903e-31 3.6668438461649 0.564 0.04 9.42137865629708e-28
"LINC01896" 3.27213701376574e-31 4.967143053118 0.65 0.137 9.81641104129722e-28
"CNTNAP4" 6.01799662785947e-31 1.15740400927283 0.396 0.092 1.80539898835784e-27
"SQOR" 8.34641284038015e-31 2.34004335438271 0.154 0.027 2.50392385211404e-27
"AC104333.3" 1.80062118110618e-30 2.66022157455299 0.228 0.168 5.40186354331855e-27
"FAM181A-AS1" 2.75266959568983e-30 2.4868707912655 0.168 0.061 8.25800878706949e-27
"AC113349.2" 2.87603436565994e-30 1.14622594601963 0.52 0.118 8.62810309697983e-27
"AC244230.2" 3.12119377266786e-30 5.67336581085518 0.561 0.008 9.36358131800359e-27
"CADM2" 3.60605217227998e-30 3.81139094637946 0.507 0.161 1.081815651684e-26
"AC125232.1" 5.39810498642913e-30 0.364452517225798 0.022 0.112 1.61943149592874e-26
"SEMA6D" 1.08934735719191e-29 2.44049261095822 0.499 0.123 3.26804207157574e-26
"NQO1" 1.10727222161677e-29 2.66719449864065 0.531 0.084 3.32181666485031e-26
"PHACTR2P1" 2.68454944140357e-29 1.56546669609771 0.13 0.035 8.05364832421072e-26
"FST" 1.2106966604517e-28 1.7071099423223 0.55 0.079 3.6320899813551e-25
"AC006130.1" 1.28702020275902e-28 2.4870531045626 0.133 0.034 3.86106060827705e-25
"AC022075.1" 1.46051810022944e-28 1.04900036159309 0.182 0.044 4.38155430068832e-25
"AL136311.1" 4.37405071218258e-28 1.02856947731627 0.119 0.047 1.31221521365477e-24
"PTPRE" 1.56013920122552e-27 2.43554055060685 0.16 0.077 4.68041760367656e-24
"MT3" 1.59637558340231e-27 3.97954749317237 0.558 0.1 4.78912675020692e-24
"LINC01185" 1.72181178945713e-27 2.33529256065829 0.106 0.057 5.16543536837138e-24
"TATDN2P2" 1.74618310437823e-27 2.0184346308577 0.482 0.039 5.2385493131347e-24
"AC073941.1" 2.09846759982946e-27 3.83711700327306 0.263 0.033 6.29540279948837e-24
"RAMP1" 6.36159000486478e-27 5.55548196056598 0.596 0.058 1.90847700145943e-23
"IQGAP2" 1.02418194148338e-26 2.887626487796 0.55 0.12 3.07254582445014e-23
"AF129075.2" 1.97073667172255e-26 2.12485767105216 0.16 0.033 5.91221001516764e-23
"AGBL3" 2.92976314228333e-26 2.09374178226772 0.407 0.139 8.78928942685001e-23
"ITGA1" 4.15146987183205e-26 1.13790597204608 0.114 0.1 1.24544096154962e-22
"AL137003.1" 5.020382101986e-26 1.82401668555808 0.122 0.063 1.5061146305958e-22
"SLCO1A2" 5.91691008748219e-26 2.12999101721181 0.198 0.067 1.77507302624466e-22
"COLEC11" 8.46761470396759e-26 2.42333133427126 0.206 0.058 2.54028441119028e-22
"AC005306.1" 1.42279218793492e-25 1.17163221754075 0.217 0.133 4.26837656380475e-22
"KCNN2" 1.47086095693802e-25 3.0341644561686 0.168 0.111 4.41258287081405e-22
"FAM181B" 1.04485680245628e-24 1.30343614614244 0.615 0.139 3.13457040736885e-21
"ZNF267" 1.35367878728353e-24 1.79309748685794 0.117 0.143 4.06103636185059e-21
"AC010976.1" 2.34069714692293e-24 1.48792730009414 0.127 0.116 7.02209144076879e-21
"SMOC1" 2.6978962617273e-24 1.54692867923136 0.225 0.199 8.0936887851819e-21
"GSTP1" 5.02153921923578e-24 3.38596219502551 0.615 0.394 1.50646176577073e-20
"AL591848.4" 5.75729046650429e-24 0.308224792552787 0.141 0.054 1.72718713995129e-20
"VCAM1" 1.87384602258616e-23 5.48531392578675 0.585 0.071 5.62153806775848e-20
"METTL7B" 1.88691521821578e-23 2.47456507039935 0.583 0.105 5.66074565464733e-20
"SIX3" 4.58490822092352e-23 4.50379720621344 0.509 0.026 1.37547246627706e-19
"CHKB" 5.25652445536306e-23 0.727597955640372 0.472 0.038 1.57695733660892e-19
"LRRC9" 5.32005851269629e-23 2.19880897731563 0.518 0.114 1.59601755380889e-19
"PTCHD1-AS" 5.38904153510203e-23 1.76861622469392 0.154 0.097 1.61671246053061e-19
"AP001825.1" 5.9313007140682e-23 1.82154312581713 0.423 0.094 1.77939021422046e-19
"AC121342.1" 8.42282363666642e-23 0.994345104425403 0.163 0.072 2.52684709099993e-19
"UNC5B" 1.89831566117663e-22 0.422850611313274 0.409 0.106 5.69494698352988e-19
"TNFRSF11B" 4.25493173727584e-22 4.31241976478624 0.285 0.129 1.27647952118275e-18
"GATM" 5.28842819344198e-22 3.86489556655792 0.55 0.092 1.58652845803259e-18
"ANXA2" 5.51621794490081e-22 0.909520165696543 0.485 0.059 1.65486538347024e-18
"GABRA2" 5.66541470752827e-22 0.578982788409965 0.412 0.124 1.69962441225848e-18
"AC007728.1" 1.62385172284613e-21 0.800063844411474 0.236 0.028 4.87155516853838e-18
"AL512343.2" 2.0263567261697e-21 0.869977899377732 0.176 0.054 6.07907017850911e-18
"AC016924.1" 2.17615593603495e-21 1.90848314344396 0.192 0.051 6.52846780810485e-18
"AC069200.1" 2.74102995988633e-21 1.81529073906095 0.171 0.067 8.223089879659e-18
"LINC01235" 3.12660263429681e-21 2.0921064120263 0.547 0.105 9.37980790289044e-18
"LINC01933" 4.27853274189687e-21 1.44373309110727 0.23 0.044 1.28355982256906e-17
"AC090013.1" 6.11371768946302e-21 1.03610776914202 0.206 0.082 1.83411530683891e-17
"BMPER" 1.19344176808083e-20 0.778898478872057 0.079 0.125 3.5803253042425e-17
"UTRN" 5.37470926721641e-20 2.84928927168948 0.515 0.094 1.61241278016492e-16
"HES5" 1.05406449825795e-19 2.97198585597271 0.556 0.097 3.16219349477386e-16
"AC109326.1" 1.7990731005628e-19 0.340738868116844 0.095 0.16 5.39721930168841e-16
"AP003086.2" 1.95947882223362e-19 0.382693082191917 0.065 0.13 5.87843646670087e-16
"LINC00271" 2.33942279797344e-19 1.30375424389698 0.482 0.088 7.01826839392031e-16
"AC007402.1" 2.66688781848424e-19 0.687692882797084 0.168 0.128 8.00066345545273e-16
"NIM1K" 3.46033048824238e-19 3.23400825079979 0.393 0.118 1.03809914647271e-15
"POLR2J4" 4.54599422374481e-19 1.95559641737342 0.42 0.056 1.36379826712344e-15
"ID3" 5.34583086773213e-19 4.96241829510581 0.255 0.115 1.60374926031964e-15
"KREMEN2" 6.54416964926472e-19 1.26586718066479 0.152 0.052 1.96325089477942e-15
"DIO2" 8.48320491452162e-19 5.838758454905 0.509 0.097 2.54496147435649e-15
"SLC43A1" 1.08582007273211e-18 1.72198715374225 0.163 0.016 3.25746021819632e-15
"AC005476.2" 1.11795541036553e-18 2.02352516094803 0.225 0.082 3.3538662310966e-15
"AC040169.1" 1.44988326380795e-18 0.76282422853283 0.493 0.123 4.34964979142384e-15
"PCDH17" 1.62244660577703e-18 2.78674048236295 0.268 0.078 4.86733981733109e-15
"SLC5A4-AS1" 1.83733536982893e-18 1.4798151880875 0.051 0.103 5.51200610948679e-15
"FZD5" 2.62728786514788e-18 3.2310906289555 0.225 0.046 7.88186359544365e-15
"PCTP" 3.90508371625703e-18 2.56403345926252 0.482 0.088 1.17152511487711e-14
"AL160314.2" 3.9270297802516e-18 1.61437103446999 0.312 0.107 1.17810893407548e-14
"ESR1" 5.68366202477105e-18 1.04269615433803 0.184 0.046 1.70509860743131e-14
"AC020663.1" 6.00165524444953e-18 2.21828798612894 0.182 0.047 1.80049657333486e-14
"IL23A" 6.42333414619519e-18 1.77493652064954 0.222 0.022 1.92700024385856e-14
"AC064801.1" 7.10961142051327e-18 1.63520701875294 0.238 0.036 2.13288342615398e-14
"TPI1P2" 8.53749801976679e-18 0.636259138176007 0.187 0.063 2.56124940593004e-14
"ANXA1" 1.09558649311614e-17 2.78223528432267 0.518 0.051 3.28675947934842e-14
"SSH3" 1.54346768849981e-17 1.38163840361721 0.35 0.089 4.63040306549942e-14
"AC093227.2" 1.70446728985921e-17 2.05825674640066 0.531 0.097 5.11340186957762e-14
"CRISPLD2" 3.7985970478638e-17 1.76894814525341 0.382 0.095 1.13957911435914e-13
"GAS5-AS1" 6.325871670715e-17 1.63970747675431 0.209 0.047 1.8977615012145e-13
"RGS6" 8.16304682702528e-17 3.31708272583256 0.531 0.104 2.44891404810758e-13
"OCLN" 9.47494179972774e-17 2.79257051773535 0.214 0.016 2.84248253991832e-13
"MARCH4" 1.37161624399314e-16 2.78299821877788 0.014 0.133 4.11484873197943e-13
"TNC" 1.56888550363203e-16 3.78287025717938 0.585 0.081 4.70665651089608e-13
"GNG5" 1.60668455141061e-16 0.621905593924983 0.569 0.335 4.82005365423182e-13
"AC007566.1" 2.55648185977894e-16 1.07446460436529 0.073 0.117 7.66944557933682e-13
"SLFN11" 3.42809518860376e-16 3.43959691311647 0.206 0.067 1.02842855658113e-12
"ZNF19" 3.83636414142594e-16 1.13674496466837 0.436 0.042 1.15090924242778e-12
"AC119403.1" 4.17449099222522e-16 1.61463741939286 0.211 0.047 1.25234729766757e-12
"APOD" 4.31322117598178e-16 1.63176739475718 0.163 0.031 1.29396635279453e-12
"ANGPTL4" 5.6616321958132e-16 0.446763928084909 0.333 0.135 1.69848965874396e-12
"LEKR1" 6.39494869695434e-16 0.686960053870326 0.117 0.086 1.9184846090863e-12
"ZMYND10" 1.08197639980413e-15 1.11003084822099 0.214 0.08 3.2459291994124e-12
"LATS2" 1.23830972747941e-15 1.16228516469472 0.469 0.065 3.71492918243823e-12
"SLC7A11" 1.57388143763556e-15 0.497570773473299 0.39 0.131 4.72164431290667e-12
"PCDH9-AS1" 1.76287988726808e-15 0.43807610753567 0.198 0.03 5.28863966180424e-12
"AP005328.2" 2.34441593066493e-15 1.15406767767088 0.209 0.035 7.03324779199478e-12
"CCDC144NL" 4.18218306263922e-15 0.458809864948124 0.192 0.143 1.25465491879177e-11
"IFI16" 6.69737078967273e-15 0.525860904117355 0.141 0.122 2.00921123690182e-11
"GPX3" 6.79146353308891e-15 3.59805404514341 0.412 0.092 2.03743905992667e-11
"SAMMSON" 8.97394951313592e-15 2.18083706004117 0.179 0.018 2.69218485394078e-11
"LAG3" 1.0285424822729e-14 1.11496768535538 0.317 0.087 3.08562744681871e-11
"NEK8" 1.57004846753491e-14 1.47426349053148 0.257 0.056 4.71014540260473e-11
"PRRX1" 2.00068941892402e-14 4.56870623212037 0.547 0.134 6.00206825677205e-11
"AL139412.1" 2.50974957593156e-14 2.23812378823292 0.518 0.131 7.52924872779468e-11
"AC083864.2" 3.80123943813933e-14 1.24638927401127 0.382 0.084 1.1403718314418e-10
"MFSD2B" 4.16897702569505e-14 1.21867589168432 0.165 0.056 1.25069310770851e-10
"SLC11A1" 6.15719664160634e-14 1.41601107622215 0.434 0.064 1.8471589924819e-10
"LINC02253" 6.4265824076353e-14 1.80792429089081 0.436 0.035 1.92797472229059e-10
"PSRC1" 1.37064938189072e-13 2.11372509181461 0.314 0.099 4.11194814567216e-10
"XBP1" 1.46273504445528e-13 1.66004888436083 0.257 0.194 4.38820513336584e-10
"ACTA2" 1.68879473385289e-13 3.30155662359144 0.523 0.073 5.06638420155867e-10
"OMG" 1.83464290174987e-13 1.78671141487924 0.244 0.106 5.50392870524961e-10
"CRH" 1.91101439662212e-13 4.06838511794266 0.434 0.048 5.73304318986637e-10
"GFAP" 3.22699733737867e-13 5.29448563466078 0.534 0.069 9.680992012136e-10
"NAPA-AS1" 3.34781219586726e-13 0.958804241139283 0.165 0.12 1.00434365876018e-09
"ZNF607" 3.39535313419924e-13 1.44691812188306 0.179 0.043 1.01860594025977e-09
"ADPRHL1" 4.14068786680098e-13 1.39781055045735 0.184 0.106 1.2422063600403e-09
"SNRPN" 8.32794755857527e-13 2.29594654150337 0.163 0.045 2.49838426757258e-09
"GALNT10" 1.15106181765206e-12 1.8978908760362 0.106 0.127 3.45318545295618e-09
"C2" 1.33565132360765e-12 1.73131651487891 0.179 0.032 4.00695397082295e-09
"AL031777.3" 1.73817405557349e-12 0.809804133315421 0.306 0.164 5.21452216672046e-09
"SNCG" 2.2465172747556e-12 3.12465817438849 0.298 0.128 6.73955182426681e-09
"CA3" 2.61245373746268e-12 0.569039325370046 0.26 0.041 7.83736121238804e-09
"LOX" 2.91995303197534e-12 1.2405944454299 0.393 0.064 8.75985909592602e-09
"DLC1" 3.96170882718436e-12 3.39760381922203 0.537 0.21 1.18851264815531e-08
"CDH22" 5.23551451852273e-12 1.59248085841706 0.23 0.058 1.57065435555682e-08
"NOVA1-AS1" 5.40937930941241e-12 2.69551106099239 0.214 0.017 1.62281379282372e-08
"LINC00491" 5.79837783957234e-12 1.21922285195064 0.358 0.127 1.7395133518717e-08
"SHROOM4" 7.65882870270365e-12 1.16983441990754 0.301 0.043 2.29764861081109e-08
"AL022341.1" 1.32241926073482e-11 1.8109358541637 0.244 0.027 3.96725778220447e-08
"LUZP2" 1.39822111222402e-11 3.0624560816742 0.458 0.095 4.19466333667207e-08
"BRINP3" 1.62531294473738e-11 2.57767738467634 0.455 0.085 4.87593883421214e-08
"KCNMB2-AS1" 1.97789654814773e-11 0.362898119509385 0.19 0.059 5.93368964444319e-08
"STAM-AS1" 2.0332772622055e-11 1.85280214250301 0.304 0.06 6.09983178661651e-08
"FO538757.1" 2.27255172995202e-11 0.429883354650563 0.119 0.117 6.81765518985607e-08
"ZMYM4-AS1" 2.37585235922749e-11 2.06140591969002 0.119 0.055 7.12755707768247e-08
"PPM1H" 2.73027894432271e-11 1.45857058932323 0.474 0.099 8.19083683296814e-08
"AP001486.2" 3.53717043697378e-11 1.21379010941205 0.255 0.123 1.06115113109213e-07
"LINC00513" 3.55266245048333e-11 1.85931288117957 0.293 0.059 1.065798735145e-07
"VTRNA1-1" 6.42702801157004e-11 1.40141168371952 0.477 0.037 1.92810840347101e-07
"AC007448.3" 7.95314074583964e-11 1.57499237709932 0.26 0.073 2.38594222375189e-07
"AL356488.3" 1.20738125257654e-10 2.02093084434961 0.499 0.05 3.62214375772963e-07
"EDNRB" 1.21169218264927e-10 2.7747259122878 0.523 0.057 3.6350765479478e-07
"GRIK1" 1.71663654875122e-10 3.25566337473031 0.423 0.068 5.14990964625366e-07
"AC015912.3" 1.8793958235076e-10 2.61750140928419 0.501 0.098 5.63818747052281e-07
"HIF1A-AS1" 2.78496511022317e-10 0.921949970158202 0.295 0.111 8.3548953306695e-07
"CRYAB" 2.78810796016944e-10 2.55999390209957 0.312 0.129 8.36432388050834e-07
"AC005899.6" 3.0490222422241e-10 1.32661706848462 0.179 0.038 9.14706672667229e-07
"AL365275.1" 3.86460604198194e-10 0.708571704901132 0.257 0.109 1.15938181259458e-06
"JUN" 4.21817065171002e-10 0.640088536505816 0.407 0.326 1.26545119551301e-06
"NOL3" 5.26404790862129e-10 2.49884490632796 0.35 0.109 1.57921437258639e-06
"PRUNE2" 6.51096308522245e-10 1.71918406234202 0.434 0.087 1.95328892556673e-06
"SHC1" 6.57858096854022e-10 2.04696019666192 0.453 0.058 1.97357429056207e-06
"KCNJ3" 7.74441272072095e-10 0.528352337473063 0.016 0.101 2.32332381621628e-06
"SYCP2L" 8.03248047821128e-10 0.843234293616046 0.336 0.09 2.40974414346338e-06
"S100A4" 8.24901644123481e-10 1.50426237516168 0.225 0.047 2.47470493237044e-06
"AC103810.1" 1.13182359157812e-09 1.22884577986955 0.333 0.06 3.39547077473436e-06
"SFRP2" 1.13423135319649e-09 3.98209899511896 0.317 0.071 3.40269405958948e-06
"SULF1" 1.15248801756431e-09 1.33687081613983 0.453 0.062 3.45746405269292e-06
"NDST1-AS1" 1.25837705606858e-09 0.962730993924117 0.442 0.061 3.77513116820575e-06
"AL391069.2" 2.06246038910613e-09 1.66012628448362 0.23 0.038 6.1873811673184e-06
"ARF4-AS1" 2.59486299676707e-09 1.02811670940615 0.13 0.092 7.78458899030121e-06
"EMP3" 2.60819058574947e-09 2.41027671169038 0.461 0.121 7.82457175724841e-06
"SLC9C2" 2.76132447811231e-09 1.04464961062803 0.314 0.068 8.28397343433692e-06
"KCND2" 3.92611490876276e-09 2.72210980473448 0.179 0.1 1.17783447262883e-05
"ANP32BP1" 4.73956852278977e-09 0.631527819833851 0.257 0.08 1.42187055683693e-05
"AC012636.1" 5.18873934159416e-09 2.09128666721887 0.282 0.059 1.55662180247825e-05
"B3GAT2" 7.87168730195937e-09 1.81056508331811 0.301 0.142 2.36150619058781e-05
"NWD1" 8.37261498460164e-09 0.806168007010594 0.415 0.054 2.51178449538049e-05
"CACNB2" 8.61852132514436e-09 2.14616745143223 0.415 0.099 2.58555639754331e-05
"AC073987.1" 8.92933766615337e-09 1.34251879430032 0.317 0.044 2.67880129984601e-05
"AL121827.2" 1.78225147349287e-08 3.66866143213368 0.287 0.028 5.3467544204786e-05
"LINC01004" 2.01935314948658e-08 0.926339498930417 0.26 0.139 6.05805944845975e-05
"AC034236.2" 2.65286472995935e-08 1.35954390456078 0.358 0.074 7.95859418987805e-05
"RNF215" 3.58684278044948e-08 0.716595887209408 0.268 0.14 0.000107605283413484
"AC099791.2" 3.89146076369249e-08 3.03486209049588 0.257 0.048 0.000116743822910775
"AC012313.6" 4.81371937993756e-08 2.73655746922951 0.469 0.054 0.000144411581398127
"GMFG" 7.60807829486077e-08 2.56559918698 0.434 0.049 0.000228242348845823
"MSTN" 8.68780346551717e-08 1.99802530568045 0.285 0.06 0.000260634103965515
"FABP5" 9.58025873582674e-08 0.528439637801927 0.401 0.248 0.000287407762074802
"AP003049.2" 1.15878927538524e-07 1.32040944374244 0.125 0.087 0.000347636782615572
"CHST9" 1.16017410290828e-07 3.30834496456868 0.447 0.064 0.000348052230872484
"SNCAIP" 1.69103581500246e-07 3.70438252328318 0.507 0.193 0.000507310744500739
"ISPD" 1.74898056840431e-07 1.6093866019234 0.13 0.112 0.000524694170521294
"TTLL9" 1.80084924016444e-07 0.732729232521843 0.317 0.068 0.000540254772049333
"TNFAIP3" 1.92666623335723e-07 1.59045563401537 0.425 0.074 0.000577999870007168
"LINC01197" 2.25845327251176e-07 1.31028418730715 0.29 0.073 0.000677535981753527
"NUS1P2" 2.34842251182282e-07 2.81990893388664 0.244 0.023 0.000704526753546845
"AC004594.1" 2.43775671311164e-07 2.70169700144778 0.417 0.047 0.000731327013933492
"PTPRT" 2.91292967724559e-07 0.448378707756751 0.379 0.119 0.000873878903173678
"CATSPERE" 3.40684577808269e-07 1.62902044575621 0.355 0.1 0.00102205373342481
"AC021088.1" 3.56319519289135e-07 3.6369441591502 0.442 0.056 0.0010689585578674
"PCDHB2" 4.77196802763871e-07 0.898411663197824 0.271 0.244 0.00143159040829161
"PPP4R1-AS1" 5.41751685719963e-07 0.694401365359651 0.271 0.128 0.00162525505715989
"MATN4" 6.55576679815742e-07 0.641780778979724 0.203 0.122 0.00196673003944723
"TNFRSF25" 6.70926408533235e-07 0.629835421752894 0.209 0.11 0.0020127792255997
"C9orf147" 7.60273441920776e-07 0.858516305939581 0.236 0.118 0.00228082032576233
"AC018648.1" 8.26240225755087e-07 1.81384343920921 0.35 0.106 0.00247872067726526
"STXBP5-AS1" 9.28747549501855e-07 0.552984466640783 0.211 0.103 0.00278624264850556
"ZNF630" 1.00491833101785e-06 1.87504415590364 0.409 0.113 0.00301475499305354
"AC025219.1" 1.18250380622244e-06 0.824322225143533 0.444 0.094 0.00354751141866731
"CAMKMT" 1.67543816764799e-06 0.978342151280327 0.425 0.121 0.00502631450294398
"CAVIN1" 1.90473841346241e-06 1.28720525079529 0.382 0.068 0.00571421524038723
"EGFEM1P" 2.34706604202924e-06 0.989151523602121 0.192 0.127 0.00704119812608773
"ZNF883.1" 2.84879665578864e-06 1.11696170470885 0.428 0.099 0.00854638996736593
"AC091167.6" 3.03373213428537e-06 1.93796836151166 0.257 0.098 0.00910119640285611
"CXXC4-AS1" 3.53429805067035e-06 1.91270421097864 0.141 0.055 0.0106028941520111
"LINC00943" 4.18608066821133e-06 0.400927680537635 0.252 0.084 0.012558242004634
"SPP1" 5.27906617273312e-06 1.08237503375033 0.358 0.044 0.0158371985181994
"PLA2G5" 5.57507821873781e-06 6.72852023879414 0.477 0.044 0.0167252346562134
"CCDC88A" 5.64755246088117e-06 1.46601392676908 0.314 0.397 0.0169426573826435
"TLL2" 6.4012296482327e-06 1.45179881699262 0.396 0.036 0.0192036889446981
"ASAP3" 7.35551094831394e-06 1.21445224435344 0.22 0.137 0.0220665328449418
"OTX2" 8.94162595970179e-06 4.42090288449338 0.442 0.044 0.0268248778791054
"INPP5D" 1.01427825631586e-05 1.49656642926425 0.388 0.132 0.0304283476894758
"CD163L1" 1.22330183964241e-05 1.38499148525085 0.252 0.055 0.0366990551892723
"MATN2" 1.66437066156279e-05 1.73908956621029 0.428 0.025 0.0499311198468836
"LRP1B" 1.99959402111919e-05 1.27285552929387 0.255 0.128 0.0599878206335756
"AC012510.1" 2.01182265134947e-05 3.07290859265394 0.431 0.069 0.0603546795404842
"PRTG" 2.13525815037438e-05 1.84935773452796 0.293 0.044 0.0640577445112314
"RASSF9" 2.56254059833419e-05 3.01880062262078 0.415 0.02 0.0768762179500258
"AC005822.1" 3.20595599454005e-05 3.19774971591683 0.179 0.095 0.0961786798362015
"AC018462.1" 5.08228689413263e-05 1.92137801831822 0.271 0.042 0.152468606823979
"RASSF3" 5.69543669480505e-05 0.49063859728667 0.336 0.148 0.170863100844151
"ZFHX4" 6.63211825069373e-05 0.384697552387748 0.504 0.186 0.198963547520812
"COL12A1" 7.91072150185842e-05 1.77072134702126 0.241 0.149 0.237321645055753
"NEAT1" 8.55366101581953e-05 1.87997581118041 0.344 0.137 0.256609830474586
"LIX1" 8.77098945791147e-05 6.93965808898186 0.444 0.063 0.263129683737344
"SCRT2" 9.12327253159237e-05 1.40174303042001 0.317 0.075 0.273698175947771
"TNFRSF12A" 9.57275989206664e-05 2.5958258913001 0.398 0.077 0.287182796761999
"AL592295.4" 9.58173829755896e-05 1.4082255187705 0.331 0.04 0.287452148926769
"SOX13" 0.000104527525238792 1.05050599269093 0.249 0.041 0.313582575716377
"BCYRN1" 0.000111102114114937 1.63250458989522 0.228 0.031 0.333306342344812
"AC005562.1" 0.000132769354797108 0.336277033060908 0.257 0.118 0.398308064391325
"PLP1" 0.000145644563704956 1.90274057199756 0.48 0.136 0.436933691114868
"ST7-AS1" 0.000148427786009248 2.62982141526051 0.407 0.155 0.445283358027743
"PRICKLE2" 0.000155633982597433 0.612404107471093 0.236 0.103 0.466901947792298
"DST" 0.000156290219591888 2.2569728031365 0.526 0.339 0.468870658775664
"WFDC3" 0.000179621707867724 2.96508170148309 0.398 0.068 0.538865123603172
"AL589765.1" 0.000238411239573566 1.88295618018553 0.255 0.045 0.715233718720698
"AL121821.1" 0.000290507308673449 4.57295032709014 0.32 0.036 0.871521926020347
"LRFN5" 0.000355984881128151 0.670954992606003 0.32 0.107 1
"AC078909.2" 0.000369554366239364 1.45294376966788 0.312 0.079 1
"SHQ1" 0.00042633801631673 3.56200831117732 0.201 0.132 1
"AC119674.2" 0.000514003553928941 2.78120339027825 0.425 0.038 1
"AL356479.1" 0.000596262979251845 1.27946235773286 0.276 0.086 1
"AC105285.1" 0.000717661560752133 2.92504414047077 0.398 0.036 1
"RAB40A" 0.000796342935872385 1.54698302399013 0.247 0.065 1
"EYS" 0.000815543513731369 0.58941024892197 0.29 0.101 1
"PLAC8L1" 0.00103019500576709 2.15824621841216 0.434 0.077 1
"AC078778.2" 0.0011738427254443 2.03703228181664 0.282 0.053 1
"MXRA8" 0.00138678978638176 1.37371357101772 0.371 0.124 1
"RPE65" 0.00141457167578067 4.03438452003702 0.369 0.065 1
"AC055813.1" 0.00153444950121619 1.23686952741292 0.268 0.071 1
"CUTALP" 0.00157845993677966 0.677565255252654 0.19 0.097 1
"AC008403.3" 0.00183120175228615 0.518977086650379 0.39 0.117 1
"FRZB" 0.00223489455294831 2.38109054263407 0.385 0.07 1
"AL162311.3" 0.00229603565711799 1.33748911716975 0.341 0.031 1
"AGT" 0.00248016376428472 6.77166658580718 0.382 0.104 1
"AC008264.2" 0.00299590006587096 1.90235573385828 0.271 0.032 1
"AOX1" 0.00305694418178902 3.03165111610294 0.287 0.033 1
"CLDN10" 0.00402632773476687 4.28075636979417 0.371 0.079 1
"MT1E" 0.00452032372859574 2.31899435003132 0.341 0.096 1
"LINC01424" 0.00454759978641993 1.09915919566612 0.415 0.104 1
"AC140912.1" 0.00491028911966712 1.90830215633356 0.279 0.014 1
"AP001160.1" 0.00621749909078137 1.48698012362354 0.192 0.114 1
"CDKN2A" 0.00730955715793142 0.900801246976902 0.398 0.079 1
"NLN" 0.00731470954567691 0.271400000246613 0.241 0.224 1
"CYB5D1" 0.0074199619115975 2.57423865245495 0.382 0.053 1
"SELENON" 0.008055495744822 0.397174967373793 0.222 0.102 1
"AL162412.1" 0.00851064099875372 1.3294386615957 0.341 0.053 1
"GYPC" 0.00957124332907863 0.653040902698743 0.371 0.097 1
"STK17A" 0.010263486330142 2.49313573859874 0.336 0.102 1
"CD44" 0.0102733045114978 4.3957648312912 0.314 0.024 1
"AL359710.1" 0.0103975462436132 2.16510293326322 0.171 0.085 1
"ZBTB20" 0.0105585657874425 1.3563913184809 0.504 0.295 1
"GLIS3" 0.0129122210711637 2.14530092591749 0.431 0.132 1
"AC011290.1" 0.0156783848893325 1.57285837739453 0.282 0.1 1
"AL357673.1" 0.015813823795516 3.22548529040693 0.358 0.117 1
"AC005258.1" 0.0178351440105691 0.902755738502231 0.344 0.045 1
"AL136454.1" 0.0187221182792961 0.490407356256632 0.312 0.095 1
"PLD1" 0.0234159299434037 1.84309553955314 0.341 0.013 1
"LINC02283" 0.0234533118143687 2.3094794842704 0.328 0.024 1
"AC010531.6" 0.0285910883179552 0.637496182925075 0.352 0.057 1
"TRAPPC13P1" 0.0342214694851984 2.66676970008003 0.401 0.045 1
"SEMA3D" 0.0371379581641088 0.953123800107937 0.312 0.053 1
"GPATCH2" 0.0385062364173364 3.86975675811252 0.144 0.148 1
"KCNQ4" 0.0385979747276414 1.28546773008603 0.32 0.041 1
"PFN4" 0.0387104383924408 3.17693059073712 0.36 0.036 1
"SOX6" 0.0411910731843586 1.11498521088538 0.447 0.144 1
"TTC22" 0.0468313153658981 2.74933952603038 0.247 0.078 1
"AC004917.1" 0.0576341595855126 0.322804319142678 0.225 0.148 1
"TMEM154" 0.0611064927603784 1.74223424505805 0.314 0.04 1
"AP005203.1" 0.0699581763622638 2.05574694896893 0.306 0.034 1
"DM1-AS" 0.0770940248011564 0.666383932632886 0.341 0.065 1
"FABP6" 0.0843416514995513 0.866711338443736 0.182 0.086 1
"TMEM132C" 0.088751118727386 0.55009279919393 0.23 0.059 1
"AP001172.1" 0.0920720198078446 0.455643158148396 0.317 0.106 1
"NTRK3-AS1" 0.0943076743526226 2.27666342925622 0.366 0.062 1
"AP003392.6" 0.0955666557398553 1.41631334192144 0.287 0.076 1
"LURAP1" 0.0960921325096233 1.65508777737859 0.398 0.047 1
"RPS2" 0.101118520543544 1.07695815779014 0.485 0.432 1
"FLT3" 0.108424933166371 2.06592078875244 0.42 0.054 1
"TFEB" 0.120995423124983 0.972696245730521 0.32 0.135 1
"HCG18" 0.124172984877358 0.305384862074805 0.396 0.06 1
"CCDC170" 0.126828036384198 2.94455319846915 0.385 0.028 1
"ZFPM2" 0.131250701699653 2.51964930845537 0.176 0.096 1
"LRRC4C" 0.135102029942247 1.05759754887967 0.187 0.081 1
"CDH9" 0.138774553767919 0.610137079088288 0.19 0.077 1
"AC073610.3" 0.15473753817089 0.57555351621617 0.276 0.098 1
"AC129102.1" 0.156687319783724 3.28694195899879 0.377 0.041 1
"PGF" 0.161020467559051 1.73661040261246 0.276 0.186 1
"AC018413.1" 0.183600505463509 0.757039487068264 0.26 0.094 1
"AC002310.5" 0.188374683395695 2.94911005950467 0.374 0.037 1
"AC007619.1" 0.191361687730111 0.332520136810047 0.333 0.077 1
"MUM1L1" 0.199881672168533 1.28579444506471 0.274 0.098 1
"CDKN1A" 0.207801571180078 1.41354864387846 0.22 0.15 1
"RXFP1" 0.207826770990313 1.16728882752691 0.23 0.132 1
"AC130343.2" 0.226449652564089 1.66496658246695 0.225 0.054 1
"MYH11" 0.229067233041445 1.1221519241656 0.309 0.06 1
"VWC2" 0.279818001208112 2.45939978716249 0.285 0.069 1
"OSMR" 0.295584521059553 0.857779673734195 0.309 0.046 1
"IQCC" 0.301568315178652 0.613314658228321 0.192 0.139 1
"AC091826.2" 0.326446948213333 1.91838632095134 0.352 0.126 1
"SATB1-AS1" 0.343160456981941 1.98314469877625 0.412 0.183 1
"LINC00958" 0.343418218706919 3.3720459340405 0.339 0.08 1
"SCGB2B2" 0.360273341259243 1.68157394484419 0.255 0.155 1
"XPC" 0.395558625275199 3.35631735554704 0.23 0.177 1
"IQCH" 0.40342499427142 1.61218382163127 0.32 0.071 1
"PPP1R3G" 0.404481872067958 2.78172049319987 0.371 0.02 1
"IGFBP7" 0.474651129204449 4.77779929560772 0.428 0.053 1
"AC025171.3" 0.479507701994944 2.36593313570244 0.206 0.079 1
"HGF" 0.493946605326837 1.99419600162001 0.328 0.054 1
"NPHS1" 0.498770154998798 0.831354945203678 0.236 0.068 1
"LINC00645" 0.530863773611201 1.20109151220991 0.304 0.082 1
"CFAP126" 0.579712639789947 3.2240907031523 0.325 0.024 1
"SPRY1" 0.591102068736989 1.73019146648883 0.22 0.114 1
"GPC3" 0.615276099366667 0.880562218053898 0.352 0.074 1
"AC068473.1" 0.633124297622514 0.294567476115295 0.125 0.131 1
"ARHGEF7-AS2" 0.648362019150523 0.45580654744915 0.325 0.07 1
"GPR75-ASB3" 0.671775744045576 1.17478320283304 0.358 0.116 1
"AF117829.1" 0.67621195384373 1.91813079504574 0.298 0.099 1
"FOLR1" 0.709605742197428 3.85773934954068 0.379 0.062 1
"MIR3681HG" 0.709852646595781 1.95268995170193 0.374 0.056 1
"LINC01497" 0.728921213127823 1.96133845855277 0.35 0.024 1
"HELZ2" 0.74372536419744 1.14478475261905 0.412 0.097 1
"AC022101.1" 0.756765678987953 1.01567498613004 0.404 0.259 1
"LINC00598" 0.783963623794524 3.61057577240009 0.317 0.022 1
"AC131934.1" 0.794627062119543 1.0759740293248 0.374 0.048 1
"DCT" 0.818535549549539 3.60617502389821 0.393 0.088 1
"AC027796.4" 0.822736607809273 1.96335724913586 0.32 0.027 1
"CCDC174" 0.847963627048028 1.68253497775694 0.195 0.186 1
"AC022400.8" 0.896113608787964 0.748335258525602 0.095 0.116 1
"AC091153.3" 0.899083238947816 0.983486176947782 0.328 0.065 1
"RPS6KA6" 0.91069868319603 1.53666460308665 0.081 0.12 1
"P2RX7" 0.919568434507984 0.557607183978952 0.352 0.058 1
"RGCC" 0.929897850635382 0.934562452342753 0.393 0.055 1
"AP000317.2" 0.952168207098856 2.47038401934482 0.404 0.317 1
"AL450326.1" 0.997987536207081 0.760580370116255 0.271 0.089 1
