"p_val" "avg_log2FC" "pct.1" "pct.2" "p_val_adj"
"IGFBP2" 9.71107001862155e-251 3.13720362780982 0.935 0.296 2.91332100558646e-247
"PGK1" 3.04082809159936e-151 1.40959503100855 0.826 0.34 9.12248427479807e-148
"NEUROD6" 2.24426683601532e-145 2.49927936657167 0.806 0.276 6.73280050804595e-142
"C15orf53" 1.56698807343361e-109 1.83951277308897 0.351 0.04 4.70096422030083e-106
"TPI1" 1.0205526682006e-99 1.97264482231047 0.756 0.344 3.0616580046018e-96
"NEUROD2" 5.29708638189985e-97 1.16764872487452 0.7 0.287 1.58912591456996e-93
"BNC2" 3.60771668218386e-96 0.532148724269552 0.288 0.105 1.08231500465516e-92
"CDCP1" 5.4128115749046e-96 0.430089954167446 0.296 0.079 1.62384347247138e-92
"FAM162A" 1.91673305348113e-94 0.703384298509533 0.729 0.275 5.7501991604434e-91
"DOCK2" 8.80883386768782e-94 0.572428067899446 0.712 0.282 2.64265016030635e-90
"C20orf204" 8.6388193776856e-87 3.0429444907869 0.424 0.057 2.59164581330568e-83
"ENO1" 3.23323670634784e-80 0.640757588435182 0.741 0.341 9.69971011904353e-77
"PTMA" 1.90158323417701e-78 0.931962279244677 0.763 0.418 5.70474970253104e-75
"ANKRD18CP" 1.518615319088e-74 1.06646857319918 0.38 0.126 4.55584595726401e-71
"DOK6" 2.64818741099103e-72 5.4222983596922 0.511 0.149 7.9445622329731e-69
"EPHA3" 7.20279222941357e-72 3.98098207490724 0.632 0.238 2.16083766882407e-68
"ENC1" 1.82998448094357e-71 2.27397901875619 0.659 0.305 5.48995344283072e-68
"AC022101.1" 4.21005217792388e-71 0.373923799600066 0.543 0.247 1.26301565337717e-67
"ISG20" 1.15593873082317e-70 0.652999551478334 0.145 0.051 3.46781619246951e-67
"SEC61G" 1.66817702597407e-70 2.09423886062759 0.704 0.411 5.00453107792222e-67
"KCNQ3" 1.36072817918213e-69 3.88972650700279 0.554 0.177 4.08218453754641e-66
"AL442128.2" 7.04853174272702e-67 1.37682074650698 0.368 0.097 2.1145595228181e-63
"AC024940.3" 1.6658475189432e-65 2.67844767137845 0.317 0.052 4.9975425568296e-62
"COLEC11" 4.46265474001461e-65 0.85197034380964 0.218 0.054 1.33879642200438e-61
"NRN1" 1.38044370181384e-64 3.64031488032218 0.588 0.157 4.14133110544152e-61
"ADAMTSL3" 4.46242196544002e-64 1.44868141442333 0.239 0.048 1.33872658963201e-60
"CHRNA3" 1.12834000515314e-63 1.65902089283272 0.172 0.051 3.38502001545941e-60
"SOX11" 1.26829613094367e-63 1.41249997650066 0.705 0.386 3.80488839283101e-60
"PLXNA2" 3.28432727748569e-63 4.36292505517087 0.549 0.172 9.85298183245707e-60
"ALS2CR12" 6.11218341340288e-63 0.830771929497454 0.186 0.062 1.83365502402086e-59
"Z93403.1" 4.2833644320042e-61 1.41677419660043 0.193 0.007 1.28500932960126e-57
"CNTN5" 7.94299559958285e-61 0.964001822248168 0.434 0.11 2.38289867987485e-57
"AL390719.1" 6.35570373458823e-60 1.57409423465752 0.332 0.086 1.90671112037647e-56
"VAX2" 9.59522214071871e-60 0.85664842604152 0.429 0.15 2.87856664221561e-56
"DM1-AS" 2.19430015080467e-59 0.606715254775969 0.189 0.068 6.58290045241401e-56
"TMSB10" 3.06691134837273e-59 1.11824001501082 0.773 0.483 9.2007340451182e-56
"LINC01980" 4.31616328097652e-57 0.613035900617007 0.271 0.115 1.29484898429296e-53
"BHLHE22" 7.85468690526735e-56 1.23173319856536 0.583 0.247 2.3564060715802e-52
"PFKFB3" 3.24039330865013e-55 2.28273956614846 0.61 0.24 9.72117992595038e-52
"KCNK1" 6.3081913077418e-55 0.666048108954762 0.053 0.105 1.89245739232254e-51
"SNCB" 6.42404198092211e-55 4.29986238185048 0.532 0.151 1.92721259427663e-51
"AC139530.3" 4.44370336976429e-53 1.22728042629326 0.288 0.035 1.33311101092929e-49
"HELZ2" 7.14858559772626e-52 0.674162321507637 0.169 0.105 2.14457567931788e-48
"ARL9" 8.74485630951006e-52 1.03868985176231 0.133 0.079 2.62345689285302e-48
"URB1-AS1" 2.68788386681954e-51 1.49664719282675 0.111 0.124 8.06365160045862e-48
"EDIL3" 3.01908074350093e-51 2.28824182488794 0.465 0.124 9.05724223050278e-48
"AC024560.3" 3.47730722461391e-51 1.0245119989779 0.056 0.148 1.04319216738417e-47
"ARNTL2-AS1" 3.65676007235789e-51 1.40137780166287 0.295 0.045 1.09702802170737e-47
"AC124045.1" 3.66953760311016e-51 1.28140802295801 0.353 0.05 1.10086128093305e-47
"Z93241.1" 8.73431874119181e-51 0.764204117624262 0.262 0.099 2.62029562235754e-47
"AC114803.1" 1.32599288784562e-50 1.18689675562498 0.044 0.172 3.97797866353686e-47
"TOX2" 2.29668173432573e-50 0.275994280916356 0.286 0.122 6.89004520297718e-47
"AC234782.2" 1.34427058456451e-49 1.12837831180549 0.411 0.14 4.03281175369352e-46
"C11orf42" 2.5822531241698e-49 1.31379614320704 0.245 0.062 7.74675937250939e-46
"SLA" 3.49098851872855e-48 2.72269699469549 0.538 0.243 1.04729655561856e-44
"AL353194.1" 1.06969214376658e-47 0.50190982436181 0.317 0.112 3.20907643129973e-44
"ALK" 1.39137254480703e-47 0.995543916167673 0.104 0.099 4.1741176344211e-44
"DPY19L2P1" 1.42579767778331e-47 0.920561064054247 0.099 0.143 4.27739303334992e-44
"LINC00393" 6.47998491658542e-47 0.71963398937236 0.203 0.043 1.94399547497563e-43
"AL158050.1" 9.01477891658614e-47 1.26973688388177 0.325 0.092 2.70443367497584e-43
"SNRPN" 2.37694862240313e-46 1.15033262514767 0.271 0.036 7.13084586720939e-43
"KDM5B" 8.14953817670582e-45 0.739806588658634 0.646 0.387 2.44486145301175e-41
"RBFOX2" 8.53411090445226e-45 1.41075688831503 0.664 0.404 2.56023327133568e-41
"GDA" 1.85581009418743e-44 0.450699089893638 0.031 0.127 5.5674302825623e-41
"AP003064.1" 2.67777744352494e-44 1.88967478455137 0.177 0.037 8.03333233057483e-41
"RBFOX1" 4.52246149768503e-44 2.13881956620822 0.424 0.18 1.35673844930551e-40
"WNT7A" 6.27240034491822e-44 2.15843058846314 0.053 0.146 1.88172010347546e-40
"AL353746.1" 1.10885655315584e-43 0.764835715913234 0.048 0.107 3.32656965946753e-40
"PDK1" 4.24507393438416e-43 4.27554069808995 0.578 0.218 1.27352218031525e-39
"AL357060.1" 5.79301420432123e-43 1.22737780528414 0.049 0.104 1.73790426129637e-39
"AC013472.2" 1.03108449326172e-42 0.335786126963951 0.264 0.048 3.09325347978517e-39
"ST6GAL2" 1.30185252674208e-42 3.0581363802075 0.4 0.205 3.90555758022625e-39
"AC127024.5" 1.64135530477387e-42 1.18035989033631 0.141 0.05 4.9240659143216e-39
"AL365275.1" 2.59886439910266e-42 1.74977759111384 0.342 0.101 7.79659319730798e-39
"AC109361.1" 2.91140086782936e-42 1.4002569176628 0.23 0.025 8.73420260348807e-39
"TRANK1" 9.80109090931667e-42 1.71390064003625 0.336 0.105 2.940327272795e-38
"AC091178.1" 5.19384353779683e-41 1.12010896176796 0.121 0.119 1.55815306133905e-37
"AL591222.1" 6.02597014184102e-41 1.04347528911138 0.351 0.079 1.8077910425523e-37
"TES" 1.01292800777287e-40 1.69045907545293 0.075 0.131 3.0387840233186e-37
"AL158058.1" 1.18610136186435e-40 0.69788982368407 0.106 0.098 3.55830408559306e-37
"GLYATL1" 1.68144939121287e-40 0.795225721435171 0.121 0.093 5.04434817363862e-37
"FER1L5" 3.50521413115007e-40 1.37888515439498 0.02 0.114 1.05156423934502e-36
"CGNL1" 3.37667423765343e-39 0.629256323194914 0.295 0.054 1.01300227129603e-35
"SLC35F3" 3.41138999675229e-39 1.64322227726022 0.322 0.123 1.02341699902569e-35
"CNR1" 3.94581027916036e-39 1.85161283340419 0.574 0.279 1.18374308374811e-35
"MGAT4C" 5.39019887185967e-39 2.35951842031751 0.075 0.113 1.6170596615579e-35
"AC005703.4" 8.20555438467106e-39 1.05761352309774 0.111 0.072 2.46166631540132e-35
"DCST2" 5.68867958879668e-38 1.69829682878057 0.164 0.005 1.706603876639e-34
"PALMD" 1.74921886738429e-37 0.835879344211977 0.356 0.12 5.24765660215288e-34
"AC053503.2" 2.41905586482076e-36 3.98927856328739 0.508 0.152 7.25716759446227e-33
"LINC02361" 3.16789696895658e-36 1.58126257460338 0.284 0.079 9.50369090686974e-33
"SCUBE2" 3.60957347180077e-36 0.480624700003162 0.341 0.116 1.08287204154023e-32
"PTMS" 3.65032128691675e-36 0.770461827885978 0.644 0.429 1.09509638607503e-32
"AL035701.1" 4.07765728707493e-36 2.44813997256469 0.24 0.049 1.22329718612248e-32
"JPT1" 5.34753203187875e-36 0.749016525960265 0.647 0.422 1.60425960956363e-32
"AC087280.2" 1.53548556463328e-35 1.43149028431876 0.09 0.144 4.60645669389983e-32
"THSD7B" 2.63089433477864e-35 1.6492833041662 0.102 0.05 7.89268300433591e-32
"ANKLE1" 4.07451570274366e-35 0.623128618650926 0.027 0.116 1.2223547108231e-31
"NREP" 5.74586126393561e-35 1.06617256064001 0.649 0.434 1.72375837918068e-31
"AC067750.1" 1.11933451277982e-34 2.06247866998352 0.332 0.08 3.35800353833945e-31
"DNAJA4" 1.12876763123724e-34 2.83792841234497 0.273 0.054 3.38630289371172e-31
"TESK2" 1.14350455026175e-34 2.09872550629703 0.319 0.056 3.43051365078526e-31
"SERPINE2" 1.37627531723547e-34 2.21447347906468 0.269 0.146 4.12882595170641e-31
"KIDINS220" 1.40267400677362e-34 1.16989186963389 0.659 0.411 4.20802202032087e-31
"PCDHB6" 2.37854335175063e-34 0.761129134380868 0.157 0.051 7.13563005525189e-31
"TNNI3" 2.80178270690387e-34 3.40103628358156 0.402 0.09 8.40534812071161e-31
"CD96" 3.72333529601434e-34 0.581576951046484 0.182 0.051 1.1170005888043e-30
"MAP7D2" 4.64641431603915e-34 1.83822757179505 0.104 0.109 1.39392429481175e-30
"ZNF670-ZNF695" 8.75441581029412e-34 1.35390348684911 0.257 0.1 2.62632474308823e-30
"FSCN3" 2.53774916026676e-33 1.03691921936082 0.254 0.047 7.61324748080028e-30
"LAMA2" 5.40319565147856e-33 0.315745060654599 0.029 0.11 1.62095869544357e-29
"PCSK1N" 6.44263315705161e-33 0.362575226706876 0.618 0.399 1.93278994711548e-29
"LHX5" 6.61684209716502e-33 1.72492866158858 0.095 0.152 1.98505262914951e-29
"ZNF608" 9.04096786876693e-33 1.199221809 0.479 0.238 2.71229036063008e-29
"LINC02282" 1.34799792141963e-32 0.352458758304506 0.087 0.106 4.04399376425888e-29
"AC068831.7" 1.55088490293471e-32 0.764827454301724 0.196 0.048 4.65265470880414e-29
"SCRT2" 1.69028186646907e-32 0.645966036093657 0.165 0.078 5.0708455994072e-29
"STK32A" 1.73437421450258e-32 2.19411271182361 0.31 0.08 5.20312264350773e-29
"PRKX" 1.807188637798e-32 0.750683610582842 0.438 0.29 5.42156591339401e-29
"AC010099.4" 2.10427061039141e-32 1.26261404112173 0.175 0.156 6.31281183117422e-29
"KBTBD11-OT1.1" 4.96038940303811e-32 2.79617807077489 0.29 0.063 1.48811682091143e-28
"LINC02488" 7.86544433481138e-32 0.724222418101759 0.261 0.14 2.35963330044341e-28
"LINC00574" 1.37680505308235e-31 0.848652885663698 0.189 0.101 4.13041515924704e-28
"AC012636.1" 2.16337831073528e-31 0.704460954510123 0.133 0.063 6.49013493220584e-28
"AC008415.1" 3.99182668957963e-31 0.402321107637531 0.162 0.112 1.19754800687389e-27
"RNVU1-6" 6.81498197026594e-31 2.15654493706995 0.308 0.105 2.04449459107978e-27
"MT-ND4" 1.07369784573338e-30 0.938281928710241 0.622 0.437 3.22109353720013e-27
"RMST" 1.33480790723879e-30 0.357083123767321 0.065 0.127 4.00442372171636e-27
"SQOR" 1.44042452066877e-30 1.12060056888332 0.191 0.022 4.3212735620063e-27
"FO538757.1" 2.93607704233269e-30 0.941677602765923 0.332 0.104 8.80823112699806e-27
"PLCB1" 3.10087733450383e-30 0.423710489270671 0.249 0.197 9.30263200351148e-27
"AL512343.2" 6.39049198840794e-30 1.91906890220223 0.22 0.048 1.91714759652238e-26
"ANKHD1-EIF4EBP3" 7.81099003379584e-30 0.594419699537994 0.14 0.056 2.34329701013875e-26
"STPG2" 1.20807079696305e-29 0.626010304182541 0.078 0.103 3.62421239088914e-26
"AC055813.1" 1.55854460737003e-29 0.536320957592441 0.167 0.073 4.6756338221101e-26
"CABP7" 1.77802628647674e-29 4.51431014968037 0.474 0.101 5.33407885943023e-26
"HK1" 3.45969685598846e-29 0.437192395927483 0.554 0.268 1.03790905679654e-25
"AC074044.1" 3.79127536567737e-29 1.34171201074121 0.216 0.03 1.13738260970321e-25
"LINC01355" 3.84404368320794e-29 0.514190008788084 0.261 0.052 1.15321310496238e-25
"IER3" 7.81411242229868e-29 2.41282930824659 0.085 0.121 2.3442337266896e-25
"DHDH" 9.72640236193264e-29 2.1532828325836 0.273 0.069 2.91792070857979e-25
"TIAM2" 2.32183141504337e-28 4.37328400833788 0.416 0.222 6.96549424513011e-25
"SLC16A1-AS1" 2.98520730120317e-28 2.72451041016667 0.09 0.124 8.95562190360951e-25
"AL138760.1" 3.77418588060399e-28 2.25143840121271 0.095 0.135 1.1322557641812e-24
"AC109322.1" 6.71401371876531e-28 0.572613182614225 0.189 0.086 2.01420411562959e-24
"AL662890.1" 1.11016674661689e-27 1.52827644409273 0.242 0.033 3.33050023985066e-24
"STRADA" 2.60858762145499e-27 1.2247516765124 0.278 0.051 7.82576286436497e-24
"SCNN1D" 4.45239063455886e-27 1.24214109114397 0.157 0.074 1.33571719036766e-23
"LRP8" 6.36933813786045e-27 1.78891449163806 0.279 0.159 1.91080144135814e-23
"HAS2-AS1" 6.85404962697067e-27 1.66356026432267 0.424 0.101 2.0562148880912e-23
"LINC00846" 7.55153705294235e-27 2.573989832484 0.193 0.048 2.2654611158827e-23
"EGLN3" 7.82970441732732e-27 2.25930780369322 0.526 0.222 2.3489113251982e-23
"SLC17A6" 9.39307867266873e-27 1.73329776944751 0.341 0.071 2.81792360180062e-23
"AL390195.2" 9.77819728270816e-27 1.82227222186017 0.32 0.047 2.93345918481245e-23
"HIST1H2BG" 1.4317757690023e-26 4.15488618674871 0.412 0.194 4.29532730700689e-23
"LAMTOR5-AS1" 1.68057215932488e-26 1.38976935534297 0.245 0.079 5.04171647797463e-23
"GRIN2D" 1.75070077388769e-26 1.2780035762411 0.303 0.108 5.25210232166307e-23
"TTC3" 2.36097460977518e-26 0.56172952120961 0.624 0.44 7.08292382932553e-23
"ABRACL" 3.15523062441942e-26 1.97756237665386 0.533 0.294 9.46569187325825e-23
"AC119403.1" 3.67607569786885e-26 1.91023336530267 0.189 0.045 1.10282270936066e-22
"LINC00159" 6.64405816545752e-26 2.83826577462585 0.194 0.046 1.99321744963726e-22
"SULT2B1" 1.42062629621889e-25 0.578514243233258 0.33 0.078 4.26187888865668e-22
"NEFH" 1.94668630167811e-25 2.68665555504815 0.365 0.094 5.84005890503433e-22
"GRM7-AS3" 2.06344870630068e-25 1.3544362404113 0.201 0.041 6.19034611890205e-22
"TMEM2" 2.39716225975358e-25 0.478236784940528 0.129 0.131 7.19148677926075e-22
"DSCAM" 2.87472589094114e-25 1.30449134185004 0.361 0.115 8.62417767282342e-22
"TSHZ2" 4.50893563598431e-25 1.68651663434815 0.085 0.182 1.35268069079529e-21
"CCDC26" 7.22115188703848e-25 1.76254402157522 0.17 0.064 2.16634556611155e-21
"CACNA1B" 7.88946637331026e-25 0.465169428387599 0.083 0.118 2.36683991199308e-21
"LINC01232" 1.3453236919669e-24 0.651562608133652 0.167 0.062 4.03597107590069e-21
"GNG8" 1.81063746185575e-24 2.73863779744243 0.368 0.087 5.43191238556724e-21
"THSD7A" 1.83414673270744e-24 0.285837131583676 0.31 0.149 5.50244019812233e-21
"MAP4K1" 2.1411913198359e-24 1.25212792820934 0.179 0.041 6.4235739595077e-21
"EPHA5" 2.20308726346814e-24 3.22859878724285 0.559 0.337 6.60926179040443e-21
"AL109615.3" 2.29827729762446e-24 1.26638133543771 0.121 0.149 6.89483189287338e-21
"PLAC8L1" 5.13732522167837e-24 0.700884373642962 0.106 0.088 1.54119756650351e-20
"PLCXD3" 5.40046300159275e-24 1.32817512111008 0.271 0.072 1.62013890047783e-20
"C1orf115" 5.91918445052753e-24 2.08281186445184 0.274 0.076 1.77575533515826e-20
"AC073343.2" 2.64511504750067e-23 2.06194818073241 0.126 0.162 7.935345142502e-20
"CKM" 3.76460734620622e-23 1.07517022991499 0.194 0.127 1.12938220386187e-19
"AGBL5-AS1" 4.73820565670907e-23 1.10955242074271 0.165 0.047 1.42146169701272e-19
"AC093424.1" 7.85966376507456e-23 2.7513114385106 0.3 0.043 2.35789912952237e-19
"NKAPP1" 1.66875311187037e-22 0.595754207243189 0.189 0.075 5.00625933561111e-19
"AC069257.3" 1.82610582590792e-22 0.289859941912781 0.286 0.081 5.47831747772377e-19
"AP001172.1" 2.00571576932503e-22 0.842873336617773 0.264 0.104 6.0171473079751e-19
"TRPC3" 2.45232163372409e-22 1.45567154901195 0.112 0.061 7.35696490117226e-19
"PLA2G4C" 3.00022131351942e-22 1.83060867489531 0.138 0.104 9.00066394055827e-19
"AC024575.1" 3.50935622894701e-22 1.7931191294405 0.181 0.068 1.0528068686841e-18
"AL353708.3" 6.17530493429071e-22 1.57850544475866 0.133 0.083 1.85259148028721e-18
"GUSBP2" 6.50211454822619e-22 0.63678160153952 0.267 0.07 1.95063436446786e-18
"ONECUT2" 1.16290828958664e-21 0.676778390434603 0.148 0.198 3.48872486875992e-18
"PHF20L1" 1.69859234345203e-21 2.51143752143374 0.542 0.347 5.09577703035608e-18
"SLC6A17" 1.79015234200738e-21 1.17825368728452 0.106 0.057 5.37045702602214e-18
"AL049780.2" 1.87230445598246e-21 1.15337328299328 0.037 0.104 5.61691336794737e-18
"PKN2-AS1" 1.95726826832923e-21 1.65598529156057 0.271 0.167 5.8718048049877e-18
"MIR17HG" 2.92775165793397e-21 1.49618041137175 0.051 0.142 8.78325497380191e-18
"AC008758.6" 3.20019977588257e-21 0.722138503744933 0.281 0.131 9.60059932764772e-18
"IGFBPL1" 4.82247574638155e-21 0.587218096650926 0.293 0.143 1.44674272391446e-17
"EPB41L4B" 7.80322244979665e-21 0.749279750343261 0.012 0.104 2.340966734939e-17
"AC009065.4" 9.15336529206905e-21 2.78111307729394 0.249 0.051 2.74600958762072e-17
"AC023157.3" 1.00823055157878e-20 3.18106440469269 0.274 0.104 3.02469165473633e-17
"AC022400.8" 1.17926847377805e-20 0.640238704916154 0.08 0.118 3.53780542133413e-17
"FNBP1P1" 1.85459946868248e-20 1.24186667965608 0.058 0.124 5.56379840604743e-17
"DNAH2" 2.0459508627336e-20 1.22076778433523 0.066 0.103 6.1378525882008e-17
"ADGRL3" 2.50232259818766e-20 0.705193290266825 0.337 0.157 7.50696779456299e-17
"SH2D6" 2.64264973074678e-20 1.89188206589502 0.162 0.115 7.92794919224035e-17
"CLMP" 3.99469126622664e-20 3.00692235039971 0.273 0.107 1.19840737986799e-16
"LPL" 8.75551204547369e-20 0.367911282732877 0.056 0.121 2.62665361364211e-16
"PCP4" 1.35177440507953e-19 1.85535734618184 0.322 0.093 4.05532321523858e-16
"KCNMB2-AS1" 1.37413872049358e-19 0.69635888039145 0.164 0.057 4.12241616148075e-16
"PARM1" 2.33942431754525e-19 0.78101246713778 0.121 0.128 7.01827295263576e-16
"BEX1" 3.22924672625608e-19 0.331885362216415 0.54 0.404 9.68774017876823e-16
"SERPINF1" 3.35152894159386e-19 0.598937689557879 0.216 0.065 1.00545868247816e-15
"AP001273.1" 3.59151400640433e-19 0.815668713730526 0.172 0.081 1.0774542019213e-15
"CPNE9" 1.060293799102e-18 2.37464087347823 0.077 0.132 3.18088139730601e-15
"AL139383.1" 1.08036948852e-18 2.02687215347028 0.196 0.03 3.24110846556001e-15
"SGK1" 1.12256343861518e-18 1.75363391741756 0.262 0.11 3.36769031584554e-15
"P2RY1" 1.480702583772e-18 1.39117578272611 0.15 0.08 4.44210775131599e-15
"AC022167.4" 6.10840741457562e-18 0.886638423557201 0.169 0.053 1.83252222437269e-14
"EPCAM" 1.2837493927712e-17 0.294192331245446 0.121 0.138 3.8512481783136e-14
"AC091946.1" 1.39915773036167e-17 1.62420459482906 0.175 0.071 4.197473191085e-14
"CAPS" 1.64259565714754e-17 1.72144387913025 0.101 0.102 4.92778697144261e-14
"RNF31" 1.96880487364942e-17 0.598544400610903 0.136 0.055 5.90641462094826e-14
"MSR1" 2.03902700374927e-17 1.37095690952181 0.118 0.05 6.11708101124781e-14
"FBXO48" 2.21689859840563e-17 2.17760368251412 0.055 0.12 6.6506957952169e-14
"RIIAD1" 2.44255110982008e-17 1.62253449845037 0.296 0.088 7.32765332946023e-14
"AC244517.5" 7.29381271298386e-17 0.871623171815129 0.17 0.053 2.18814381389516e-13
"SRM" 1.06958317663972e-16 0.997016702253576 0.428 0.329 3.20874952991915e-13
"PRKG2" 1.08735244468386e-16 2.54602215560254 0.274 0.094 3.26205733405157e-13
"ARC" 1.41972392598515e-16 1.99162357429085 0.29 0.083 4.25917177795546e-13
"SDAD1P1" 1.68209289929744e-16 2.34295614741623 0.428 0.146 5.04627869789233e-13
"CNTN2" 2.24371977381138e-16 2.75765204517011 0.353 0.088 6.73115932143414e-13
"AHNAK2" 3.16744242275626e-16 1.49546901050986 0.332 0.137 9.50232726826877e-13
"AC110769.2" 3.53280911910228e-16 1.43750215390112 0.174 0.062 1.05984273573068e-12
"HIST1H3J" 6.09553882496243e-16 1.54337634274072 0.348 0.112 1.82866164748873e-12
"AL672277.1" 6.59706808436413e-16 1.46509189032771 0.167 0.065 1.97912042530924e-12
"GRIA1" 7.89454507401035e-16 4.14545375185251 0.468 0.184 2.36836352220311e-12
"EPS8L2" 1.12949084677578e-15 3.15477911996101 0.211 0.123 3.38847254032733e-12
"REP15" 1.15601084597997e-15 2.05056895916729 0.034 0.13 3.46803253793992e-12
"KCTD16" 1.23242475728474e-15 2.43028352404556 0.356 0.103 3.69727427185422e-12
"PTPN4" 2.06204557154763e-15 3.39914999595349 0.312 0.187 6.18613671464289e-12
"SYTL3" 2.51480438538092e-15 1.46298423803544 0.112 0.136 7.54441315614277e-12
"AC005393.1" 3.0422040759409e-15 1.39225298834257 0.201 0.055 9.12661222782272e-12
"ATG9B" 3.41112006386056e-15 2.29713541439296 0.259 0.155 1.02333601915817e-11
"MCHR1" 4.93229209179623e-15 3.44483761322922 0.424 0.12 1.47968762753887e-11
"FAM71F1" 5.42775756720077e-15 1.42213411417744 0.133 0.074 1.62832727016023e-11
"GABRB2" 5.53060928949262e-15 2.94630725777804 0.164 0.136 1.65918278684779e-11
"LINC02268" 5.66926566757756e-15 0.621929044558147 0.126 0.105 1.70077970027327e-11
"EXOC3L1" 6.60740094345485e-15 1.48690220139861 0.104 0.131 1.98222028303645e-11
"AC027796.4" 6.97880554041929e-15 1.26257412342716 0.112 0.033 2.09364166212579e-11
"AL139412.1" 7.16817286373803e-15 1.49435629512515 0.196 0.142 2.15045185912141e-11
"DPY19L1" 1.01832336377311e-14 1.36000213588792 0.365 0.121 3.05497009131932e-11
"AC010186.3" 1.06668640534708e-14 0.495658194637048 0.143 0.053 3.20005921604124e-11
"PRL" 2.17492239120916e-14 1.35361440247601 0.128 0.067 6.52476717362748e-11
"TUBB" 3.80714105486782e-14 0.323051596184105 0.581 0.449 1.14214231646034e-10
"PLCB4" 5.45081268656866e-14 1.88424762579298 0.244 0.135 1.6352438059706e-10
"STC1" 5.52066493875843e-14 0.680473610981272 0.147 0.149 1.65619948162753e-10
"C1QTNF3-AMACR" 5.68121815172209e-14 1.25931157389241 0.056 0.122 1.70436544551663e-10
"AC025576.1" 6.08343244306985e-14 1.54151074731965 0.138 0.031 1.82502973292095e-10
"MIPOL1" 7.86348745331673e-14 1.98650576678867 0.077 0.116 2.35904623599502e-10
"TMOD2" 8.39248382251923e-14 1.11995658990451 0.194 0.287 2.51774514675577e-10
"AC135782.1" 1.01788785528887e-13 0.540185400968356 0.094 0.1 3.05366356586662e-10
"AL138826.1" 1.12586730545005e-13 2.30172730220445 0.114 0.076 3.37760191635014e-10
"TNFAIP3" 1.20011192474719e-13 1.09878067302632 0.184 0.081 3.60033577424158e-10
"AL451070.1" 1.32431798914001e-13 1.05057014646795 0.21 0.038 3.97295396742003e-10
"SLCO1A2" 1.52504160713099e-13 0.336009068439118 0.164 0.066 4.57512482139297e-10
"INSM1" 1.59823572265188e-13 1.09183956904085 0.281 0.244 4.79470716795564e-10
"CNTRL" 1.70995598043879e-13 1.27547223415735 0.155 0.131 5.12986794131637e-10
"AL691403.1" 2.22877915600151e-13 1.83189364222839 0.382 0.145 6.68633746800454e-10
"AC074351.1" 2.2784357365651e-13 2.22457912094713 0.315 0.077 6.83530720969531e-10
"RANP4" 2.94244238058567e-13 0.637640314339505 0.239 0.049 8.82732714175702e-10
"PLXDC1" 3.57436645509387e-13 2.06215640782835 0.165 0.132 1.07230993652816e-09
"RUNX1" 3.70321201196328e-13 1.07351259752791 0.267 0.104 1.11096360358898e-09
"AC011815.2" 7.10491557002891e-13 0.833752557871415 0.08 0.105 2.13147467100867e-09
"AC096992.2" 7.4493646180592e-13 1.42193021411233 0.315 0.084 2.23480938541776e-09
"AC092142.1" 7.46689629444187e-13 2.22930695291292 0.235 0.064 2.24006888833256e-09
"AC087521.2" 7.55207668791259e-13 1.41670185477519 0.184 0.091 2.26562300637378e-09
"KCNK3" 7.87344732447325e-13 0.718097465440174 0.308 0.123 2.36203419734197e-09
"EAF1-AS1" 1.46103255556446e-12 1.01137479158898 0.044 0.1 4.38309766669339e-09
"CPXM2" 1.59500861154187e-12 1.06850237227216 0.131 0.045 4.78502583462561e-09
"AC008741.1" 1.82060073586473e-12 1.17541436714072 0.131 0.04 5.46180220759419e-09
"AKAP9" 1.84241432862453e-12 0.747128655454012 0.491 0.375 5.5272429858736e-09
"GPR153" 2.14426087468558e-12 1.58119445361643 0.182 0.152 6.43278262405675e-09
"AC008074.3" 2.57598928947201e-12 0.628564993875575 0.063 0.155 7.72796786841604e-09
"AC010210.1" 2.63134798524907e-12 1.31909114982235 0.143 0.125 7.89404395574722e-09
"AC108134.2" 3.48814688314019e-12 1.86767879557376 0.342 0.09 1.04644406494206e-08
"HCN1" 4.08348562642558e-12 1.17901084321115 0.102 0.134 1.22504568792767e-08
"ZNF684" 4.79984336014335e-12 1.15044618328036 0.055 0.138 1.439953008043e-08
"LHX9" 8.01689980492694e-12 1.64957788057371 0.376 0.079 2.40506994147808e-08
"TNFRSF10D" 8.2760933574542e-12 1.06827097398677 0.141 0.16 2.48282800723626e-08
"AC073957.3" 8.37272860184114e-12 0.993461836018993 0.14 0.075 2.51181858055234e-08
"AC093865.1" 8.68288717080622e-12 2.20148519424715 0.261 0.065 2.60486615124187e-08
"AL118558.1" 8.74830033592199e-12 2.41812636587751 0.22 0.096 2.6244901007766e-08
"HIF1A-AS2" 1.05243908224523e-11 2.68498428728914 0.089 0.112 3.1573172467357e-08
"CEP83-AS1" 1.13633332773314e-11 0.362764380284387 0.256 0.136 3.40899998319942e-08
"CBR3-AS1" 1.17411751633784e-11 1.35993130317149 0.215 0.091 3.52235254901352e-08
"CASC15" 1.73737785681201e-11 5.00580344960224 0.283 0.146 5.21213357043604e-08
"AC018648.1" 3.442595683068e-11 1.24076944665912 0.121 0.114 1.0327787049204e-07
"SLC5A4-AS1" 3.92080391560427e-11 0.966769894411991 0.257 0.092 1.17624117468128e-07
"AC073878.1" 4.49948729446077e-11 1.80067859759997 0.15 0.026 1.34984618833823e-07
"NR2F2-AS1" 4.60168351742908e-11 2.53706765289837 0.298 0.112 1.38050505522872e-07
"ELAVL4" 4.85269142942511e-11 1.98962858836974 0.491 0.341 1.45580742882753e-07
"SATB2-AS1" 5.00087907007715e-11 0.691182749638799 0.21 0.108 1.50026372102314e-07
"ADAMTS5" 5.1069952834033e-11 0.366024046917184 0.332 0.105 1.53209858502099e-07
"KIT" 5.46558119730472e-11 0.779273311701315 0.31 0.115 1.63967435919142e-07
"LINC02327" 5.95931563779495e-11 1.63945375857313 0.267 0.061 1.78779469133849e-07
"PPP1R14A" 6.98863201227537e-11 1.52618173947869 0.22 0.093 2.09658960368261e-07
"AC004158.1" 1.30857407524706e-10 3.6712691379432 0.254 0.206 3.92572222574119e-07
"AC078923.1" 1.44907578302009e-10 1.49954905583184 0.293 0.11 4.34722734906028e-07
"KCNIP4" 1.68740348528814e-10 0.586351504075532 0.049 0.114 5.06221045586442e-07
"MEIS2" 1.71736776244924e-10 0.281214727251125 0.489 0.35 5.15210328734773e-07
"PCDHB13" 2.30049990051517e-10 1.14502014899363 0.266 0.116 6.90149970154549e-07
"AL390763.2" 2.46540226867136e-10 2.38184838280792 0.119 0.037 7.39620680601409e-07
"AP001468.1" 2.52281714914295e-10 0.633042874728512 0.022 0.118 7.56845144742886e-07
"AC015802.6" 2.76032468675195e-10 0.514088649274408 0.274 0.076 8.28097406025584e-07
"DSEL" 3.33071579883339e-10 3.63191298241767 0.089 0.151 9.99214739650018e-07
"ADAM28" 4.78118526566077e-10 1.65857796573711 0.15 0.126 1.43435557969823e-06
"PLAC1" 6.47594840437406e-10 0.599331185118698 0.106 0.087 1.94278452131222e-06
"AC245140.2" 6.61860189705393e-10 1.64846700069575 0.051 0.133 1.98558056911618e-06
"AC104794.2" 7.50529575607212e-10 1.46084850600074 0.165 0.105 2.25158872682164e-06
"NOMO2" 1.28007292446577e-09 1.80018087756334 0.269 0.079 3.8402187733973e-06
"AC097641.1" 1.29724562569687e-09 1.24367131769677 0.247 0.057 3.89173687709061e-06
"AL035706.1" 1.37178319992257e-09 2.79375697678177 0.141 0.026 4.11534959976772e-06
"EDN2" 1.57386438588948e-09 0.507065195584376 0.147 0.113 4.72159315766844e-06
"ANKRD37" 1.99613266434071e-09 2.65038710874847 0.201 0.162 5.98839799302214e-06
"KCNQ4" 2.06127834224851e-09 2.18124432235896 0.216 0.041 6.18383502674552e-06
"RAB11FIP1" 2.22921669751e-09 0.954825284747862 0.204 0.148 6.68765009253e-06
"DDIT4-AS1" 2.43975969502376e-09 1.14518760588395 0.194 0.097 7.31927908507128e-06
"AC009283.1" 2.71495310144389e-09 2.04605241667799 0.189 0.065 8.14485930433166e-06
"AP002761.3" 3.00360123995615e-09 1.74921308143047 0.148 0.022 9.01080371986844e-06
"AC091167.6" 3.19378985760908e-09 0.559152376913316 0.204 0.097 9.58136957282723e-06
"HSPD1P6" 4.30210939554725e-09 2.77112531055516 0.21 0.075 1.29063281866417e-05
"AL133227.1" 4.31374582507415e-09 1.36115649807955 0.196 0.058 1.29412374752225e-05
"AC144836.1" 4.76971194311868e-09 1.4121899821588 0.262 0.06 1.4309135829356e-05
"CACNA1E" 4.91310335620676e-09 1.4730770307934 0.276 0.114 1.47393100686203e-05
"MACROD2" 5.4487660258293e-09 0.324765643307135 0.14 0.102 1.63462980774879e-05
"SYT1" 5.46478513408988e-09 0.530990254528756 0.496 0.361 1.63943554022696e-05
"AL133216.2" 5.7087280262154e-09 1.0033088910881 0.221 0.095 1.71261840786462e-05
"ZBTB46" 6.44798036459583e-09 0.927712595432464 0.247 0.127 1.93439410937875e-05
"AL110118.2" 7.8273598178425e-09 1.09701940955539 0.09 0.105 2.34820794535275e-05
"HSPD1P4" 8.932383995152e-09 1.19857443484595 0.204 0.095 2.6797151985456e-05
"PRKCH" 1.02322556135362e-08 0.554534531556648 0.124 0.065 3.06967668406087e-05
"CCKBR" 1.05013320772516e-08 2.25616888678162 0.402 0.121 3.15039962317549e-05
"MTUS2" 1.0592543032217e-08 1.71586330406998 0.17 0.138 3.1777629096651e-05
"ZNF454" 1.09597362391454e-08 1.65791181733596 0.16 0.148 3.28792087174362e-05
"NRP2" 1.24455190911126e-08 0.542567022645622 0.107 0.114 3.73365572733377e-05
"AC097478.1" 1.2882335979489e-08 0.615083588989883 0.111 0.124 3.8647007938467e-05
"TMEM74" 1.4424689881464e-08 2.08635126470864 0.208 0.099 4.32740696443919e-05
"HIST1H2AC" 1.5991508484008e-08 0.874392120958543 0.058 0.115 4.79745254520239e-05
"CDK18" 1.86007743620671e-08 0.469634483407434 0.107 0.159 5.58023230862014e-05
"AL358472.4" 2.70752913693943e-08 1.70717332399903 0.216 0.09 8.12258741081829e-05
"NPR3" 2.72625511614889e-08 2.74888012896284 0.228 0.093 8.17876534844668e-05
"HCG18" 3.22172924365103e-08 0.799401030640057 0.179 0.065 9.66518773095308e-05
"VASH2" 3.550959694669e-08 0.685857454554262 0.237 0.168 0.00010652879084007
"AC010547.1" 4.20208663878066e-08 2.01957833192946 0.196 0.065 0.00012606259916342
"PCSK2" 4.43060957262875e-08 0.432818847194934 0.182 0.1 0.000132918287178863
"AC024075.3" 4.58954017541684e-08 1.54080855606568 0.232 0.08 0.000137686205262505
"ST7-AS1" 5.13784666822647e-08 1.46861041091735 0.031 0.172 0.000154135400046794
"DENND1C" 6.24635547012817e-08 2.80097137952768 0.232 0.12 0.000187390664103845
"RAB3IP" 6.33630159921536e-08 0.824838917557029 0.08 0.127 0.000190089047976461
"DANT2" 7.16353043785288e-08 0.55272766617219 0.111 0.103 0.000214905913135586
"AC012313.6" 7.29199206797551e-08 0.9007190417483 0.119 0.066 0.000218759762039265
"ARSF" 7.49573050346436e-08 3.00454809765304 0.191 0.084 0.000224871915103931
"XKR4" 7.61604979664971e-08 1.04164289850688 0.06 0.125 0.000228481493899491
"SCGB2B2" 8.74516005153889e-08 2.00685796331732 0.293 0.151 0.000262354801546167
"AC244517.10" 9.72662808013209e-08 1.03144864688801 0.148 0.063 0.000291798842403963
"KISS1R" 1.02211029869111e-07 3.31835860088502 0.366 0.102 0.000306633089607333
"ACSM3" 1.12654627600448e-07 1.57196946227299 0.06 0.101 0.000337963882801344
"UNC5A" 1.14628236784741e-07 2.82516895074083 0.288 0.072 0.000343884710354224
"SLC4A4" 1.17680623088108e-07 1.27767718426793 0.104 0.14 0.000353041869264323
"MPP7" 1.21228445202186e-07 0.437920428286555 0.121 0.115 0.000363685335606559
"TSPAN13" 1.3802021804292e-07 0.607831663276714 0.436 0.285 0.00041406065412876
"SLC38A1" 1.67330942224352e-07 1.14556995952008 0.486 0.342 0.000501992826673055
"RNF215" 1.71102358209539e-07 0.660487392680437 0.128 0.146 0.000513307074628616
"AC092614.1" 1.94605942678286e-07 1.4625945825449 0.136 0.075 0.000583817828034858
"IFI44" 2.16356794237976e-07 2.45806630406931 0.128 0.135 0.000649070382713927
"AC234775.3" 2.17512956677368e-07 1.43993019953015 0.138 0.12 0.000652538870032105
"AC231981.1" 2.57786856364802e-07 0.838023942881772 0.111 0.082 0.000773360569094407
"LYPD6B" 2.6990301032268e-07 1.50920742797769 0.078 0.11 0.000809709030968042
"LINC01252" 2.90428009613417e-07 0.477585768708602 0.152 0.131 0.000871284028840251
"MT-ND1" 2.9689603737936e-07 2.54211541839316 0.48 0.422 0.000890688112138079
"SH3BP5" 3.3259491248627e-07 0.370969250605969 0.312 0.224 0.000997784737458811
"AC021086.1" 3.89369149076794e-07 1.99348563340375 0.162 0.091 0.00116810744723038
"MIAT" 4.01669094069514e-07 1.83383037216354 0.276 0.148 0.00120500728220854
"FAM13A" 4.14252305967092e-07 0.812269757299847 0.327 0.213 0.00124275691790127
"CFAP61" 4.54757862451349e-07 0.268296343071826 0.165 0.101 0.00136427358735405
"AC010336.5" 5.28058526020877e-07 0.549531788237216 0.024 0.14 0.00158417557806263
"PPM1N" 6.67474279476796e-07 2.28906538039388 0.228 0.12 0.00200242283843039
"AP000721.2" 7.2009564187967e-07 1.18433921745124 0.177 0.119 0.00216028692563901
"KCNK15-AS1" 7.79829987947735e-07 1.89011672454593 0.206 0.059 0.00233948996384321
"AC023024.1" 8.81515049449793e-07 2.03908585728843 0.228 0.076 0.00264454514834938
"AL360270.1" 9.04046096371494e-07 2.63241712505471 0.147 0.061 0.00271213828911448
"AC104041.1" 9.51089561267427e-07 0.6611882587877 0.085 0.117 0.00285326868380228
"MANEA-AS1" 9.64182622715868e-07 2.60133808666409 0.296 0.11 0.0028925478681476
"AC105036.3" 1.26814392427402e-06 1.87491212537713 0.109 0.125 0.00380443177282205
"FAM78A" 1.3127088968739e-06 1.07479080049497 0.112 0.061 0.0039381266906217
"FRMD4B" 1.39328311365289e-06 2.37840720642666 0.361 0.201 0.00417984934095866
"FILIP1" 1.40250745170769e-06 0.670899874683752 0.104 0.088 0.00420752235512307
"AC092506.1" 1.43073486043979e-06 1.2173564233457 0.228 0.081 0.00429220458131938
"ZNF491" 1.43213963992272e-06 2.11727873594051 0.066 0.109 0.00429641891976815
"AOAH" 1.55778543060687e-06 0.775530363702044 0.165 0.11 0.00467335629182062
"LINC01456" 1.63241551367382e-06 0.967607065580392 0.194 0.156 0.00489724654102147
"AC091551.1" 1.77710111624194e-06 0.381857623334179 0.23 0.11 0.00533130334872581
"AL160313.1" 1.98085748647901e-06 0.757438450885662 0.225 0.109 0.00594257245943703
"AL031985.4" 2.01028588890824e-06 2.07838485970111 0.288 0.08 0.00603085766672471
"CNTNAP4" 2.0944445140938e-06 0.473327237615562 0.036 0.107 0.00628333354228141
"TH2LCRR" 2.21083949444951e-06 2.2009654570855 0.128 0.056 0.00663251848334853
"NAPA-AS1" 3.04729878859972e-06 0.454801720957221 0.085 0.123 0.00914189636579916
"AC021752.1" 3.1271115681818e-06 1.72407879923208 0.119 0.102 0.0093813347045454
"AL031963.3" 3.2892159565893e-06 2.30759178011042 0.135 0.141 0.0098676478697679
"CEL" 4.75735683393491e-06 0.712801823070585 0.165 0.123 0.0142720705018047
"AL133372.2" 5.26484757791659e-06 3.56621818843781 0.123 0.06 0.0157945427337498
"FABP6" 5.37238521959197e-06 1.87738895636934 0.237 0.081 0.0161171556587759
"BMS1P16" 5.48766838592776e-06 1.23193958655581 0.158 0.07 0.0164630051577833
"AL359881.1" 5.58304366071894e-06 0.822058260757384 0.112 0.046 0.0167491309821568
"DEPDC7" 5.63852406272587e-06 1.71996701023923 0.259 0.108 0.0169155721881776
"LINC01551" 5.83146993524673e-06 2.99562361996888 0.397 0.321 0.0174944098057402
"AC007619.1" 6.23401337247129e-06 1.75000341956595 0.145 0.083 0.0187020401174139
"OCIAD2" 7.36242955734494e-06 3.28386596626674 0.394 0.201 0.0220872886720348
"TTLL11" 8.08268569314818e-06 0.661319776512441 0.158 0.122 0.0242480570794446
"SEC11C" 8.56082121295509e-06 3.05788435942117 0.492 0.37 0.0256824636388653
"TLL1" 9.44688703922078e-06 0.741472146809848 0.175 0.081 0.0283406611176623
"ALDH8A1" 9.5058950353412e-06 2.55903858643783 0.158 0.032 0.0285176851060236
"CEP126" 1.0550153346028e-05 1.78887359966532 0.097 0.106 0.0316504600380839
"NAALADL2" 1.0716184302247e-05 1.34304039326038 0.051 0.16 0.0321485529067409
"AL355304.1" 1.15035592545836e-05 1.3813968060852 0.128 0.046 0.0345106777637508
"SPTB" 1.1614272249688e-05 1.35651961091353 0.121 0.076 0.034842816749064
"FAM212B-AS1" 1.22608166080761e-05 0.569325806484891 0.167 0.162 0.0367824498242284
"AL357153.2" 1.55584665089765e-05 0.634328970868461 0.232 0.083 0.0466753995269296
"HAVCR2" 1.70501285519697e-05 1.74344213141652 0.092 0.122 0.0511503856559092
"TNIK" 1.8668662455051e-05 0.688825405668741 0.31 0.156 0.0560059873651531
"KLHL13" 2.10826694998775e-05 1.24320654317866 0.167 0.122 0.0632480084996326
"AC245140.3" 2.19600476000161e-05 2.47304425343049 0.135 0.058 0.0658801428000483
"TBC1D2" 2.38534862789406e-05 1.51646167078758 0.068 0.135 0.0715604588368218
"ZNF311" 2.55520372697729e-05 1.92066563588091 0.237 0.113 0.0766561118093188
"LINC01122" 2.71373266163341e-05 1.21985055717903 0.213 0.119 0.0814119798490023
"AC019077.1" 3.18142056929833e-05 1.71711733721905 0.206 0.118 0.09544261707895
"AL008718.2" 3.30728293412565e-05 1.47649683356409 0.242 0.067 0.0992184880237695
"SPTY2D1OS" 3.35184721015857e-05 0.499123806535822 0.184 0.13 0.100555416304757
"AP003031.2" 3.51117886861468e-05 2.51190256825521 0.233 0.062 0.10533536605844
"HAS2" 3.54579724481577e-05 1.89835315465713 0.31 0.078 0.106373917344473
"SH2B3" 4.05327319659333e-05 0.358432477374732 0.274 0.109 0.1215981958978
"AC087564.1" 4.66071701282356e-05 0.536882759012215 0.135 0.116 0.139821510384707
"GSAP" 5.01416547189309e-05 1.39218121649163 0.158 0.044 0.150424964156793
"CD24" 5.13803568245143e-05 0.265582182658676 0.506 0.431 0.154141070473543
"ANKRD36BP2" 5.74654865065954e-05 1.3023197957333 0.225 0.056 0.172396459519786
"DNAJC5B" 5.9843210212632e-05 1.88145333209093 0.337 0.126 0.179529630637896
"GOLGA6L10" 7.51193304781295e-05 1.0663188589762 0.227 0.086 0.225357991434389
"TICAM1" 7.83492612837163e-05 0.700774487578311 0.118 0.07 0.235047783851149
"LINC02525" 8.37077389314621e-05 1.20855687835896 0.348 0.107 0.251123216794386
"CCDC3" 9.11440583618877e-05 1.93621830092759 0.164 0.127 0.273432175085663
"CA9" 9.1588820129916e-05 2.75142495172179 0.399 0.199 0.274766460389748
"TINCR" 9.90954764963142e-05 1.16487073277328 0.111 0.033 0.297286429488943
"AL592295.3" 0.000103617777222951 0.780664433340068 0.23 0.077 0.310853331668852
"AC009163.7" 0.000108213081885073 0.926658396620734 0.06 0.111 0.32463924565522
"AATK" 0.000114661762944674 1.98713562470766 0.164 0.136 0.343985288834023
"AC069200.1" 0.000116107011933254 0.332479798523188 0.116 0.068 0.348321035799763
"DDX24" 0.00012975925164284 0.414841492097477 0.492 0.38 0.38927775492852
"SLC8A1" 0.000130917824176801 1.29598372040446 0.216 0.186 0.392753472530404
"AC006480.2" 0.000131790337868155 1.2524560343547 0.169 0.121 0.395371013604465
"CLMN" 0.00013874245633196 1.08836133967723 0.179 0.107 0.416227368995881
"EPHA4" 0.000139679809961912 0.410315386544589 0.225 0.172 0.419039429885736
"AC116535.1" 0.000151907133008221 0.702424464354245 0.152 0.153 0.455721399024662
"CHRNB4" 0.000180790361132022 0.926409080598113 0.147 0.051 0.542371083396067
"AC005833.2" 0.000188841589334095 2.01013756550699 0.104 0.104 0.566524768002286
"AC006064.2" 0.000214460336909562 1.56498875887469 0.14 0.108 0.643381010728686
"UTRN" 0.000238907099207794 0.922307052313133 0.01 0.115 0.716721297623382
"CHL1" 0.000249984342721134 2.12920325228521 0.417 0.344 0.749953028163401
"CLTCL1" 0.000287496054217963 1.43282319098506 0.158 0.1 0.862488162653888
"ADAMTS13" 0.00029883989204743 0.272489905716396 0.131 0.125 0.896519676142291
"LINC01376" 0.000315185998147795 0.714298724801811 0.158 0.088 0.945557994443384
"DCC" 0.000365362346934235 2.22917258302855 0.211 0.099 1
"BCL3" 0.00040358807062402 2.19598222433378 0.218 0.136 1
"LINC00487" 0.000428505759330491 1.74955250816471 0.191 0.118 1
"MYLIP" 0.00043501876412688 0.52362325219611 0.148 0.061 1
"CALY" 0.000441601103307651 1.22970671298539 0.266 0.113 1
"LSMEM1" 0.000447674988274697 1.03732534825371 0.116 0.082 1
"TMEM52" 0.000489474084689187 0.588529756903432 0.283 0.117 1
"AC010273.1" 0.000518890379607485 1.38143265606482 0.14 0.034 1
"FAM196A" 0.000539342724711292 1.84260289367077 0.164 0.098 1
"NR4A3" 0.000621820300197856 1.21776860109774 0.266 0.11 1
"AL359265.3" 0.00063454602399692 0.85500927028205 0.223 0.076 1
"DIRC3" 0.000719713648153827 0.901645349416523 0.123 0.144 1
"AC005261.2" 0.000741681543991046 0.725348309272421 0.194 0.04 1
"CDH13" 0.000788294921088761 1.74839685991309 0.286 0.121 1
"S100A10" 0.00081318254240489 1.91965498245479 0.233 0.108 1
"CMPK2" 0.000877017728150169 3.3431260888058 0.279 0.157 1
"INHBA-AS1" 0.000903493731773316 2.07123327542672 0.187 0.084 1
"FRMD3" 0.000974923867826257 2.97054906214787 0.312 0.117 1
"CDH11" 0.0010620203138495 1.35399240824493 0.157 0.117 1
"LINC00504" 0.00112310233078598 1.00187806314369 0.213 0.099 1
"MYO1F" 0.0011743122229366 0.716667039119473 0.131 0.062 1
"LARGE1" 0.00117980508399675 1.43380166076568 0.196 0.116 1
"STX16-NPEPL1" 0.001215703715057 0.287893743360538 0.027 0.101 1
"SNHG22" 0.00128182456932155 1.81293364645059 0.191 0.071 1
"ZFHX2-AS1" 0.00129048431217708 2.46032909984027 0.284 0.124 1
"H1F0" 0.00130710587361021 0.437471477508298 0.317 0.262 1
"ERMN" 0.00145666256742576 0.848680643205848 0.111 0.086 1
"ZNF578" 0.00155534202780809 0.46277972155098 0.082 0.103 1
"DLGAP3" 0.00156836393032581 1.85990639990916 0.14 0.092 1
"NRTN" 0.00170466859395827 0.900704858862794 0.165 0.052 1
"ENPP2" 0.00173393939699021 0.607477708264954 0.242 0.104 1
"UNC79" 0.00215861230214289 0.912615760577922 0.148 0.147 1
"BMPER" 0.00235270851839645 1.38003584112852 0.165 0.121 1
"AC099669.1" 0.00240260822439494 1.57083893617901 0.198 0.115 1
"CCDC92B" 0.00244961471231356 1.03076198480471 0.109 0.114 1
"AC110619.1" 0.00264495987745174 1.49136159599437 0.213 0.07 1
"RNF103-CHMP3" 0.00277331826967948 0.937360322163535 0.198 0.128 1
"AL354872.2" 0.00282328922120862 0.885747906817898 0.196 0.139 1
"CATSPERE" 0.00297302555104169 0.342964209822249 0.089 0.11 1
"ARPP21" 0.00318750348248185 0.614231762947787 0.288 0.168 1
"AC097537.1" 0.003290280382444 0.673006451009842 0.165 0.059 1
"ADRA2A" 0.00365112797112107 1.31687668346939 0.332 0.135 1
"DPYD" 0.0038269676846214 2.69817275927017 0.221 0.096 1
"AC005498.3" 0.00393204120220355 2.28937861690206 0.213 0.128 1
"SYT10" 0.00395094614104525 1.68760199011531 0.148 0.081 1
"ETV6" 0.00398263787180794 1.23483308702286 0.097 0.124 1
"WSB1" 0.00407468067929077 1.06962134896155 0.382 0.405 1
"LDHA" 0.00416588820367454 1.34252543793275 0.242 0.13 1
"NANOS3" 0.00422293257184837 1.6664346170616 0.15 0.152 1
"LINC02568" 0.00446257164453191 1.11196272692803 0.174 0.068 1
"FAM49A" 0.00465265465044188 1.04361038714172 0.227 0.154 1
"MSRA" 0.00541498454314853 0.260921617311671 0.157 0.176 1
"AL365203.2" 0.00573230138979284 1.14003952894828 0.247 0.066 1
"IER2" 0.00589149730745587 1.40977883141243 0.109 0.192 1
"AVIL" 0.00636392321151559 0.827369928961941 0.065 0.104 1
"CUX2" 0.0074016422272759 1.43652145133657 0.247 0.113 1
"PPM1H" 0.00749507451707861 0.533040551733809 0.121 0.112 1
"CBWD4P" 0.00765527514320319 1.35864292981158 0.208 0.092 1
"AL356441.1" 0.00770128626462881 1.07596546197418 0.191 0.105 1
"AP001160.1" 0.00787865876474891 0.525250912766232 0.082 0.119 1
"AC245748.1" 0.00843432592664038 0.709252250782933 0.102 0.093 1
"LMO3" 0.00863736429872906 0.9952884041923 0.254 0.234 1
"AL078644.2" 0.00958778574548469 0.504712789925321 0.223 0.093 1
"OTOF" 0.009947911485017 1.95227799288559 0.181 0.075 1
"ARL4C" 0.0100212443868521 4.12588321420747 0.411 0.304 1
"AL049749.1" 0.0106256663827104 0.757208926140487 0.128 0.063 1
"SPATA5" 0.0108020449116612 0.849207867515368 0.066 0.109 1
"CES5A" 0.0111952409366895 1.19369836824285 0.191 0.135 1
"GALNT10" 0.011204638456484 1.6100945477844 0.23 0.12 1
"TMEM130" 0.0123654184701918 2.29763164805752 0.223 0.13 1
"AL356489.2" 0.0139502705466783 0.263537087878388 0.089 0.141 1
"GALNT17" 0.0148456896786332 2.5025438677331 0.184 0.101 1
"AC013727.1" 0.016196937055559 1.16281153932367 0.119 0.066 1
"AC024361.2" 0.0165139489073313 0.73296303118939 0.257 0.099 1
"AL137077.2" 0.0169996820524761 0.674690251750237 0.077 0.114 1
"ABHD6" 0.0170537729201166 3.37682902924853 0.257 0.174 1
"AC007285.1" 0.0176584488566951 1.27439840341724 0.164 0.121 1
"NOCT" 0.0177522978237766 0.379138475241021 0.228 0.096 1
"PGBD5" 0.0182171284848621 0.730530351041271 0.164 0.149 1
"FRG1-DT" 0.0199126442131525 2.21863671218244 0.256 0.141 1
"MROH8" 0.0200617098977883 1.62529777972826 0.152 0.115 1
"SCGB1B2P" 0.0212991484732954 0.324291725733232 0.061 0.118 1
"AP003086.2" 0.0233557176904051 1.0915963944583 0.249 0.12 1
"ARF4-AS1" 0.0249945382230345 1.2548476926047 0.106 0.092 1
"CECR2" 0.025102009048247 1.30168433437257 0.177 0.164 1
"MYLPF" 0.0266409936349008 2.02060098023298 0.155 0.079 1
"RBM11" 0.0274030747861106 0.255839761274167 0.136 0.094 1
"PENK" 0.0276836524311162 0.555807298513335 0.148 0.099 1
"AC025048.4" 0.0282834570450677 0.609731206540365 0.102 0.107 1
"CPLX1" 0.028504788135626 0.957096519062198 0.138 0.143 1
"C12orf40" 0.0339310757309268 1.61937195889127 0.228 0.083 1
"RELN" 0.0380480436419319 1.65243227254529 0.175 0.06 1
"AC064807.4" 0.0386842023768131 2.06788595823816 0.23 0.066 1
"GPR85" 0.0390610537352388 0.757170703439323 0.291 0.144 1
"OLFM3" 0.0396839506780381 2.6088426388925 0.157 0.075 1
"AL356481.1" 0.0402498430966557 0.39658550929194 0.186 0.155 1
"AGAP2-AS1" 0.0459814288757085 1.88139710535183 0.152 0.138 1
"PGM2L1" 0.0473033536077589 0.288721108195242 0.278 0.196 1
"NPSR1-AS1" 0.0483621415587168 3.17603615302136 0.308 0.105 1
"ARHGDIG" 0.049922235207104 2.04029822611285 0.17 0.098 1
"LINC01415" 0.050031760737225 0.758176871047759 0.099 0.154 1
"SCOC-AS1" 0.0518606219921839 0.470676318782802 0.133 0.113 1
"EFCAB5" 0.0538476597188474 1.51200354808932 0.157 0.123 1
"PKD2L2" 0.0540375964037875 0.411349881364016 0.17 0.081 1
"HRK" 0.0550470615968167 1.75378276337526 0.106 0.096 1
"LINC00997" 0.0588058061965778 0.391703907576773 0.23 0.141 1
"AP003049.2" 0.0588301512239552 0.592502594782173 0.165 0.084 1
"AL139260.1" 0.0589444973656063 0.747517626079022 0.179 0.128 1
"HIVEP2" 0.0589529400406925 2.63514576888213 0.245 0.14 1
"AC110774.1" 0.0673156685701033 0.533449985951217 0.051 0.117 1
"AC005609.5" 0.0673544174936134 1.80172568295433 0.131 0.124 1
"CEP350" 0.0713146749409573 0.279527098645531 0.38 0.353 1
"CFD" 0.0719945741060784 2.12893745438538 0.148 0.061 1
"AC008758.1" 0.0732288514495356 1.84892364496638 0.266 0.098 1
"NCAM1" 0.0733905265617057 0.259198617792837 0.468 0.434 1
"CNTNAP2" 0.0755189923903156 1.24225468320377 0.262 0.215 1
"TMEM225B" 0.0755373992784113 1.15587688874213 0.107 0.043 1
"HS6ST3" 0.0800090294154725 3.61159460246941 0.211 0.09 1
"BCHE" 0.0812868524109507 2.76412471516417 0.155 0.116 1
"AC020704.1" 0.0909023684697691 1.65740313487979 0.213 0.109 1
"AC091948.1" 0.0959437824393183 0.834069153734903 0.177 0.139 1
"HTATIP2" 0.100528054265436 0.263465484726108 0.027 0.103 1
"TUBA4A" 0.106769683558976 0.877583335545769 0.204 0.106 1
"IRS1" 0.108649258560336 1.42936945771492 0.157 0.114 1
"TPTE2P5" 0.110227171099682 1.13972300712351 0.133 0.091 1
"FAAH2" 0.110283293441432 1.31762002552661 0.15 0.13 1
"TWISTNB" 0.113826866624218 0.703790594251873 0.145 0.164 1
"ID1" 0.113849252578621 0.661315744373066 0.256 0.102 1
"AMOTL2" 0.122026144876992 0.327413861350085 0.131 0.129 1
"SHE" 0.12250135901624 2.28984445338008 0.191 0.07 1
"RCOR2" 0.123990356822402 3.01397152166422 0.353 0.217 1
"AC114689.3" 0.126206076901838 0.719107991941444 0.145 0.093 1
"LIMD1-AS1" 0.129643073551516 0.868725155190027 0.206 0.099 1
"SLITRK4" 0.130095056420794 3.95938200367498 0.181 0.119 1
"CCSER1" 0.131354627870229 0.965459803497918 0.128 0.156 1
"AL133166.1" 0.13627038580867 1.19582477511075 0.196 0.102 1
"LEAP2" 0.138004547385265 1.58908788648542 0.239 0.118 1
"IL20RB" 0.142197496581868 1.81012704975389 0.157 0.082 1
"PCTP" 0.143962436961077 0.720063288397267 0.15 0.098 1
"GFRA2" 0.144856980669898 0.538777776523473 0.135 0.064 1
"ETS2" 0.145633747109888 0.577790069368957 0.15 0.089 1
"PTPN14" 0.147607217979061 1.34847188905451 0.213 0.102 1
"LINC01105" 0.151587439857489 2.20474123265737 0.22 0.112 1
"LHFPL6" 0.152515913949459 2.11290460204846 0.199 0.158 1
"C4orf47" 0.157412230384198 1.22022971273751 0.279 0.111 1
"AC003682.1" 0.162435163434886 0.304849521535891 0.182 0.096 1
"APOA1" 0.166559561449311 0.984899031166925 0.106 0.081 1
"TNRC6C" 0.168644564056698 0.456183605068747 0.239 0.184 1
"ADAMTS9" 0.168852404003187 1.64498710516055 0.136 0.106 1
"HYDIN2" 0.175779220012356 0.724060875088114 0.141 0.096 1
"AP000350.6" 0.17975875195535 1.7469740209262 0.155 0.077 1
"AC025164.1" 0.181197426659839 0.428785269846745 0.087 0.156 1
"SMIM18" 0.182002410644219 1.24853589725051 0.184 0.1 1
"AC107068.1" 0.183795628636366 0.989297129173655 0.21 0.117 1
"ELMO1" 0.184336137321259 0.428915072899597 0.186 0.144 1
"TNNT1" 0.187493840788298 2.3415476761386 0.245 0.121 1
"GSEC" 0.190165478697919 0.666956238641845 0.21 0.136 1
"ST3GAL6" 0.191624767332069 4.3045420899507 0.351 0.123 1
"AC103952.1" 0.192559193668256 0.853844181173395 0.138 0.091 1
"ST6GALNAC3" 0.192987010689582 0.318752453249212 0.102 0.137 1
"LINC01971" 0.194156857184712 0.646627598974817 0.121 0.104 1
"FLRT3" 0.200777766194045 0.936615691250132 0.228 0.111 1
"AC124319.2" 0.203920132040024 0.494098061113524 0.155 0.13 1
"ZC3H8" 0.209160600764271 3.20142783006676 0.187 0.177 1
"AC006946.2" 0.209632791728568 1.39929842402124 0.17 0.07 1
"AC018413.1" 0.220775562380716 2.58801276337882 0.138 0.098 1
"LINC01012" 0.225709435690001 2.10045275565233 0.102 0.132 1
"CALCB" 0.225977498035158 0.67664389331865 0.141 0.103 1
"LRFN5" 0.231544519380065 0.366617611415759 0.152 0.112 1
"PLOD2" 0.232036022908611 1.06727140566049 0.319 0.223 1
"ZNF433-AS1" 0.236332297829233 1.68261813700622 0.228 0.134 1
"MATN4" 0.259471633220854 1.86115139695892 0.227 0.119 1
"LINC02223" 0.272041689328662 0.685666130746238 0.181 0.086 1
"AL390726.6" 0.281319774247552 1.47416144973399 0.237 0.054 1
"CCDC7" 0.284008747643158 1.03861271187433 0.094 0.14 1
"DOK3" 0.298344113095184 0.862226054002603 0.23 0.1 1
"LMO2" 0.303019020294032 0.545494400732807 0.295 0.118 1
"ACAP1" 0.311914655434394 1.90299170125141 0.148 0.088 1
"ZNF721" 0.313336044421458 1.34186660416522 0.181 0.116 1
"PDCD6IPP2" 0.320445513246791 2.32105305774134 0.174 0.125 1
"NPTX2" 0.323514661701915 0.84234828241463 0.215 0.119 1
"AC015522.1" 0.324290082796403 1.63127552446111 0.193 0.082 1
"CCDC144NL" 0.327265672414318 1.86330702136446 0.249 0.139 1
"RNVU1-19" 0.328721975324708 0.385413027413389 0.09 0.109 1
"GPR158" 0.346306171467094 0.672088462936378 0.203 0.084 1
"SEMA3E" 0.347023071303496 1.2591514249653 0.087 0.101 1
"MSH4" 0.35469474757606 1.57061958141107 0.221 0.107 1
"ZNF215" 0.355750445725472 3.77523796869264 0.307 0.123 1
"AC063944.1" 0.355837902550753 1.50072578676789 0.123 0.055 1
"AL109840.2" 0.367969812637716 1.37680389507174 0.21 0.06 1
"AC102953.2" 0.38414723411532 2.02083334476839 0.107 0.073 1
"RASGEF1B" 0.389501369628605 2.39366212320315 0.239 0.112 1
"PLCL1" 0.392406345149027 1.16830018748282 0.169 0.142 1
"HMGB3" 0.392499272950215 1.16282839351165 0.305 0.34 1
"DPP4" 0.404866791025323 1.1210738452753 0.157 0.06 1
"ZC3H12B" 0.409562051164249 1.19809326727136 0.06 0.155 1
"AL359710.1" 0.411670697270742 0.312606154942966 0.167 0.083 1
"PHLDA1" 0.41575494289739 1.52716334400388 0.269 0.294 1
"SLC16A3" 0.423735414777579 3.24012499222521 0.315 0.186 1
"ST8SIA4" 0.437605066412233 2.34853405970723 0.174 0.151 1
"LINC00884" 0.441206208036046 0.766729210948892 0.107 0.064 1
"DIRAS2" 0.44237710796088 1.453663231626 0.162 0.073 1
"KLHL29" 0.445328796497638 1.04618775469678 0.049 0.111 1
"CMYA5" 0.456675857479389 0.90253339767019 0.194 0.074 1
"SGCZ" 0.457319211180415 1.13328646429399 0.15 0.122 1
"HK2" 0.463319893917798 2.50055540401122 0.348 0.189 1
"AC104137.1" 0.465917200046715 2.11088731727221 0.107 0.101 1
"CETN4P" 0.509040000755879 0.392865579673733 0.118 0.101 1
"AKR1E2" 0.514747443639079 1.72215648869491 0.181 0.079 1
"AC020594.1" 0.524965374453407 0.953140441631307 0.162 0.058 1
"RERG" 0.525138677251397 0.813384936151545 0.124 0.037 1
"LINC02055" 0.537222231372988 0.947152100556295 0.08 0.14 1
"B3GALT2" 0.543580490690124 0.68674939225771 0.186 0.151 1
"CBLB" 0.547513943063033 4.11457612619454 0.295 0.163 1
"AC005837.1" 0.564795497245262 1.04666477946735 0.155 0.109 1
"SPAG6" 0.567560435047906 0.331360113075496 0.203 0.138 1
"MIR210HG" 0.576380852441019 1.53089600479599 0.286 0.154 1
"AC116565.1" 0.593157731777481 2.85044918687203 0.196 0.069 1
"LIMCH1" 0.601098456282134 1.08654968280166 0.252 0.189 1
"ITGA2B" 0.602959476723192 1.59244688824829 0.189 0.078 1
"AP001065.1" 0.607711381800451 0.323942667429728 0.114 0.102 1
"CCBE1" 0.61009604517405 1.25529294684744 0.124 0.084 1
"CDH12" 0.652225246726738 1.20311448318508 0.213 0.101 1
"DACT3-AS1" 0.685759372433009 1.90431261898751 0.181 0.116 1
"AC103724.4" 0.735472949308722 1.61835263063115 0.191 0.109 1
"AC004076.2" 0.743664256405677 1.37058273288691 0.158 0.077 1
"PIK3CD" 0.744929105869575 1.26265210286348 0.25 0.132 1
"LINC00324" 0.74883910285525 0.26518440571197 0.15 0.088 1
"STXBP5L" 0.756157124415405 0.434917332040429 0.024 0.12 1
"JUN" 0.766592882821975 0.833309349867987 0.404 0.324 1
"WWC2" 0.785212114446054 1.13978688232671 0.02 0.117 1
"AC092471.2" 0.78807459702195 0.313329323294798 0.186 0.096 1
"CSAD" 0.79308542056986 1.71303249667523 0.177 0.156 1
"RCAN3" 0.802348101974372 2.08683306938455 0.153 0.11 1
"AC022217.3" 0.830767386797344 1.24173067193514 0.063 0.111 1
"MAFB" 0.835101483977514 1.39508964505219 0.145 0.162 1
"LINC01144" 0.846007665702969 0.62846387354776 0.111 0.08 1
"PRDM8" 0.854319332713055 0.496130001903659 0.257 0.146 1
"ADGB" 0.892019767364911 0.722234426657744 0.124 0.057 1
"AC092117.1" 0.9142906225725 0.961859068089655 0.158 0.071 1
"TMEM63C" 0.930054858993375 2.04859624289854 0.198 0.105 1
"PDE1A" 0.944911117317999 1.02136527484062 0.189 0.136 1
"PFKFB1" 0.952876057715045 1.10271566739282 0.169 0.109 1
"AC007066.2" 0.965986307240747 1.15713230011445 0.262 0.134 1
"AC006547.2" 0.97839159651037 0.817183016139218 0.107 0.107 1
