"p_val" "avg_log2FC" "pct.1" "pct.2" "p_val_adj"
"TUBA1B" 3.43443772513721e-137 2.73801737334972 0.957 0.271 1.03033131754116e-133
"H2AFZ" 5.73420642336839e-137 2.51689206409858 0.961 0.317 1.72026192701052e-133
"HMGB2" 1.70200739214378e-132 1.69967152125368 0.938 0.171 5.10602217643134e-129
"HMGB1" 2.11181590516542e-116 0.765595230823584 0.918 0.334 6.33544771549627e-113
"NUSAP1" 3.48595135825485e-114 2.19230291630449 0.862 0.118 1.04578540747645e-110
"TOP2A" 1.31251207655616e-95 1.64626906663116 0.787 0.103 3.93753622966847e-92
"HIST1H4C" 1.34015181581345e-89 4.55720407064397 0.784 0.245 4.02045544744035e-86
"DEK" 2.07992449913307e-85 1.92872613928663 0.859 0.37 6.23977349739921e-82
"TMPO" 2.5178362076361e-84 2.27241523531147 0.859 0.341 7.5535086229083e-81
"CENPU" 1.69162988734767e-81 3.03092611957261 0.748 0.094 5.074889662043e-78
"SMC4" 9.41217327378399e-74 0.46045114600298 0.757 0.156 2.8236519821352e-70
"H2AFV" 1.96961120951843e-72 3.52161897022781 0.813 0.368 5.9088336285553e-69
"UBE2T" 6.44505269466238e-70 5.17719975748199 0.715 0.133 1.93351580839871e-66
"PCNA" 2.25823012329164e-69 5.2246737960829 0.728 0.154 6.77469036987492e-66
"DUT" 2.62664118991417e-66 4.64330287318393 0.777 0.283 7.87992356974251e-63
"ANP32E" 2.77283835930513e-66 6.67104030995287 0.77 0.243 8.3185150779154e-63
"HNRNPA2B1" 2.66209273815315e-65 1.36868115881015 0.833 0.406 7.98627821445946e-62
"ATAD2" 1.32617407715336e-64 4.61114638896773 0.741 0.127 3.97852223146009e-61
"MCM7" 1.03761225723863e-63 1.68062635634374 0.695 0.154 3.11283677171589e-60
"MKI67" 1.30848846877709e-63 0.805187998253198 0.715 0.089 3.92546540633126e-60
"ESCO2" 1.85192476011577e-62 5.4478437772104 0.682 0.059 5.55577428034732e-59
"MCM4" 1.5898788174085e-61 3.16464629725291 0.682 0.151 4.76963645222549e-58
"PTMA" 1.37576708388056e-54 2.77537003979776 0.8 0.426 4.12730125164167e-51
"LMNB1" 9.70575712123012e-52 4.81655358369364 0.734 0.278 2.91172713636903e-48
"CENPK" 1.03252819261446e-50 5.46316038516058 0.649 0.083 3.09758457784337e-47
"GSTP1" 1.01841531279614e-49 1.03942270945919 0.764 0.391 3.05524593838843e-46
"TYMS" 2.24346726650493e-46 6.76769484328838 0.656 0.113 6.73040179951478e-43
"SYNE2" 2.97961061143547e-45 2.15657937316424 0.721 0.371 8.93883183430641e-42
"PTN" 2.89184580033898e-43 0.380710059737281 0.577 0.199 8.67553740101695e-40
"GINS2" 3.55539573053265e-43 3.10987549310833 0.61 0.097 1.0666187191598e-39
"PKM" 4.77670889678067e-43 4.06754962743839 0.734 0.378 1.4330126690342e-39
"GNG5" 1.55334060232929e-42 1.62207513925157 0.711 0.332 4.66002180698786e-39
"MCM3" 6.82457282801057e-42 6.19841510409813 0.623 0.107 2.04737184840317e-38
"HIST1H1C" 6.52819323940807e-41 4.848359512895 0.636 0.187 1.95845797182242e-37
"FBXO5" 1.72070949020103e-40 4.2455067857021 0.623 0.088 5.16212847060309e-37
"EZH2" 5.86034888056829e-40 1.29159680709829 0.689 0.293 1.75810466417049e-36
"LHX2" 1.40009260042853e-37 1.09539858843419 0.652 0.293 4.2002778012856e-34
"SPC25" 1.38986478834665e-36 5.23895034084674 0.574 0.066 4.16959436503994e-33
"MAD2L1" 1.15126040221396e-34 0.349498062833608 0.587 0.102 3.45378120664189e-31
"ST7-AS1" 1.63462783508627e-34 1.69303546696939 0.052 0.167 4.90388350525881e-31
"SMC2" 3.82295116184781e-34 2.40308203313062 0.61 0.139 1.14688534855434e-30
"PBK" 5.25268060518187e-34 2.60499076370115 0.616 0.074 1.57580418155456e-30
"HIST1H1B" 7.06379329390594e-34 3.39985325840601 0.557 0.074 2.11913798817178e-30
"NCAPG" 3.26098037817206e-33 4.39190866584136 0.584 0.069 9.78294113451617e-30
"AC010729.1" 4.61375639940843e-32 1.25499677098052 0.02 0.114 1.38412691982253e-28
"CLTCL1" 8.48555849121717e-32 1.31624646617079 0.016 0.106 2.54566754736515e-28
"VIM" 8.61028668339762e-32 0.604612899937312 0.597 0.243 2.58308600501929e-28
"NKAIN3" 1.30579540550482e-31 4.60834432941404 0.679 0.314 3.91738621651445e-28
"BIRC5" 6.22989907309828e-30 2.21410032525119 0.541 0.078 1.86896972192948e-26
"HIST1H1E" 6.60961152021862e-30 5.36326165483607 0.6 0.201 1.98288345606559e-26
"AC017053.1" 2.33267276273343e-29 0.635902972441714 0.02 0.132 6.99801828820029e-26
"PTCHD1-AS" 3.42959146769742e-29 1.08425840775999 0.01 0.102 1.02887744030923e-25
"POLD3" 9.41677084202164e-29 2.5614779278295 0.528 0.125 2.82503125260649e-25
"AC110285.2" 9.63447205811215e-29 1.09259952377434 0.01 0.104 2.89034161743365e-25
"FAM133DP" 5.2956156163589e-28 1.57290620052183 0.052 0.115 1.58868468490767e-24
"DCC" 6.90871934226148e-28 2.53011999849839 0.023 0.108 2.07261580267844e-24
"KCNN2" 9.4583214714417e-28 1.10255400479783 0.023 0.116 2.83749644143251e-24
"SH2D6" 1.56199913595736e-27 1.73673593756132 0.026 0.121 4.68599740787208e-24
"SUMO2P17" 3.37909900801003e-27 1.24824599861049 0.026 0.101 1.01372970240301e-23
"AC025048.4" 4.4541476112424e-27 1.59360697551644 0.03 0.109 1.33624428337272e-23
"ZNF883.1" 5.58000148798509e-27 0.576736351865424 0.01 0.113 1.67400044639553e-23
"DNAJC27-AS1" 1.40816709999717e-26 1.88116922054557 0.033 0.12 4.22450129999152e-23
"HELZ2" 7.19496404771982e-26 0.901067742527969 0.02 0.111 2.15848921431595e-22
"MAZ" 1.2756332306077e-25 1.31836645478018 0.036 0.106 3.82689969182309e-22
"GMNN" 1.33360742744221e-25 5.77319347097943 0.57 0.115 4.00082228232663e-22
"C1QTNF4" 5.19817202884731e-25 1.88273053976675 0.023 0.136 1.55945160865419e-21
"CHKB-AS1" 5.3984137379895e-25 0.825727560931217 0.03 0.115 1.61952412139685e-21
"TUBB" 7.78610907752894e-24 0.562794918146824 0.695 0.45 2.33583272325868e-20
"RASSF3" 7.93286204856091e-24 1.18206528034013 0.056 0.157 2.37985861456827e-20
"HIST3H2BB" 1.41601039749327e-23 1.28010458207445 0.039 0.112 4.2480311924798e-20
"HES6" 2.16487467935145e-23 1.69557415056461 0.577 0.301 6.49462403805436e-20
"HMGN3" 1.02610411208472e-22 0.309224167900402 0.623 0.367 3.07831233625416e-19
"IGFBPL1" 4.64799376395268e-22 1.50505771934858 0.102 0.153 1.3943981291858e-18
"H1FX" 7.55653894318671e-22 2.49537772345326 0.656 0.406 2.26696168295601e-18
"AC104137.1" 9.40212231554157e-22 0.413269967956152 0.066 0.103 2.82063669466247e-18
"AL133216.2" 1.12221876541329e-21 0.606288326604712 0.016 0.105 3.36665629623988e-18
"ACAT2" 1.53423637415322e-21 2.17039926114469 0.61 0.255 4.60270912245966e-18
"FTH1" 6.24733969432093e-21 1.57274235876985 0.197 0.438 1.87420190829628e-17
"HSPD1P4" 1.1340527547663e-20 1.11628802672906 0.049 0.103 3.4021582642989e-17
"AL136454.1" 1.20523435610948e-20 0.965305320341667 0.075 0.103 3.61570306832845e-17
"AC005726.1" 2.01265615582106e-20 0.816579318244488 0.02 0.114 6.03796846746317e-17
"ST6GALNAC3" 5.78534895398949e-20 2.61235246011955 0.03 0.138 1.73560468619685e-16
"TPD52L1" 1.05340096765683e-19 0.41313308319325 0.016 0.111 3.16020290297048e-16
"KIF22" 1.09130396576411e-19 1.91525333931101 0.525 0.111 3.27391189729232e-16
"KIF15" 1.25775257619596e-19 3.91160974226118 0.492 0.071 3.77325772858789e-16
"SKA3" 1.50962887396313e-19 4.75732866359438 0.466 0.051 4.52888662188939e-16
"ADAMTS5" 1.77395315774527e-19 0.680618621432773 0.023 0.12 5.3218594732358e-16
"KIF11" 3.53736405038719e-19 0.77761281045073 0.521 0.074 1.06120921511616e-15
"FARS2" 4.20561276367109e-19 3.19078458732208 0.079 0.157 1.26168382910133e-15
"ZFHX3" 5.77673520900059e-19 0.848696985141344 0.075 0.142 1.73302056270018e-15
"CDCA7" 6.73585275373191e-19 2.56760054099505 0.538 0.172 2.02075582611957e-15
"LINC01102" 7.11083574365478e-19 0.79748698812546 0.092 0.142 2.13325072309644e-15
"MPP7" 7.15375253914533e-19 0.642884666347042 0.033 0.118 2.1461257617436e-15
"APCDD1" 8.66627694062421e-19 2.64387427914013 0.131 0.114 2.59988308218726e-15
"CLSTN2" 9.84819007671202e-19 0.417020269840972 0.036 0.172 2.95445702301361e-15
"SAT1" 2.50514806448519e-18 2.6958692253894 0.561 0.233 7.51544419345558e-15
"DNAJC15" 3.15198864074785e-18 1.61313400838589 0.085 0.13 9.45596592224355e-15
"LINC02055" 9.37639677768419e-18 2.07611838273025 0.095 0.138 2.81291903330526e-14
"RAD51AP1" 1.54055390645162e-17 3.71190534091869 0.479 0.05 4.62166171935486e-14
"MT-CO3" 2.49003140654214e-17 0.551154651246392 0.613 0.434 7.47009421962641e-14
"AL049780.2" 2.6895692139096e-17 0.357091477474372 0.043 0.102 8.0687076417288e-14
"RACGAP1" 3.51015173674179e-17 0.614724526750406 0.452 0.083 1.05304552102254e-13
"RNVU1-6" 3.82335436881075e-17 1.22627646929445 0.089 0.117 1.14700631064323e-13
"HIF1A-AS1" 4.01857902625136e-17 2.31772905162367 0.098 0.118 1.20557370787541e-13
"RPS2" 7.62079764740217e-17 0.819832839449281 0.633 0.428 2.28623929422065e-13
"PRICKLE2" 5.86986365606125e-16 0.890522041951037 0.02 0.111 1.76095909681838e-12
"NPY" 8.59480370372527e-16 3.14015445864357 0.492 0.13 2.57844111111758e-12
"RPLP1" 1.32739849679878e-15 0.554407595555769 0.633 0.438 3.98219549039634e-12
"GAS1" 2.55505463844859e-15 5.24251902566126 0.518 0.113 7.66516391534578e-12
"EPAS1" 3.40664710987882e-15 1.32952048465001 0.151 0.205 1.02199413296364e-11
"CTNNA3" 4.35736834472231e-15 0.956445554421121 0.026 0.137 1.30721050341669e-11
"CCSER1" 6.92614562598605e-15 1.33521358671145 0.052 0.157 2.07784368779582e-11
"SLC35F4" 8.93021750355083e-15 1.67034459493151 0.072 0.145 2.67906525106525e-11
"AC007402.1" 9.49229748816948e-15 1.39395062642968 0.059 0.131 2.84768924645084e-11
"DNAH2" 1.02128883791489e-14 2.198914856887 0.062 0.102 3.06386651374468e-11
"AP002851.1" 1.06706294155265e-14 1.8932865674979 0.108 0.04 3.20118882465795e-11
"MAP3K20-AS1" 1.27438365379592e-14 0.876184779676221 0.052 0.114 3.82315096138777e-11
"ETV2" 1.33209331210027e-14 2.30061887555153 0.052 0.126 3.99627993630082e-11
"ELP6" 1.60637582061428e-14 0.676310649664327 0.134 0.126 4.81912746184284e-11
"AC091178.1" 2.09322971531744e-14 1.04228896446784 0.059 0.121 6.27968914595233e-11
"SCOC-AS1" 4.08738989811187e-14 0.746642582686945 0.049 0.116 1.22621696943356e-10
"MYBL2" 5.81539482910522e-14 3.12349122136671 0.452 0.048 1.74461844873157e-10
"SEPT1" 7.01862021707248e-14 1.27638725853345 0.082 0.164 2.10558606512174e-10
"AATK" 1.14924166062619e-13 0.720857038940453 0.069 0.14 3.44772498187857e-10
"AP001468.1" 1.45682335519726e-13 0.664241407510753 0.079 0.113 4.37047006559177e-10
"AC051619.5" 1.64364013694428e-13 0.973352384365798 0.075 0.103 4.93092041083285e-10
"HES1" 1.88827061146509e-13 1.4671948170668 0.426 0.163 5.66481183439526e-10
"ZCWPW1" 1.96667945035551e-13 0.881673346987062 0.036 0.136 5.90003835106653e-10
"NAPA-AS1" 2.10276890211333e-13 1.25451195941607 0.095 0.122 6.30830670633999e-10
"AC025219.1" 2.53660069571095e-13 0.975284393952702 0.115 0.106 7.60980208713285e-10
"ESRRG" 3.0307828379831e-13 1.00896019452696 0.036 0.101 9.09234851394929e-10
"AC009053.1" 3.43284470033069e-13 0.609211504680619 0.098 0.103 1.02985341009921e-09
"AC117383.1" 3.46904777649393e-13 0.783228367955074 0.02 0.105 1.04071433294818e-09
"MT1E" 4.86727399965067e-13 0.464202892458779 0.075 0.106 1.4601821998952e-09
"CCNE2" 5.26290616205293e-13 4.03968858595526 0.452 0.085 1.57887184861588e-09
"AC003682.1" 5.70768194949605e-13 0.634897854786603 0.082 0.102 1.71230458484882e-09
"AL353194.1" 6.62202767599350e-13 1.12533408561019 0.023 0.126 1.98660830279805e-09
"TMEM52" 8.8447257934165e-13 0.332416657464957 0.056 0.129 2.65341773802495e-09
"MCUB" 9.6369858260078e-13 0.365982793335863 0.528 0.234 2.89109574780234e-09
"AC009975.1" 1.04260954594046e-12 1.44685472582698 0.111 0.049 3.12782863782139e-09
"AL133346.1" 1.23334701404058e-12 0.888650360325988 0.092 0.154 3.70004104212175e-09
"FER1L5" 1.23334701404058e-12 1.70984102618259 0.092 0.109 3.70004104212175e-09
"B4GALT1-AS1" 1.45901446191586e-12 2.10656298946192 0.115 0.18 4.37704338574757e-09
"FO393401.1" 1.64751251315374e-12 1.61848868515053 0.108 0.047 4.94253753946122e-09
"LCMT1-AS1" 2.24382103962307e-12 1.39861776858032 0.059 0.121 6.73146311886921e-09
"ZBTB20-AS4" 2.89042098970018e-12 1.34937538575006 0.118 0.065 8.67126296910055e-09
"AL163051.1" 3.20443214934213e-12 2.1151630190868 0.148 0.142 9.61329644802638e-09
"MXRA8" 3.88335929444769e-12 0.973364475602491 0.128 0.133 1.16500778833431e-08
"AC020704.1" 4.8713371583646e-12 1.41710463005602 0.066 0.116 1.46140114750938e-08
"HIST2H2AC" 5.56562788970241e-12 5.36485020645503 0.443 0.104 1.66968836691072e-08
"TMEM154" 9.24259993556111e-12 2.09767065240947 0.105 0.048 2.77277998066833e-08
"AL592295.4" 1.21125384366518e-11 2.21862953098165 0.111 0.048 3.63376153099554e-08
"SORCS1" 1.53829545515768e-11 1.28794940668234 0.066 0.115 4.61488636547303e-08
"WFDC2" 2.00963335353878e-11 1.05095138248034 0.108 0.098 6.02890006061633e-08
"LINC01158" 2.04001838568383e-11 0.553227349846827 0.551 0.37 6.1200551570515e-08
"PIK3CD" 2.4675590928744e-11 0.809951232058051 0.036 0.142 7.4026772786232e-08
"GRIN2D" 5.20481267132689e-11 0.760256220559203 0.023 0.122 1.56144380139807e-07
"HIST1H1D" 5.36804708651643e-11 4.53233196144377 0.446 0.112 1.61041412595493e-07
"NWD1" 5.44436383533132e-11 3.28779619050191 0.115 0.065 1.6333091505994e-07
"IER2" 7.92397316122945e-11 4.51465790529708 0.485 0.179 2.37719194836884e-07
"LINC00607" 1.1933222305886e-10 2.21436465728076 0.102 0.042 3.57996669176581e-07
"DOCK5" 1.2610432609398e-10 1.56333108614915 0.102 0.056 3.7831297828194e-07
"LINC02282" 1.288165215549e-10 0.885787393618926 0.049 0.107 3.86449564664701e-07
"PSMA1" 1.77290504543916e-10 1.74736863261956 0.102 0.148 5.31871513631747e-07
"GDF15" 1.77534382526693e-10 2.20193686009444 0.075 0.139 5.32603147580079e-07
"NR2F1" 1.91620286667488e-10 0.430705043742199 0.515 0.356 5.74860860002464e-07
"STX16-NPEPL1" 1.96520927853143e-10 1.28601892036966 0.115 0.096 5.8956278355943e-07
"EXOC3L1" 2.29841588262238e-10 1.60586341621452 0.079 0.131 6.89524764786714e-07
"RPS4XP1" 3.03197461904317e-10 2.01075732250674 0.115 0.087 9.09592385712952e-07
"TMSB15A" 3.18886227589153e-10 0.486463002888532 0.544 0.402 9.56658682767458e-07
"LMNA" 3.66646788150629e-10 1.10977122889938 0.089 0.128 1.09994036445189e-06
"TNFRSF25" 3.76227747459415e-10 1.97822578178101 0.069 0.115 1.12868324237825e-06
"IVNS1ABP" 4.09158591232865e-10 1.81557907772722 0.492 0.309 1.2274757736986e-06
"CLSPN" 4.46368820643595e-10 4.08705593480348 0.436 0.065 1.33910646193078e-06
"CDH7" 6.11528884005651e-10 2.48983838125463 0.115 0.076 1.83458665201695e-06
"AC125232.1" 6.47087793444187e-10 0.632267484338568 0.095 0.11 1.94126338033256e-06
"POU6F2-AS2" 6.87734014870834e-10 1.99021152787177 0.128 0.123 2.0632020446125e-06
"SHC1" 1.0504855541903e-09 2.1761357127816 0.141 0.07 3.1514566625709e-06
"LINC00504" 1.33503818873935e-09 2.00206752980521 0.095 0.105 4.00511456621804e-06
"SSH3" 1.44062402501897e-09 0.904596600807142 0.111 0.098 4.32187207505692e-06
"NDUFA4L2" 1.50069516468773e-09 0.612778548971868 0.075 0.153 4.5020854940632e-06
"BBC3" 1.58767073334274e-09 0.482768543036801 0.125 0.177 4.76301220002823e-06
"DDIT4-AS1" 1.93467893780281e-09 1.03467612479423 0.023 0.105 5.80403681340842e-06
"P2RY1" 2.6353796003768e-09 0.459510393119508 0.164 0.082 7.90613880113039e-06
"LURAP1L-AS1" 2.6568938463365e-09 0.751059924141956 0.075 0.124 7.97068153900949e-06
"QKI" 3.01610710523527e-09 0.815122226796725 0.482 0.326 9.04832131570581e-06
"AL390728.6" 3.73497126662854e-09 0.90195218207684 0.098 0.132 1.12049137998856e-05
"NDC80" 3.89404163678387e-09 2.07066240588862 0.436 0.057 1.16821249103516e-05
"GAS1RR" 4.26311349697223e-09 0.735706703567276 0.125 0.076 1.27893404909167e-05
"ANKUB1" 4.94436008784732e-09 0.90301371150041 0.069 0.128 1.48330802635419e-05
"DHRS2" 5.24471279128945e-09 3.05161700837021 0.154 0.087 1.57341383738684e-05
"AP002495.1" 7.95648510331254e-09 2.12502793482545 0.131 0.123 2.38694553099376e-05
"SNORC" 8.40950524222478e-09 0.703372972356648 0.082 0.102 2.52285157266744e-05
"PPP1R17" 1.06177241338126e-08 0.777349164459789 0.102 0.058 3.18531724014379e-05
"AC026979.3" 1.20118033000539e-08 1.88443173981804 0.108 0.006 3.60354099001618e-05
"AL353708.3" 1.24195383811333e-08 1.44141453696891 0.115 0.085 3.72586151433999e-05
"CD9" 1.61623751945071e-08 1.42046285115451 0.085 0.118 4.84871255835214e-05
"CDK18" 2.06978623465649e-08 0.282917499040359 0.095 0.158 6.20935870396947e-05
"POLE2" 2.36479804939536e-08 3.11370722012878 0.18 0.088 7.09439414818607e-05
"BCL3" 2.56808120485346e-08 1.06941460415987 0.069 0.143 7.70424361456039e-05
"AC012640.4" 3.37054278323116e-08 1.56030893451089 0.131 0.036 0.000101116283496935
"HHIP" 5.51561916965457e-08 2.39908559095489 0.131 0.043 0.000165468575089637
"FST" 5.92283373601929e-08 3.64922036013912 0.19 0.093 0.000177685012080579
"AC090971.3" 6.26335046153035e-08 3.23821339384161 0.134 0.055 0.000187900513845911
"SPDL1" 6.40035206045175e-08 1.60314487623843 0.387 0.166 0.000192010561813552
"AC005833.2" 6.823196966929e-08 0.264849188875882 0.043 0.105 0.00020469590900787
"AC114877.1" 7.4515537410489e-08 1.0560493924054 0.161 0.051 0.000223546612231467
"SYT6" 7.74333019549627e-08 0.853775315177273 0.095 0.134 0.000232299905864888
"TMEM97" 8.28548011189939e-08 3.34614728442845 0.495 0.225 0.000248564403356982
"AP000251.1" 8.38303453385026e-08 1.14698798053932 0.128 0.125 0.000251491036015508
"KIF18A" 8.43781920375541e-08 1.8008714035787 0.174 0.047 0.000253134576112662
"PIMREG" 8.73033554888898e-08 2.46386162771209 0.42 0.062 0.000261910066466669
"RNF217-AS1" 1.48056514187809e-07 1.96865074392351 0.102 0.038 0.000444169542563427
"CMAHP" 1.52729972524682e-07 1.92588315911757 0.187 0.115 0.000458189917574046
"MEF2C-AS1" 1.56291857225289e-07 1.66560622534845 0.039 0.123 0.000468875571675868
"AC007490.1" 1.83080369605094e-07 2.67565381028074 0.134 0.057 0.000549241108815282
"DPYD" 2.47870143567081e-07 1.5025972020015 0.069 0.104 0.000743610430701242
"AC063944.1" 2.80830623378494e-07 2.59070267078363 0.105 0.057 0.000842491870135482
"SQLE" 3.22417345844844e-07 0.302366594115804 0.482 0.353 0.000967252037534531
"VSNL1" 3.29346975777086e-07 1.75060928162621 0.089 0.113 0.000988040927331258
"AL359198.1" 4.05994169491397e-07 1.40646375466046 0.111 0.085 0.00121798250847419
"DPY19L2P1" 4.47016453525779e-07 2.7836379324853 0.111 0.142 0.00134104936057734
"DTL" 4.75833808953209e-07 4.44412973782076 0.413 0.054 0.00142750142685963
"ZBTB20-AS1" 5.10342016446964e-07 2.64857322881811 0.108 0.082 0.00153102604934089
"AC007663.3" 5.72079686756611e-07 3.38301273785402 0.138 0.017 0.00171623906026983
"RGS21" 6.46204127202416e-07 2.07649641360009 0.141 0.024 0.00193861238160725
"DOK3" 9.17278710321045e-07 0.805371205021205 0.089 0.108 0.00275183613096313
"AF279873.3" 1.36704911360852e-06 2.06111719663491 0.118 0.072 0.00410114734082557
"NEUROD4" 1.61088178425761e-06 2.24030065798704 0.161 0.021 0.00483264535277282
"GCC2-AS1" 1.64052633915172e-06 1.4096489088133 0.105 0.06 0.00492157901745516
"GTSE1" 1.72309769945107e-06 2.30173790727843 0.384 0.058 0.00516929309835322
"TWF2" 1.74439765425844e-06 4.43850102509655 0.148 0.045 0.00523319296277532
"RNVU1-19" 2.20608423858049e-06 1.29522321420166 0.141 0.107 0.00661825271574147
"CDCA2" 2.44369461679627e-06 3.14449425415241 0.193 0.044 0.00733108385038882
"HIST1H2BH" 2.92243157840044e-06 2.47388736034922 0.348 0.092 0.00876729473520132
"TMEM140" 3.02216772718123e-06 1.19256932654144 0.138 0.07 0.00906650318154368
"AL136162.1" 3.05641736078326e-06 0.592429323926069 0.121 0.1 0.00916925208234979
"GRM7" 3.15965148686717e-06 1.21831938036014 0.128 0.097 0.0094789544606015
"KIFC1" 3.42272595838664e-06 1.43293737776996 0.423 0.057 0.0102681778751599
"LINC00632" 3.54582235056221e-06 2.33627311185971 0.072 0.133 0.0106374670516866
"SLC17A8" 3.72303440212049e-06 3.51678095974865 0.144 0.146 0.0111691032063615
"AL365275.1" 4.37841200921577e-06 0.844750959606642 0.164 0.113 0.0131352360276473
"TMEM45A" 5.36911000502242e-06 0.799801575840689 0.092 0.129 0.0161073300150673
"BARX1" 5.49303100935362e-06 0.626438903779452 0.118 0.133 0.0164790930280608
"AC004852.2" 7.42145146011603e-06 2.99933384636284 0.102 0.123 0.0222643543803481
"HIF1A-AS2" 9.24622347206468e-06 2.04678898916798 0.072 0.112 0.027738670416194
"AL157871.4" 9.47893195267606e-06 1.68434699024085 0.131 0.03 0.0284367958580282
"AL591848.4" 9.52402879936877e-06 2.22747505375597 0.167 0.054 0.0285720863981063
"PRSS36" 1.0176408468744e-05 2.77297863968962 0.128 0.034 0.0305292254062319
"AC138649.1" 1.04079518924423e-05 2.2260421833439 0.033 0.122 0.031223855677327
"KNL1" 1.07687520551308e-05 2.25428611887732 0.41 0.072 0.0323062561653924
"AC092422.1" 1.09304452921136e-05 2.51062518475001 0.148 0.029 0.0327913358763409
"EMX2" 1.13964324908336e-05 0.998685751043688 0.39 0.143 0.0341892974725008
"SGO1" 1.28241766244442e-05 2.17710516021017 0.41 0.064 0.0384725298733327
"ITGA2B" 1.3862297708826e-05 0.46520219631917 0.161 0.082 0.041586893126478
"HMCN1" 1.57502552535598e-05 2.62722339689671 0.161 0.068 0.0472507657606795
"NEUROG1" 1.70855752158372e-05 2.42348634065114 0.177 0.031 0.0512567256475115
"URB1-AS1" 1.90214555929906e-05 1.09029104878044 0.131 0.123 0.0570643667789718
"AC103876.1" 2.3724485793494e-05 1.41160399684454 0.069 0.152 0.0711734573804819
"UCHL1-AS1" 2.45288341053178e-05 3.34812757742022 0.115 0.08 0.0735865023159534
"AL033504.1" 2.53526585764408e-05 2.67022539652501 0.134 0.071 0.0760579757293223
"ID3" 3.58424527023686e-05 0.434057504994209 0.118 0.12 0.107527358107106
"RARB" 3.59620526009282e-05 1.81227408398079 0.177 0.087 0.107886157802785
"CYR61" 3.60820474409201e-05 1.8237305976097 0.233 0.102 0.10824614232276
"AC091212.1" 3.6966530113174e-05 1.39433731920219 0.102 0.045 0.110899590339522
"AL357060.1" 3.80765648729677e-05 1.14142926888406 0.115 0.1 0.114229694618903
"ABHD8" 4.03671677041537e-05 7.71119368887883 0.075 0.114 0.121101503112461
"SLC35F3" 4.07499028263127e-05 1.32424260683802 0.177 0.133 0.122249708478938
"TTR" 4.17753699252193e-05 1.69109768608898 0.154 0.102 0.125326109775658
"CTSV" 4.40161189185122e-05 1.45794341227122 0.154 0.07 0.132048356755537
"TNFRSF12A" 4.70268346911455e-05 1.06989123272135 0.154 0.086 0.141080504073437
"C1QL1" 5.20323961675668e-05 0.865563753844308 0.213 0.092 0.1560971885027
"AC113349.2" 5.58112416329834e-05 0.84879218554077 0.157 0.131 0.16743372489895
"SFRP2" 6.82255486478893e-05 0.580423321174546 0.2 0.076 0.204676645943668
"AC016168.2" 7.15505983072336e-05 3.00028082894807 0.154 0.038 0.214651794921701
"MFAP4" 7.82832402149258e-05 3.47268837198115 0.148 0.074 0.234849720644778
"AC092375.2" 8.88210259603347e-05 1.12147673304107 0.151 0.063 0.266463077881004
"SOX3" 9.06187918446282e-05 3.46943463174228 0.357 0.131 0.271856375533885
"FLRT3" 9.08922989575043e-05 0.574219309817868 0.151 0.116 0.272676896872513
"THSD7B" 9.1390924761109e-05 2.4502239025828 0.177 0.049 0.274172774283327
"AL445623.2" 9.43178627455789e-05 1.43939873936355 0.102 0.084 0.282953588236737
"AP005328.2" 0.000124871250097633 0.58807712204246 0.167 0.038 0.374613750292898
"MEIOC" 0.000149268669844104 1.31736676514766 0.121 0.09 0.447806009532311
"TGFB1" 0.000195567284559031 3.32241873405216 0.098 0.101 0.586701853677094
"ARHGEF37" 0.000217768357909492 1.18224657090663 0.092 0.113 0.653305073728476
"CDKN1A" 0.000285377956745889 0.656389274999919 0.151 0.153 0.856133870237666
"CDCA8" 0.000310468143750738 1.48540523356944 0.354 0.053 0.931404431252214
"LINC01170" 0.000312396316659954 0.779603149364025 0.17 0.14 0.937188949979861
"AC040169.1" 0.000336450494287973 2.37464066762769 0.125 0.136 1
"FBXO43" 0.00036477584703927 5.03176932543193 0.157 0.013 1
"AC012618.3" 0.000374802988276404 1.44139097329015 0.141 0.087 1
"HIST1H4J" 0.000394029711247449 1.5095249944452 0.164 0.144 1
"DLGAP5" 0.000441122885980014 1.07019249618684 0.338 0.049 1
"LINC01965" 0.000586812146587586 3.56359442748585 0.325 0.102 1
"LIMD1-AS1" 0.000657142754832106 1.24434442515726 0.121 0.104 1
"KCNK15-AS1" 0.000707265221644399 0.901576344011518 0.144 0.065 1
"MT-TE" 0.000923625970195342 0.797483795716751 0.479 0.398 1
"AC087564.1" 0.00093041149455175 1.38687329999499 0.141 0.116 1
"AL356489.2" 0.000945089018514476 1.20878260730647 0.134 0.138 1
"PDCD6IPP2" 0.000956515462203162 2.01115900843973 0.089 0.128 1
"AC087500.1" 0.00105385100829471 2.02975944624207 0.144 0.16 1
"ETV6" 0.00112663154547993 3.39927202966786 0.082 0.124 1
"TPRG1" 0.00126947148394933 1.5618861631714 0.18 0.069 1
"LINC01967" 0.0015006728499309 3.48568577102317 0.21 0.074 1
"PFKFB1" 0.00183818099552108 1.23361782945663 0.144 0.112 1
"LARGE1" 0.00235567853016347 1.94642338670493 0.118 0.12 1
"THAP9" 0.00284893140551535 2.59435776791868 0.148 0.099 1
"ATG9B" 0.00332509805042882 1.2923140971918 0.151 0.161 1
"AC019186.1" 0.00450453387176849 0.599331823703281 0.187 0.061 1
"GAS2" 0.00482498350451868 1.30796265671409 0.138 0.104 1
"RIMS2" 0.00497342329342174 2.09609389012382 0.118 0.122 1
"LINC01980" 0.00544866188468732 2.29373718630108 0.125 0.124 1
"ETV4" 0.0055715750738235 0.61064998942223 0.177 0.085 1
"CXorf58" 0.00558387058462967 1.25070770009543 0.154 0.06 1
"CAMTA1-DT" 0.00603614055318329 0.796815006272475 0.184 0.117 1
"CEP83-AS1" 0.00623316823382947 2.38041699755096 0.22 0.14 1
"AC110769.2" 0.00728904008229341 0.873898249339497 0.141 0.066 1
"AC068025.1" 0.00903015196699444 2.41263429562633 0.174 0.061 1
"NEUROG2" 0.00985156398755438 1.42950185845697 0.246 0.108 1
"SATB1-AS1" 0.0119840810806033 1.85283136895411 0.187 0.191 1
"HIST1H3B" 0.0122201398223901 5.06543621928429 0.351 0.04 1
"SYT10" 0.0123764507361432 2.28782473705415 0.197 0.081 1
"CENPP" 0.0126889188966263 2.57829353883734 0.187 0.08 1
"AC092117.1" 0.015611447580747 0.913803186925543 0.144 0.074 1
"FAM111B" 0.0189299527596503 4.07646076057698 0.37 0.052 1
"HES4" 0.0252206189878035 1.25241304998623 0.393 0.25 1
"AL390957.1" 0.0279957459557452 1.20574863788448 0.18 0.075 1
"STPG2" 0.0287633921328517 0.762923979824816 0.197 0.099 1
"SCN1B" 0.0337826823589645 2.50832856234514 0.193 0.021 1
"FAM229A" 0.035008197759605 1.79949979026923 0.154 0.051 1
"CDKN3" 0.0356216216363096 0.983726248332237 0.364 0.067 1
"CENPW" 0.037114476896377 3.25599810275818 0.344 0.086 1
"TFEB" 0.0468589154041133 0.857454501524927 0.213 0.14 1
"FAM135B" 0.0498869884619703 0.340836582148373 0.213 0.159 1
"GLT1D1" 0.0596449158258548 1.17369269262759 0.19 0.075 1
"CREB5" 0.0720873210258355 3.22860875235008 0.338 0.159 1
"SHBG" 0.0800257044160562 0.968978310495826 0.197 0.162 1
"B3GAT2" 0.0812540763531953 0.251632045976545 0.272 0.143 1
"NUPR1" 0.0842646688758946 0.854245575610019 0.144 0.087 1
"DEPDC7" 0.0881220659904634 0.768261099124965 0.141 0.116 1
"SLC16A3" 0.0942095805504252 1.50766480180532 0.22 0.192 1
"SLC7A11" 0.09893121310235 2.36454665717407 0.213 0.138 1
"EOMES" 0.0990643647081994 1.76412056695757 0.344 0.067 1
"IQCC" 0.110066553279423 0.670189270094202 0.19 0.14 1
"CDKN2B" 0.113955938638587 1.16274450384817 0.141 0.098 1
"KDM4D" 0.120719771691114 0.849746564743988 0.207 0.148 1
"CXCL12" 0.125714186452286 3.34255423861705 0.285 0.119 1
"MAGED4" 0.127659760660541 1.1066778333824 0.167 0.066 1
"OTOF" 0.138861027602223 1.39609554981336 0.213 0.077 1
"AC008758.1" 0.151447422429322 0.534464715850865 0.187 0.105 1
"ADAMTS2" 0.15916309814493 2.5153251306003 0.213 0.084 1
"KIF23" 0.167684878140511 1.47491661418031 0.311 0.05 1
"TRPC3" 0.187963461239257 2.12846787777818 0.226 0.059 1
"LINC02327" 0.19342861289442 2.07980722524533 0.2 0.068 1
"SGO2" 0.21748299780561 2.11896795950445 0.321 0.071 1
"AP002383.2" 0.233886813103067 1.57655039233465 0.18 0.057 1
"LINC00943" 0.239142345065417 1.18112983585491 0.21 0.086 1
"CRHR2" 0.246444882314048 1.53441249157213 0.177 0.059 1
"NTN4" 0.249965027854699 1.6670707087656 0.18 0.129 1
"CDH12" 0.255770900052589 2.19160495505918 0.187 0.105 1
"STK17A" 0.321551513521265 3.46372804998508 0.308 0.105 1
"CDCA3" 0.419829291934405 1.49083925291766 0.279 0.058 1
"ARF4-AS1" 0.488517749319216 2.36625524962848 0.164 0.091 1
"TEAD4" 0.493637891337739 3.47855654421774 0.239 0.042 1
"FOS" 0.540957367854282 1.15895307898955 0.249 0.165 1
"ELOVL6" 0.541812764943161 2.42786234045484 0.256 0.22 1
"GADD45A" 0.667359105919297 0.581413659355022 0.236 0.155 1
"CNTRL" 0.672413881038104 1.13714246690637 0.233 0.129 1
"LINC01801" 0.680679652158474 0.414684397939707 0.134 0.078 1
"CPLX2" 0.726421848602261 3.57314212750781 0.292 0.176 1
"TEX15" 0.728160594120065 2.73123375319136 0.21 0.081 1
"LDHA" 0.738073383729481 0.510470097036555 0.216 0.133 1
"MIPOL1" 0.765627502603101 1.37521607200295 0.174 0.112 1
"KCNG1" 0.77173314365809 1.42735222744276 0.289 0.122 1
"AL049543.1" 0.786730889978355 3.43511043827769 0.213 0.057 1
"CNTN4" 0.791224585040968 1.79880830912944 0.213 0.119 1
"CCL2" 0.835593236470667 3.35976246151597 0.21 0.035 1
"GUCY1B2" 0.836071518172089 1.75348672337307 0.216 0.049 1
"MTHFD2" 0.838792893005682 1.51523562957104 0.298 0.182 1
"DSEL" 0.944657641523662 0.764678198848859 0.285 0.143 1
"ZNF684" 0.957712358823472 1.89607122086167 0.18 0.132 1
