"p_val" "avg_log2FC" "pct.1" "pct.2" "p_val_adj"
"GAD2" 6.54245150737572e-174 3.9367954069381 0.92 0.21 1.96273545221272e-170
"DLX5" 1.71215755685764e-152 4.00031972739007 0.88 0.226 5.13647267057293e-149
"RND3" 2.76521225094137e-150 4.39001106491143 0.902 0.314 8.2956367528241e-147
"ST18" 3.08471023878863e-133 6.53284497240473 0.756 0.114 9.25413071636588e-130
"SOX4" 1.14877693460423e-117 1.6709921563253 0.954 0.474 3.4463308038127e-114
"DLX6-AS1" 1.64797399553381e-116 1.32865945787243 0.883 0.27 4.94392198660143e-113
"SCGN" 2.56640940551874e-115 2.77890091126779 0.841 0.244 7.69922821655621e-112
"CALB2" 3.06392185211214e-114 3.48888593553301 0.759 0.19 9.19176555633642e-111
"LAG3" 7.23904055803236e-107 2.52838599933475 0.478 0.079 2.17171216740971e-103
"DCLK2" 1.96971320495598e-106 3.63066840374871 0.81 0.319 5.90913961486793e-103
"PLS3" 1.70225688156001e-104 0.288512136621799 0.807 0.269 5.10677064468003e-101
"DLX2" 7.17090476697221e-104 4.13248634108848 0.81 0.271 2.15127143009166e-100
"SH3BGRL3" 6.11648467045259e-103 6.74190275072646 0.837 0.393 1.83494540113578e-99
"SMOC1" 1.05438267625276e-102 2.84079341375625 0.759 0.177 3.16314802875827e-99
"SP9" 4.57518044914552e-96 4.91063595717837 0.717 0.196 1.37255413474366e-92
"ARX" 4.18148672331189e-92 1.35667571790754 0.705 0.232 1.25444601699357e-88
"PDZRN4" 6.79546104142941e-89 1.48496879705583 0.627 0.145 2.03863831242882e-85
"KCNB2" 7.0865839869988e-83 1.77457386982901 0.532 0.125 2.12597519609964e-79
"LGALS1" 7.34579887521959e-79 3.80689888514341 0.676 0.152 2.20373966256588e-75
"AL109840.2" 2.23703237422884e-77 1.29457499561777 0.271 0.06 6.71109712268653e-74
"CLEC19A" 2.37119556202525e-77 2.3239584382618 0.502 0.081 7.11358668607574e-74
"AL162511.1" 4.63764886178107e-73 1.72607236984091 0.263 0.064 1.39129465853432e-69
"TOX3" 3.49560952573773e-72 4.1113061877557 0.698 0.29 1.04868285772132e-68
"AC110285.6" 2.18357875007003e-71 2.23906028533658 0.361 0.09 6.5507362502101e-68
"AMBN" 4.49270680469072e-71 4.60530011421843 0.593 0.123 1.34781204140722e-67
"SRP54-AS1" 5.46905648744207e-71 1.32051727814397 0.463 0.13 1.64071694623262e-67
"ZNF679" 1.68210760589966e-69 1.60884929894565 0.28 0.09 5.04632281769898e-66
"ANKLE1" 2.84722560044328e-68 1.23384882230953 0.356 0.101 8.54167680132984e-65
"PLAC1" 1.21352247610394e-66 0.717728883599662 0.28 0.08 3.64056742831184e-63
"EPHA1-AS1" 1.78656553752199e-66 3.70529111406377 0.405 0.062 5.35969661256597e-63
"ST8SIA4" 8.58282620705456e-66 0.78155992087548 0.461 0.14 2.57484786211637e-62
"LRCH4" 5.75776016145304e-64 1.96910637580735 0.263 0.049 1.72732804843591e-60
"AC008555.5" 7.43564037089221e-64 1.79760735845587 0.298 0.066 2.23069211126766e-60
"RASSF3" 8.9321440703448e-64 1.10114273731567 0.424 0.143 2.67964322110344e-60
"HMGN2" 9.29406729643789e-64 0.613794082751789 0.739 0.315 2.78822018893137e-60
"NNMT" 2.24667354535712e-63 2.61451449711083 0.454 0.058 6.74002063607136e-60
"RASD1" 4.94321197375714e-63 3.70480086545238 0.471 0.122 1.48296359212714e-59
"AC087280.2" 1.63189448443991e-62 2.4419923344447 0.317 0.134 4.89568345331973e-59
"C1QTNF2" 2.20656155555517e-60 0.945279141799231 0.398 0.049 6.6196846666655e-57
"SYNPR" 5.38188514189236e-60 0.920233785917466 0.378 0.111 1.61456554256771e-56
"AL031775.1" 1.23545082442378e-58 2.64281391161092 0.351 0.055 3.70635247327134e-55
"AC022154.1" 1.23895144549051e-58 1.42933496540359 0.1 0.08 3.71685433647154e-55
"AC005920.2" 1.91105031576837e-58 1.06651920602789 0.373 0.083 5.73315094730511e-55
"MIR17HG" 6.41627792705659e-58 1.34045119089131 0.354 0.128 1.92488337811698e-54
"RPH3AL" 6.11966204796537e-57 0.928040432769743 0.363 0.06 1.83589861438961e-53
"AC005258.1" 9.13507517353114e-57 1.8443290328329 0.376 0.043 2.74052255205934e-53
"NFIA" 1.05190082953242e-56 2.79121174145259 0.761 0.384 3.15570248859727e-53
"AP003049.2" 2.29843511382854e-56 1.15374529434357 0.259 0.082 6.89530534148562e-53
"PDZRN3" 9.45252603521942e-56 3.27509607281732 0.583 0.221 2.83575781056583e-52
"AP001825.1" 2.1482531573721e-55 1.66964228413648 0.215 0.101 6.44475947211629e-52
"AC025283.3" 3.50672479809395e-55 1.69369644796717 0.415 0.104 1.05201743942819e-51
"TTLL9" 6.15716608891103e-55 0.416097125426639 0.224 0.071 1.84714982667331e-51
"U91319.1" 3.13998875372451e-54 1.68673861430329 0.273 0.084 9.41996626117353e-51
"ASS1" 3.18821687278768e-54 2.57700055673503 0.429 0.084 9.56465061836303e-51
"AC002454.1" 3.8620515988547e-54 3.11294299705189 0.368 0.043 1.15861547965641e-50
"HIST1H3H" 7.73701529849779e-54 2.39730043492259 0.217 0.096 2.32110458954934e-50
"DCX" 1.2934238886184e-53 0.982159294931861 0.8 0.478 3.88027166585518e-50
"AC072062.1" 8.38242994556771e-53 2.06223906146702 0.305 0.047 2.51472898367031e-49
"LINC00491" 5.36240414115557e-52 0.635724746905371 0.224 0.132 1.60872124234667e-48
"SLC32A1" 5.66194368553069e-52 3.77096325703671 0.424 0.127 1.69858310565921e-48
"TCF4" 1.24911810456185e-51 1.66769972396997 0.749 0.42 3.74735431368554e-48
"PFKFB1" 2.17742627994133e-51 0.741852035431346 0.251 0.107 6.53227883982398e-48
"DOK3" 2.54060323173193e-51 1.86306049666412 0.222 0.103 7.6218096951958e-48
"S100A4" 3.16071597339074e-51 4.52617818232198 0.415 0.039 9.48214792017222e-48
"PDIA2" 1.16735122310843e-50 1.66443181808325 0.117 0.076 3.50205366932528e-47
"ATP2C2-AS1" 4.06205719891267e-50 1.10600581623348 0.395 0.081 1.2186171596738e-46
"AL158058.1" 5.03142530310653e-50 0.528180909022872 0.234 0.093 1.50942759093196e-46
"TNFAIP8L3" 1.08109507274731e-49 0.631548592249894 0.217 0.1 3.24328521824193e-46
"LINC01415" 1.3923996875548e-49 0.33172873621152 0.368 0.142 4.17719906266441e-46
"AC020558.1" 3.18839170651834e-49 0.707816968870526 0.376 0.156 9.56517511955503e-46
"RNU5E-1" 3.22423588244372e-49 2.09926442949086 0.456 0.166 9.67270764733116e-46
"AL035681.1" 3.50395080971661e-49 0.933890223248058 0.134 0.112 1.05118524291498e-45
"AL356489.2" 3.6953562975288e-49 0.425152602046509 0.354 0.129 1.10860688925864e-45
"AC005498.3" 1.04470285431774e-48 2.05007879626801 0.307 0.126 3.13410856295324e-45
"GPD1" 1.25558882858194e-47 4.08505506359901 0.51 0.108 3.76676648574581e-44
"CDK18" 1.70116363137168e-47 0.534860024226109 0.378 0.147 5.10349089411505e-44
"TMSB10" 2.78277047772485e-47 0.801884503860546 0.802 0.487 8.34831143317455e-44
"AC022400.8" 5.75856938474215e-47 0.410030574512723 0.29 0.109 1.72757081542265e-43
"GADD45G" 1.74438721257289e-46 1.67864131899645 0.602 0.326 5.23316163771868e-43
"MYO1F" 2.53896809663471e-46 1.8723569143516 0.22 0.06 7.61690428990414e-43
"FAM157A" 1.03938414009427e-45 1.68614468321448 0.346 0.08 3.11815242028282e-42
"TMSB4X" 3.77110912938905e-45 1.6462568290063 0.646 0.329 1.13133273881671e-41
"TNRC6C" 7.76551178019838e-45 1.42876311656692 0.388 0.179 2.32965353405952e-41
"ARHGAP27P1-BPTFP1-KPNA2P3" 1.1311747343714e-44 2.17008419998126 0.356 0.112 3.39352420311419e-41
"AC009318.3" 1.19116362198034e-44 0.88265367950971 0.273 0.045 3.57349086594103e-41
"CTSK" 1.38640507141742e-44 1.13520092926166 0.31 0.061 4.15921521425225e-41
"HSPD1P4" 1.41834363667699e-44 1.6488421449342 0.359 0.091 4.25503091003098e-41
"CDH9" 1.81231771388682e-44 0.467741199369657 0.261 0.074 5.43695314166047e-41
"RPP25" 3.6787077448132e-44 1.88390826381454 0.424 0.16 1.10361232344396e-40
"AL138756.1" 6.6566189736666e-44 1.12153660422731 0.224 0.051 1.99698569209998e-40
"AL365361.1" 8.98879389211694e-44 0.351192792127344 0.361 0.124 2.69663816763508e-40
"ACVR1" 1.11201457249501e-43 1.82994080765776 0.405 0.136 3.33604371748503e-40
"AP002852.1" 1.17761550453797e-43 0.329622797877018 0.107 0.093 3.53284651361392e-40
"AC092839.1" 1.59873472374145e-43 0.482277592446664 0.222 0.137 4.79620417122436e-40
"AC010245.2" 2.76963120342536e-43 1.75491284889561 0.232 0.073 8.30889361027609e-40
"AC087564.1" 3.42685777789977e-43 1.21275956353807 0.263 0.111 1.02805733336993e-39
"AL138760.1" 3.60786527883635e-43 0.732476936876632 0.173 0.131 1.0823595836509e-39
"AP001318.2" 4.17721898120718e-43 1.72481914383545 0.376 0.101 1.25316569436215e-39
"NEAT1" 1.35180851254231e-42 1.12465867712568 0.39 0.134 4.05542553762693e-39
"AOC2" 1.3527341832867e-42 1.04822121003996 0.244 0.071 4.05820254986009e-39
"AL138826.1" 1.64247915584742e-42 0.701567198290599 0.202 0.073 4.92743746754225e-39
"SQOR" 2.56946074079225e-42 1.66344136397837 0.22 0.024 7.70838222237674e-39
"AC022893.1" 4.62369303413233e-42 1.23835087797917 0.249 0.13 1.3871079102397e-38
"GADD45B" 6.41833364620157e-42 1.6470704926884 0.398 0.114 1.92550009386047e-38
"TMEM123" 7.55447954585793e-42 0.500503632497123 0.661 0.313 2.26634386375738e-38
"AL109615.3" 2.15951126089481e-41 0.884036425578108 0.332 0.14 6.47853378268444e-38
"CCDC88A" 5.11170339303739e-41 0.775408608476914 0.71 0.382 1.53351101791122e-37
"AC010864.1" 6.09415931561378e-41 2.73983725579028 0.427 0.111 1.82824779468413e-37
"ZEB2" 6.64998106990568e-41 1.17366279302727 0.624 0.319 1.9949943209717e-37
"AC104532.2" 9.37101397122393e-41 0.799805243896646 0.266 0.046 2.81130419136718e-37
"LHFPL5" 2.11900259911753e-40 0.977715763130325 0.202 0.094 6.3570077973526e-37
"NPTX2" 2.89074996057044e-40 0.648322260874147 0.161 0.122 8.67224988171132e-37
"AC011462.1" 3.84623493813542e-40 2.6971900894692 0.337 0.027 1.15387048144063e-36
"NOL3" 2.91762997094396e-39 2.00980025853926 0.334 0.109 8.75288991283188e-36
"ACAP1" 3.57826449455513e-39 0.66589690831734 0.161 0.088 1.07347934836654e-35
"VGLL3" 1.68345362458477e-38 0.553414931376764 0.263 0.082 5.0503608737543e-35
"AC008415.1" 1.70972931905821e-38 0.937976350179182 0.356 0.105 5.12918795717463e-35
"LINC01748" 2.02547253813182e-38 2.89542356738466 0.405 0.105 6.07641761439547e-35
"AC131212.1" 2.94111149125298e-38 1.71426294537185 0.273 0.075 8.82333447375893e-35
"AC007566.1" 3.53917647473015e-38 1.78767891712083 0.351 0.106 1.06175294241905e-34
"HYDIN2" 5.89910174562095e-38 0.966444243216051 0.039 0.101 1.76973052368629e-34
"MYT1" 6.47163534115937e-38 3.46079579637705 0.361 0.121 1.94149060234781e-34
"CA13" 6.9904492032625e-38 0.350355131020462 0.312 0.049 2.09713476097875e-34
"AES" 1.66710691503673e-37 1.06926411626276 0.666 0.397 5.0013207451102e-34
"AC007066.2" 2.14310828606078e-37 0.353953304271187 0.188 0.139 6.42932485818234e-34
"AC073333.1" 6.59763117842323e-37 1.64835806966187 0.229 0.051 1.97928935352697e-33
"PRSS23" 2.86145959432756e-36 0.493497618113727 0.163 0.135 8.58437878298267e-33
"CACNG3" 3.19281024732992e-36 1.10410082364959 0.161 0.065 9.57843074198976e-33
"TGFBR3L" 3.92123065636547e-36 2.0248909490804 0.302 0.079 1.17636919690964e-32
"AC106799.2" 6.10829827615396e-36 0.283469375544968 0.095 0.121 1.83248948284619e-32
"CALCB" 6.78937770734493e-36 2.120334479038 0.254 0.099 2.03681331220348e-32
"CUTALP" 2.67335588572391e-35 1.24060558562331 0.107 0.1 8.02006765717172e-32
"FERMT1" 4.05507781451916e-35 1.15831713720826 0.422 0.06 1.21652334435575e-31
"ADARB2" 4.22254027862542e-35 1.52904048917072 0.278 0.097 1.26676208358762e-31
"FAM133DP" 7.07885973197731e-35 0.833849585802946 0.276 0.107 2.12365791959319e-31
"NBAT1" 8.34130029698016e-35 1.26330227047498 0.271 0.135 2.50239008909405e-31
"LEAP2" 1.03637604557659e-34 0.479182195515712 0.224 0.121 3.10912813672976e-31
"AFDN" 1.78001476360806e-34 1.59621798086789 0.537 0.361 5.34004429082418e-31
"AC026979.2" 1.92422774526717e-34 2.3539398042283 0.295 0.106 5.77268323580152e-31
"FAM222A" 2.90692131877469e-34 0.416116779447476 0.334 0.089 8.72076395632406e-31
"ELAVL4" 3.41878233937666e-34 0.602707135856105 0.539 0.341 1.025634701813e-30
"AC113349.2" 1.00421896778777e-33 1.88741652470364 0.22 0.128 3.0126569033633e-30
"ZNF19" 1.10989234851399e-33 1.58370690248619 0.146 0.052 3.32967704554198e-30
"AL139260.1" 1.2458229125066e-33 0.361163654618631 0.222 0.128 3.7374687375198e-30
"DOCK10" 1.68665295830796e-33 0.667569960839501 0.051 0.223 5.05995887492389e-30
"PIWIL2" 1.69943952815166e-33 1.46643582211163 0.256 0.029 5.09831858445499e-30
"FBN2" 1.7531734153041e-33 4.07256952071872 0.432 0.13 5.25952024591229e-30
"LINC02487" 1.99069039730751e-33 3.11975039562935 0.424 0.123 5.97207119192252e-30
"AC131934.1" 2.76789749857967e-33 2.03279770479785 0.217 0.053 8.30369249573902e-30
"AC022075.1" 4.41873641177575e-33 1.05525965194583 0.205 0.042 1.32562092353273e-29
"ADGB" 5.12900916774406e-33 1.1911213951285 0.21 0.055 1.53870275032322e-29
"LINC01456" 1.0562804727957e-32 0.517100420860208 0.305 0.153 3.1688414183871e-29
"SYT6" 1.45263311045847e-32 0.515037930634493 0.263 0.127 4.3578993313754e-29
"NYAP2" 1.94015647722911e-32 1.472757714055 0.254 0.124 5.82046943168732e-29
"SDAD1P1" 2.67885278148098e-32 2.86365329851144 0.137 0.163 8.03655834444293e-29
"MYL6" 5.30626569860365e-32 1.25204129656353 0.646 0.405 1.59187970958109e-28
"CCDC191" 5.32037882489358e-32 0.73767879221888 0.193 0.115 1.59611364746807e-28
"H1FX" 6.15317409972751e-32 2.25836631429541 0.663 0.403 1.84595222991825e-28
"PPM1H" 1.29500446960411e-31 2.45030719665255 0.359 0.102 3.88501340881233e-28
"TFEB" 1.44945068333632e-31 0.481359552244353 0.271 0.137 4.34835205000897e-28
"ACOXL" 2.69295207964544e-31 2.27982247209956 0.202 0.04 8.07885623893632e-28
"CYTIP" 2.88372600010198e-31 0.943434279342181 0.156 0.027 8.65117800030595e-28
"AGBL2" 3.06220897784393e-31 1.38438740696221 0.285 0.041 9.18662693353179e-28
"CLEC20A" 2.10236204399819e-30 2.73253872759986 0.202 0.073 6.30708613199458e-27
"KCNJ2-AS1" 2.85928297187359e-30 1.28653768215214 0.222 0.085 8.57784891562076e-27
"GRK3" 3.1870393233236e-30 1.92906485936392 0.195 0.138 9.5611179699708e-27
"AC051619.5" 3.85203701070745e-30 0.558893713524697 0.073 0.103 1.15561110321224e-26
"DPYSL3" 6.91731673352478e-30 1.68430051003337 0.646 0.421 2.07519502005744e-26
"AC020663.1" 7.040517321316e-30 1.56286112521562 0.215 0.045 2.1121551963948e-26
"SLC27A6" 7.86116403718503e-30 1.02158963892634 0.312 0.127 2.35834921115551e-26
"AC008074.3" 9.33326979466775e-30 1.0419716707776 0.368 0.141 2.79998093840032e-26
"MST1R" 1.24295990954438e-29 1.76473650122463 0.141 0.08 3.72887972863313e-26
"AOX1" 1.24683893799742e-29 3.1306345921032 0.195 0.036 3.74051681399227e-26
"PTMS" 2.12883368194576e-29 1.163754404778 0.646 0.433 6.38650104583727e-26
"TEX101" 2.73921206190819e-29 1.34468478225489 0.232 0.128 8.21763618572456e-26
"C7orf61" 3.884621735607e-29 0.925202949461788 0.129 0.071 1.1653865206821e-25
"FLT3" 4.12924048944549e-29 1.56234385787994 0.312 0.057 1.23877214683365e-25
"HIST1H2BN" 4.34824548770083e-29 1.52725647316423 0.244 0.153 1.30447364631025e-25
"AL121827.2" 7.32359176328713e-29 0.885592411050625 0.178 0.031 2.19707752898614e-25
"ANKAR" 2.00579612324792e-28 0.859194382467336 0.31 0.125 6.01738836974375e-25
"AC133552.1" 2.07599161439245e-28 1.73252388685061 0.173 0.043 6.22797484317735e-25
"AC009961.1" 2.4665995616298e-28 1.38937546538935 0.332 0.129 7.39979868488939e-25
"GCC2-AS1" 3.04538472687115e-28 1.86855891978021 0.185 0.056 9.13615418061345e-25
"AP001453.2" 3.38763343898551e-28 1.96257892399026 0.359 0.127 1.01629003169565e-24
"AL160314.2" 3.67588283604495e-28 0.778261087487582 0.176 0.111 1.10276485081349e-24
"DACT3-AS1" 4.17877935705537e-28 0.432728551913579 0.261 0.114 1.25363380711661e-24
"STX16-NPEPL1" 5.00321529250552e-28 3.07769845609569 0.349 0.086 1.50096458775166e-24
"GLCCI1" 7.0416987892153e-28 6.40653324634067 0.468 0.199 2.11250963676459e-24
"MAFB" 1.63659479310331e-27 0.703546159957446 0.366 0.153 4.90978437930994e-24
"AC011498.1" 2.29288224057059e-27 1.2475989136192 0.183 0.061 6.87864672171177e-24
"AL031777.3" 2.61720800401339e-27 0.396493730481621 0.371 0.161 7.85162401204017e-24
"ZEB2-AS1" 3.07135244831232e-27 2.09616328169534 0.4 0.131 9.21405734493697e-24
"AC023886.1" 3.10936217336879e-27 1.11479015832426 0.18 0.129 9.32808652010637e-24
"CDCA7" 3.26641758728301e-27 3.99604773057245 0.427 0.173 9.79925276184902e-24
"DST" 3.63852578760669e-27 2.22826777341174 0.578 0.336 1.09155773628201e-23
"CDKN1A" 6.58222821088442e-27 2.39268635733264 0.363 0.144 1.97466846326533e-23
"AL592424.1" 8.5356029713278e-27 0.440344362335695 0.166 0.055 2.56068089139834e-23
"USP51" 1.07626454312966e-26 1.24120904239618 0.129 0.131 3.22879362938899e-23
"AGBL4" 1.46549466289486e-26 0.499438299256097 0.337 0.101 4.39648398868459e-23
"CETN4P" 1.85412343342362e-26 0.619060081950986 0.183 0.098 5.56237030027085e-23
"AC015912.3" 2.34323249440172e-26 1.46108118573041 0.273 0.106 7.02969748320516e-23
"CTGF" 2.79209784633857e-26 4.34296880177445 0.4 0.086 8.37629353901572e-23
"AL358472.4" 3.42566541801289e-26 0.804804259414647 0.105 0.097 1.02769962540387e-22
"RBP1" 3.82261716052613e-26 2.81529054177172 0.441 0.114 1.14678514815784e-22
"EDEM1" 4.26134965188667e-26 2.52074112062506 0.295 0.094 1.278404895566e-22
"CCR10" 4.76801511809999e-26 0.41739280738236 0.244 0.11 1.43040453543e-22
"DPY19L2P3" 2.00370020838042e-25 1.19942539824939 0.09 0.13 6.01110062514126e-22
"GALNT10" 2.60590640057285e-25 2.97325018645806 0.205 0.123 7.81771920171856e-22
"TMEM2" 3.59230599906751e-25 2.97735460727855 0.449 0.118 1.07769179972025e-21
"MAP4K1" 4.18968908755764e-25 1.43506979100324 0.163 0.044 1.25690672626729e-21
"PDE1B" 4.4105439230315e-25 0.44130098913644 0.195 0.082 1.32316317690945e-21
"TMEM161B-AS1" 9.28520346969296e-25 1.22167472187858 0.629 0.412 2.78556104090789e-21
"LINC00467" 9.36945021824396e-25 1.16022187657182 0.183 0.095 2.81083506547319e-21
"INSM1" 1.40933208861463e-24 3.58586788810519 0.466 0.237 4.22799626584388e-21
"AC005703.4" 1.44194628721189e-24 0.51776744612323 0.244 0.067 4.32583886163566e-21
"AL034417.4" 2.09093077004349e-24 1.26167141162256 0.176 0.07 6.27279231013047e-21
"AL354989.1" 2.69109661861046e-24 1.6193280396935 0.22 0.061 8.07328985583139e-21
"AC025164.1" 3.33073296656671e-24 0.718990269665309 0.266 0.148 9.99219889970012e-21
"AL645728.1" 9.37512626975318e-24 1.76296052149037 0.251 0.107 2.81253788092596e-20
"MAPK15" 1.11195611785709e-23 0.832413350054978 0.195 0.074 3.33586835357128e-20
"CRYAB" 1.11485917674528e-23 0.703199699628605 0.395 0.125 3.34457753023585e-20
"ETS1" 1.17723277120841e-23 0.627479467510129 0.298 0.107 3.53169831362522e-20
"AC007490.1" 1.88548138488831e-23 2.91150619517147 0.356 0.047 5.65644415466492e-20
"AC037459.3" 3.51623850842372e-23 0.742618569607966 0.3 0.078 1.05487155252712e-19
"AC012368.1" 3.98532655372544e-23 1.70494000773193 0.159 0.123 1.19559796611763e-19
"CHD7" 9.53109321584609e-23 3.9328590835257 0.488 0.269 2.85932796475383e-19
"RNVU1-6" 1.00091277828761e-22 0.571828884465841 0.341 0.107 3.00273833486282e-19
"KIAA1211" 1.00594828753313e-22 1.53749034526673 0.485 0.321 3.01784486259939e-19
"CADM3-AS1" 1.13810030680517e-22 1.25298595801534 0.246 0.055 3.41430092041552e-19
"KCNK3" 1.56438928555198e-22 1.89390542923727 0.29 0.127 4.69316785665595e-19
"AQP1" 1.75051264017552e-22 2.6839130621768 0.4 0.107 5.25153792052655e-19
"IGDCC3" 1.77167920512214e-22 2.34544937546591 0.159 0.128 5.31503761536642e-19
"SYCP2L" 2.17353274377406e-22 0.695679020514449 0.017 0.102 6.52059823132218e-19
"FAM156A" 5.53666687423722e-22 0.53001544592502 0.02 0.111 1.66100006227116e-18
"AP001269.4" 5.67341878436068e-22 0.494217914429074 0.12 0.088 1.7020256353082e-18
"CA3" 1.72409574184066e-21 2.38148932364332 0.198 0.043 5.17228722552199e-18
"AC091551.1" 1.77237936517884e-21 2.43167483252383 0.166 0.115 5.31713809553653e-18
"LINC02440" 1.84776589809095e-21 1.78298306368021 0.293 0.146 5.54329769427285e-18
"SPAG6" 2.06927026768265e-21 1.4203857976405 0.207 0.139 6.20781080304794e-18
"TUBA4A" 2.76211599264617e-21 0.858956213786032 0.078 0.113 8.2863479779385e-18
"AC092614.1" 2.98444759531007e-21 0.707842899959495 0.212 0.073 8.95334278593022e-18
"LGR5" 3.13071710397265e-21 2.1030390620806 0.178 0.103 9.39215131191794e-18
"AC084018.2" 3.15965777512996e-21 0.879949332934489 0.015 0.112 9.47897332538986e-18
"TMSB15A" 5.00482866138593e-21 1.11605515464828 0.612 0.398 1.50144859841578e-17
"SLC35F3" 8.11691522856564e-21 0.658326405003844 0.205 0.132 2.43507456856969e-17
"AC069257.3" 1.09440908749809e-20 0.413607995567089 0.224 0.087 3.28322726249427e-17
"SPATA5" 1.13389132607264e-20 0.947917021505976 0.198 0.103 3.40167397821792e-17
"AC010531.6" 1.45540374559902e-20 1.16318436967207 0.11 0.066 4.36621123679705e-17
"KIAA0825" 1.47299287501904e-20 0.532921654721884 0.102 0.127 4.41897862505712e-17
"AC025211.1" 1.92816890590911e-20 0.704172669705514 0.31 0.09 5.78450671772732e-17
"MYO1B" 2.13777553521388e-20 4.2827902893621 0.38 0.137 6.41332660564164e-17
"RFTN1" 2.86533878834923e-20 0.86363071236239 0.337 0.146 8.59601636504769e-17
"RIMS2" 3.02295353480394e-20 0.840091560285863 0.198 0.118 9.06886060441183e-17
"ARL9" 3.43366160602698e-20 0.450553636829602 0.305 0.073 1.03009848180809e-16
"SVEP1" 5.43301127715088e-20 1.29500733840769 0.122 0.027 1.62990338314527e-16
"CMPK2" 6.76956926024048e-20 1.40250748592433 0.302 0.158 2.03087077807214e-16
"USP49" 7.2761857970573e-20 2.84684288723331 0.071 0.138 2.18285573911719e-16
"TUBB" 8.3283549385659e-20 0.434937115385708 0.649 0.449 2.49850648156977e-16
"ARHGEF37" 1.08660155661199e-19 1.08658386155665 0.146 0.111 3.25980466983597e-16
"NR2F2" 1.12100622120486e-19 0.410800091111324 0.366 0.281 3.36301866361457e-16
"SFRP2" 1.27329135647163e-19 0.46913304309971 0.129 0.078 3.81987406941489e-16
"AC027307.3" 5.06391121374567e-19 1.67959531557327 0.178 0.08 1.5191733641237e-15
"TNFRSF10D" 5.11724237276022e-19 1.98942704110998 0.212 0.157 1.53517271182807e-15
"AC092143.2" 5.65829536543077e-19 0.593421735937246 0.288 0.154 1.69748860962923e-15
"SDK2" 6.25205134096727e-19 1.02816636690195 0.32 0.14 1.87561540229018e-15
"AC005363.2" 7.61321357094108e-19 1.65829918202118 0.188 0.093 2.28396407128232e-15
"LINC01980" 1.86765203730434e-18 1.12917612473878 0.271 0.118 5.60295611191303e-15
"AC103724.4" 2.17872196078799e-18 1.19411771612323 0.041 0.117 6.53616588236396e-15
"FRMPD3" 2.18673932581695e-18 1.83026003700426 0.112 0.048 6.56021797745086e-15
"NALCN-AS1" 2.60557228977542e-18 1.28132415756445 0.1 0.04 7.81671686932626e-15
"MYLIP" 3.2502643208462e-18 0.541732318425188 0.1 0.065 9.75079296253861e-15
"EPAS1" 3.5399248754762e-18 1.25086389340138 0.327 0.198 1.06197746264286e-14
"AC145138.1" 6.12945825657323e-18 0.912966656918021 0.105 0.084 1.83883747697197e-14
"AC004917.1" 6.41411269915218e-18 0.278762094128727 0.137 0.151 1.92423380974565e-14
"AC021752.1" 8.80036336261204e-18 0.787011200628141 0.161 0.1 2.64010900878361e-14
"PRRX1" 9.75398584617741e-18 2.02982768487329 0.122 0.15 2.92619575385322e-14
"ZMYND10" 1.17024310412812e-17 0.762793800630611 0.173 0.081 3.51072931238437e-14
"SERINC5" 1.51740645635544e-17 1.09300654658429 0.42 0.211 4.55221936906633e-14
"TUBB2B" 1.96580624664189e-17 0.6596119083644 0.593 0.428 5.89741873992566e-14
"MYOT" 3.39503400893227e-17 0.538145186348695 0.337 0.081 1.01851020267968e-13
"RNF31" 4.01361769613035e-17 1.46127996813911 0.185 0.055 1.20408530883911e-13
"KANTR" 4.2565867278338e-17 3.46389232246315 0.124 0.145 1.27697601835014e-13
"AC025580.2" 4.4592033273302e-17 1.3191425093251 0.107 0.06 1.33776099819906e-13
"PAX6" 4.85901207857054e-17 5.75355267108318 0.337 0.23 1.45770362357116e-13
"AC087521.3" 6.07980720673977e-17 1.39964343402521 0.273 0.114 1.82394216202193e-13
"TCF12" 6.82371775664697e-17 6.01080699348709 0.476 0.315 2.04711532699409e-13
"HIST3H2BB" 8.57415290769303e-17 1.2120938852066 0.19 0.107 2.57224587230791e-13
"AC021504.1" 9.88448961317311e-17 1.19559975416128 0.324 0.152 2.96534688395193e-13
"RGS16" 1.01376894541346e-16 0.553491718478599 0.166 0.146 3.04130683624037e-13
"MDK" 1.51427142205797e-16 0.471952550023322 0.329 0.267 4.54281426617392e-13
"MTSS1" 1.914952849003e-16 0.880423871161058 0.473 0.352 5.74485854700901e-13
"MEIOC" 1.99105184103258e-16 1.68670003237614 0.1 0.09 5.97315552309773e-13
"KLHDC8A" 5.41043606743559e-16 3.21569645570539 0.473 0.175 1.62313082023068e-12
"AC022639.1" 5.57752657332896e-16 0.428012205222426 0.312 0.085 1.67325797199869e-12
"PLXDC1" 7.99444972913308e-16 0.495229351148717 0.063 0.136 2.39833491873992e-12
"CAMK2N1" 8.15653902997754e-16 0.808436682934643 0.563 0.401 2.44696170899326e-12
"CNTN4" 2.23901431635414e-15 0.457085402662688 0.173 0.119 6.71704294906243e-12
"AC017053.1" 2.29777871171229e-15 1.47038125208402 0.378 0.119 6.89333613513688e-12
"AP001273.1" 2.40108355095449e-15 1.16504967291475 0.202 0.081 7.20325065286348e-12
"AC012409.2" 4.77674933812747e-15 0.941293696188042 0.166 0.066 1.43302480143824e-11
"AL049629.1" 6.31318202643375e-15 1.07926430825096 0.168 0.024 1.89395460793012e-11
"RAB3IP" 6.64250565438286e-15 3.19516394168777 0.283 0.118 1.99275169631486e-11
"AC121342.1" 1.70728098823263e-14 0.983307604301322 0.171 0.071 5.12184296469789e-11
"TSC22D3" 3.76461035730087e-14 1.33888497869608 0.305 0.209 1.12938310719026e-10
"MIR181A2HG" 3.97347320908692e-14 1.61245101503622 0.107 0.106 1.19204196272608e-10
"AC245140.2" 1.20446333073749e-13 0.653458653242033 0.168 0.127 3.61338999221246e-10
"MYO3B" 1.62504084117095e-13 2.99009589704844 0.302 0.025 4.87512252351285e-10
"AC010442.1" 2.1246391171574e-13 2.29987044412608 0.127 0.018 6.37391735147219e-10
"LINC00487" 2.66457422923242e-13 1.41869530500091 0.205 0.119 7.99372268769727e-10
"LINC02327" 2.80151246956083e-13 1.55807739286847 0.217 0.066 8.40453740868248e-10
"AMOTL2" 3.56388635640423e-13 0.385142082806484 0.105 0.13 1.06916590692127e-09
"UPP2" 3.76404936634142e-13 0.393764910822313 0.044 0.174 1.12921480990243e-09
"LINC01424" 3.79908253796293e-13 1.14945204112948 0.01 0.119 1.13972476138888e-09
"LINC01550" 5.73564882764021e-13 3.84670169075505 0.122 0.113 1.72069464829206e-09
"BAMBI" 6.58083611346745e-13 0.57674294974562 0.073 0.128 1.97425083404023e-09
"DLX6" 1.41060227474071e-12 4.22555379329944 0.351 0.115 4.23180682422213e-09
"AC026471.4" 1.47626522386603e-12 0.551872731955898 0.115 0.129 4.42879567159809e-09
"ADAM19" 1.57702255915131e-12 1.92398430245304 0.232 0.116 4.73106767745392e-09
"ERBB4" 2.07480564735793e-12 0.512622254560071 0.112 0.192 6.2244169420738e-09
"AC124319.2" 6.98560074543837e-12 0.640407340308963 0.139 0.131 2.09568022363151e-08
"CRMP1" 1.09556674506257e-11 0.492033753637442 0.563 0.432 3.2867002351877e-08
"FOLR1" 2.04861346352711e-11 1.04609843536892 0.11 0.072 6.14584039058133e-08
"BRINP1" 2.41732406257562e-11 1.63059411121528 0.263 0.128 7.25197218772685e-08
"TMEM81" 2.49217962193062e-11 1.34860870483507 0.044 0.115 7.47653886579186e-08
"PCBP3" 2.73509646769359e-11 0.888638906183617 0.241 0.127 8.20528940308076e-08
"KCNIP4" 2.83984033164477e-11 0.657746724297818 0.124 0.11 8.51952099493431e-08
"PLLP" 3.74845756728872e-11 0.781360257752183 0.254 0.051 1.12453727018662e-07
"AC004076.2" 3.75602777986048e-11 1.22436271806509 0.163 0.078 1.12680833395815e-07
"AC006064.2" 4.56192332420831e-11 0.388222857924289 0.041 0.113 1.36857699726249e-07
"PROX1-AS1" 8.87024763147757e-11 1.90058821327759 0.307 0.098 2.66107428944327e-07
"CEP83-AS1" 1.28355615566108e-10 2.25943991497241 0.32 0.135 3.85066846698325e-07
"MIR7-3HG" 1.37312722396106e-10 0.862612899994506 0.251 0.127 4.11938167188317e-07
"AL138724.1" 2.02882118014682e-10 3.41202817810083 0.176 0.042 6.08646354044046e-07
"NXPH1" 3.46883626566812e-10 1.02350000118763 0.298 0.109 1.04065087970044e-06
"KEL" 3.5206404928356e-10 1.57735782721449 0.127 0.074 1.05619214785068e-06
"CEL" 3.70698508898825e-10 0.446538591295385 0.107 0.126 1.11209552669647e-06
"CAPN6" 3.80981138551517e-10 1.07617815021558 0.263 0.069 1.14294341565455e-06
"HCG17" 3.97499251130179e-10 0.507103900736302 0.066 0.126 1.19249775339054e-06
"GUCY1B2" 3.98726701014825e-10 1.60663411795128 0.102 0.052 1.19618010304448e-06
"COL9A3" 4.68734570290018e-10 2.5035546856815 0.202 0.135 1.40620371087005e-06
"SLC6A1" 4.88360321395338e-10 2.59689440344049 0.2 0.105 1.46508096418601e-06
"HMGB3" 9.60382726102032e-10 4.80118657927488 0.446 0.333 2.8811481783061e-06
"CAMTA1-DT" 1.1203113958505e-09 0.811390994888903 0.28 0.112 3.3609341875515e-06
"AP000251.1" 1.64238342996537e-09 1.91604533256261 0.149 0.124 4.92715028989612e-06
"AC099792.1" 1.96071913456029e-09 2.42673115461505 0.327 0.104 5.88215740368088e-06
"HELZ2" 2.38306250903546e-09 1.46885460079221 0.278 0.101 7.14918752710637e-06
"H2AFV" 2.48458898245234e-09 0.571608713274499 0.522 0.375 7.45376694735701e-06
"PTCH2" 4.35744561212485e-09 0.572465807349406 0.149 0.157 1.30723368363746e-05
"CDH18" 5.53731876226043e-09 1.32874591433509 0.154 0.093 1.66119562867813e-05
"CHKB" 6.61717303478174e-09 1.23251936055026 0.1 0.051 1.98515191043452e-05
"ITGA9-AS1" 6.96047978401561e-09 1.58278214955737 0.239 0.129 2.08814393520468e-05
"BNC2" 1.14786977100137e-08 0.275267113953038 0.012 0.12 3.44360931300412e-05
"VIP" 1.43483074836035e-08 4.06396319013761 0.205 0.108 4.30449224508106e-05
"SCUBE2" 1.5770051357489e-08 0.278779772250605 0.012 0.134 4.73101540724669e-05
"AC245297.1" 1.71621256008481e-08 1.02588986323774 0.293 0.136 5.14863768025442e-05
"AC022101.1" 1.86732337878429e-08 0.909112063275879 0.134 0.269 5.60197013635286e-05
"FALEC" 3.05141316066842e-08 0.658342192227304 0.054 0.133 9.15423948200527e-05
"ZNF883.1" 3.51408028092206e-08 0.959103564121754 0.112 0.11 0.000105422408427662
"ACTA2" 3.75457910849084e-08 0.826012450131268 0.312 0.08 0.000112637373254725
"C11orf42" 4.32148644353538e-08 1.8565050180054 0.117 0.07 0.000129644593306061
"CD36" 5.69353558510277e-08 0.900610388291664 0.112 0.042 0.000170806067553083
"IGFBP6" 5.82895849866536e-08 0.678333158469988 0.073 0.104 0.000174868754959961
"IDUA" 5.85228324634485e-08 1.13966732241472 0.261 0.114 0.000175568497390345
"KCNA5" 5.95809205927894e-08 0.973999667193661 0.156 0.079 0.000178742761778368
"ZC3H8" 7.17090246313681e-08 2.04231108574731 0.166 0.178 0.000215127073894104
"LINC00535" 1.40853734293748e-07 1.81239267013008 0.273 0.099 0.000422561202881245
"COLEC11" 1.45289132614448e-07 1.55945518381653 0.185 0.059 0.000435867397843343
"CCDC168" 1.59263283451531e-07 1.5125634323655 0.168 0.057 0.000477789850354594
"UNC5B" 2.29380520098564e-07 0.559638996775066 0.271 0.11 0.000688141560295693
"LINC01801" 2.44831626677512e-07 0.542639649469926 0.124 0.078 0.000734494880032535
"ECEL1" 3.1583840697886e-07 0.55637971087681 0.241 0.07 0.00094751522093658
"TSHR" 4.55695810059899e-07 2.84526062261674 0.195 0.057 0.0013670874301797
"FAM155B" 5.14107782116199e-07 1.09890210886706 0.195 0.167 0.0015423233463486
"AC110285.2" 6.6238118784113e-07 0.555445883196475 0.178 0.098 0.00198714356352339
"MT-CYB" 1.18133279028726e-06 0.440663576809031 0.59 0.46 0.00354399837086179
"AL359955.1" 1.47932200698807e-06 0.63657036909154 0.19 0.135 0.0044379660209642
"DIO2" 1.7806327496065e-06 1.44202561255336 0.144 0.11 0.0053418982488195
"AC005562.1" 1.89692949834458e-06 0.631406332769972 0.071 0.125 0.00569078849503375
"LCMT1-AS1" 2.73312838355574e-06 1.38113428167954 0.105 0.12 0.00819938515066722
"SORCS2" 2.92456809251183e-06 0.623320383232285 0.095 0.103 0.0087737042775355
"AC104985.1" 3.01310018088167e-06 1.361268951232 0.159 0.062 0.009039300542645
"SMARCA5-AS1" 3.15467331547307e-06 1.6236544173608 0.212 0.072 0.00946401994641921
"CIART" 4.28687463745861e-06 1.36150527108629 0.078 0.144 0.0128606239123758
"MIR210HG" 4.59018713091273e-06 1.83411822939318 0.1 0.164 0.0137705613927382
"ZNF721" 4.71231980501663e-06 1.64683820636959 0.037 0.123 0.0141369594150499
"PRPH" 4.85675538315432e-06 0.971287381287658 0.261 0.098 0.014570266149463
"ZNF433-AS1" 5.47890249143505e-06 2.34674306461294 0.224 0.136 0.0164367074743051
"PLEKHH2" 5.93934468788879e-06 0.949708234318337 0.127 0.103 0.0178180340636664
"FAM19A2" 6.75628445978815e-06 0.352471605365979 0.029 0.12 0.0202688533793644
"ETV1" 6.96151002199932e-06 3.64436105566724 0.341 0.213 0.020884530065998
"ZMAT4" 7.48336971655467e-06 1.78966664430265 0.195 0.078 0.022450109149664
"AC025887.2" 7.79176385401081e-06 0.899963754980959 0.088 0.19 0.0233752915620324
"AC024940.2" 8.00582457441103e-06 0.62130733423758 0.276 0.118 0.0240174737232331
"KLHL22" 8.14250080335872e-06 2.89121861083466 0.141 0.143 0.0244275024100762
"AL133346.1" 9.59626025349747e-06 1.67659673312221 0.288 0.147 0.0287887807604924
"AKNA" 1.02527413311421e-05 0.489487342369179 0.183 0.144 0.0307582239934262
"OMG" 1.6112959566766e-05 1.18939908872211 0.017 0.115 0.0483388787002979
"DLGAP3" 1.81675072472689e-05 0.938542237376428 0.102 0.095 0.0545025217418067
"RAB11B-AS1" 1.82968000208288e-05 0.792961860024057 0.171 0.097 0.0548904000624864
"CPEB1" 1.93098405326288e-05 2.2233089009143 0.102 0.127 0.0579295215978864
"LINC02488" 2.43358551987523e-05 1.97297410152133 0.256 0.142 0.0730075655962568
"AC005833.2" 2.9701897265482e-05 0.259399037232278 0.024 0.107 0.0891056917964459
"XKR4" 2.98908424593004e-05 0.878036221686266 0.083 0.123 0.0896725273779013
"TAC3" 3.79110510489182e-05 2.89090690819267 0.305 0.067 0.113733153146755
"SLC10A4" 4.36687627077969e-05 1.75001265500353 0.234 0.113 0.131006288123391
"GPR75-ASB3" 7.26027802599699e-05 1.92526518128759 0.146 0.123 0.21780834077991
"AC090241.2" 7.67217460498258e-05 0.85987687210387 0.224 0.098 0.230165238149478
"ATOH7" 7.78502289757519e-05 1.02014466376829 0.098 0.106 0.233550686927256
"AHNAK2" 0.000130332242564522 0.294471433625926 0.027 0.153 0.390996727693566
"CADM1" 0.000133524836849321 0.849575744304718 0.388 0.367 0.400574510547964
"DPP10-AS1" 0.000182867062823277 1.35948425209582 0.176 0.101 0.548601188469832
"SEPT5" 0.000184120962067702 1.40950325357707 0.29 0.121 0.552362886203105
"NTN4" 0.00021134854659098 0.578978116757016 0.212 0.128 0.63404563977294
"MT-CO2" 0.000268159434633612 0.343015048722532 0.554 0.452 0.804478303900836
"DLEU2" 0.000341290624360905 2.08566251513987 0.232 0.184 1
"GAS2L3" 0.000376239466862369 2.19208043638836 0.217 0.15 1
"AP000873.2" 0.000424728697667522 0.754260731392124 0.051 0.107 1
"AC010320.2" 0.000433293178676152 1.01764406391788 0.12 0.073 1
"WBP4" 0.000489860061651182 3.66986000581347 0.134 0.138 1
"AC010320.3" 0.000543431542091455 0.401233477937209 0.056 0.105 1
"BDNF" 0.000616367332073829 1.45405914754826 0.2 0.081 1
"MIR124-2HG" 0.000620274435964425 1.36283532086706 0.239 0.165 1
"KCNH8" 0.000725392407422904 1.59400497228997 0.224 0.146 1
"AC025048.2" 0.000912731034587228 1.01519257819371 0.066 0.15 1
"LINC00609" 0.00107376267980991 1.93775653124971 0.198 0.058 1
"THY1" 0.00128209097852243 2.23754688092199 0.222 0.188 1
"AL137077.2" 0.00223886012539738 0.902881729451449 0.139 0.111 1
"AC069224.1" 0.0022841328885325 0.354413550722917 0.041 0.142 1
"WNT2B" 0.00263805698400164 0.964026056575355 0.173 0.063 1
"LINC01158" 0.00278706315312114 0.569357339469933 0.444 0.372 1
"LIMA1" 0.00318293538747577 1.24827570463282 0.239 0.192 1
"HECW1" 0.00329299302778917 1.47410448900462 0.093 0.145 1
"AC005520.5" 0.00329969837528479 0.39472829176302 0.046 0.106 1
"PPP1R1A" 0.00415411138497857 2.29865791784404 0.112 0.128 1
"HNRNPA2B1" 0.0044666328232396 1.1892016362153 0.485 0.416 1
"ZNF81" 0.00475310906528495 2.08433794147086 0.139 0.14 1
"LINC00624" 0.0049831019810926 0.971657489554858 0.2 0.12 1
"RMST" 0.00553277647521642 1.25988896852765 0.202 0.12 1
"MTUS2" 0.00561402433552065 0.518172921271454 0.098 0.141 1
"GRHL1" 0.0063352500798875 1.39508585025961 0.151 0.099 1
"AUTS2" 0.00859994945246467 1.05522749897973 0.141 0.307 1
"AL353194.1" 0.0114080397225177 0.997606172991384 0.093 0.125 1
"ARRDC4" 0.012008584858644 3.95594255245376 0.2 0.158 1
"MCUB" 0.0137760356708033 1.4617011864746 0.276 0.241 1
"CERS3-AS1" 0.0149156790952937 0.361857910519971 0.066 0.134 1
"TMOD2" 0.0225365221561249 0.671769060908466 0.259 0.283 1
"CRYM" 0.0329974093001652 0.933249028240343 0.046 0.105 1
"PEG10" 0.0348958306302582 4.49424171567559 0.329 0.351 1
"AGAP2-AS1" 0.0450930200157978 0.338788432365883 0.141 0.138 1
"RCAN2" 0.0514725011598122 0.27578961091158 0.141 0.124 1
"NPTXR" 0.0599675917958112 1.64784875476355 0.19 0.201 1
"LINC01818" 0.072974499110549 2.04208665500786 0.276 0.089 1
"AL158050.1" 0.0764303317243466 1.27209598062588 0.098 0.105 1
"PDE1A" 0.0811808339145444 1.89842972832558 0.034 0.143 1
"AC132807.2" 0.0984262051303079 0.624982702382066 0.166 0.11 1
"AC138649.1" 0.148596378093711 0.889361214722781 0.015 0.124 1
"AL031963.3" 0.149152180848918 0.603594422062059 0.178 0.139 1
"NETO2" 0.161810126112679 0.446748125272891 0.198 0.282 1
"AC009053.1" 0.167312743489731 1.22105570814748 0.049 0.105 1
"TMEM131L" 0.168415065122439 1.82177993000143 0.3 0.173 1
"GRIA4" 0.172088051877443 1.61081448817152 0.224 0.113 1
"LRRC9" 0.213420506145293 0.620262420197268 0.102 0.129 1
"GUSBP2" 0.220646995913546 0.551079425356019 0.105 0.08 1
"PURPL" 0.226240548606242 0.803257659433418 0.163 0.132 1
"ZFHX3" 0.276462637280624 2.5037752039164 0.159 0.139 1
"FGD6" 0.30677143282327 3.93884719200554 0.085 0.116 1
"GPR153" 0.306928532931061 2.48463929586766 0.205 0.151 1
"AC010729.1" 0.350781745052645 0.666281920422975 0.105 0.112 1
"VAX2" 0.35138602854822 0.585265023542291 0.102 0.168 1
"ASAP3" 0.371704901723908 3.12904841672605 0.12 0.141 1
"KCNMB2-AS1" 0.384991963089645 2.72499823420995 0.129 0.061 1
"PIP5K1B" 0.417999380523262 0.278754984809799 0.173 0.122 1
"AL136454.1" 0.441123038920774 1.30145336284489 0.09 0.103 1
"AC007405.2" 0.45906366071461 2.85139581353474 0.115 0.033 1
"AP002495.1" 0.518756935546164 0.889222857099771 0.117 0.123 1
"AL163051.1" 0.524206224508942 0.521017755694713 0.066 0.146 1
"COL1A2" 0.542772548434952 3.57062103100207 0.117 0.066 1
"ADAMTS17" 0.549614319837327 0.540348666890099 0.017 0.11 1
"LINC00639" 0.570966116041403 1.39900255883736 0.198 0.094 1
"AL118558.1" 0.600253933350991 1.12819485562609 0.134 0.102 1
"ZNF32-AS3" 0.602754819540687 0.473872090407109 0.129 0.115 1
"LINC00997" 0.631417636682006 0.475956159227819 0.015 0.151 1
"BEST3" 0.649854900598456 2.8765329883832 0.185 0.069 1
"MYO3A" 0.660146777989111 2.29874228718099 0.22 0.07 1
"CLDN5" 0.734453324884462 0.943185157051772 0.205 0.165 1
"MAP3K20-AS1" 0.779614212639283 2.15792727120009 0.098 0.113 1
"ST7-AS1" 0.860254552377566 2.45675094726129 0.161 0.164 1
"AC012636.1" 0.870276859311176 1.33654271917285 0.178 0.063 1
"AC117383.1" 0.878212981001562 0.322211329127654 0.01 0.107 1
"MMP2" 0.898899677297118 1.36985585634829 0.268 0.121 1
"ZNF578" 0.939805712124522 0.734869719862155 0.059 0.103 1
"LINC01305" 0.967903653229209 0.35417095248402 0.224 0.109 1
"ANKUB1" 0.981188870249324 1.41359288182374 0.22 0.122 1
