"p_val" "avg_log2FC" "pct.1" "pct.2" "p_val_adj"
"MEF2C" 0 8.10681920962599 0.858 0.142 0
"NELL2" 0 9.78700737260739 0.888 0.187 0
"CHL1" 0 4.65605493191566 0.913 0.296 0
"SATB2" 0 9.74287753361452 0.821 0.086 0
"STMN2" 1.28203830201393e-289 7.10427174945873 0.908 0.428 3.84611490604178e-286
"MAP1B" 1.89821297645187e-264 9.01099355348791 0.873 0.41 5.69463892935561e-261
"GAP43" 2.21582177728496e-251 7.67589025133301 0.839 0.3 6.64746533185487e-248
"UCHL1" 3.27390928103888e-227 2.97853407921733 0.835 0.358 9.82172784311663e-224
"NEUROD6" 3.31198684399506e-217 3.04328889249309 0.813 0.258 9.93596053198518e-214
"FAT3" 1.05192986310769e-214 7.177187188487 0.794 0.152 3.15578958932307e-211
"FAM49A" 1.33432087258364e-212 6.01816952261183 0.758 0.103 4.00296261775092e-209
"DAB1" 3.66162114606381e-207 8.22189666224201 0.743 0.096 1.09848634381914e-203
"NEUROD2" 6.98399758256061e-191 4.23487969361609 0.75 0.27 2.09519927476818e-187
"MYT1L" 1.88977638179991e-168 7.47803892438806 0.698 0.202 5.66932914539974e-165
"STMN4" 2.44610010644072e-166 0.767811475212712 0.766 0.36 7.33830031932216e-163
"HS3ST2" 1.07886562432291e-156 1.38605053834279 0.058 0.117 3.23659687296872e-153
"CALM1" 3.3522559306726e-156 1.64217834673819 0.772 0.387 1.00567677920178e-152
"ZBTB18" 4.40474255204474e-156 2.86547627281422 0.691 0.288 1.32142276561342e-152
"CXADR" 2.42273284837154e-151 6.23367596325163 0.753 0.296 7.26819854511462e-148
"PKIA" 2.48583479855131e-151 5.73792623450931 0.767 0.379 7.45750439565392e-148
"ARPP21" 2.41818215617038e-148 6.33404070837205 0.705 0.125 7.25454646851113e-145
"INA" 1.60718369561256e-140 0.627842089753717 0.748 0.346 4.82155108683768e-137
"GRIN2B" 5.06877970183045e-138 5.22394257448129 0.647 0.11 1.52063391054913e-134
"LRRC7" 1.20059107433275e-137 8.62630462933902 0.691 0.218 3.60177322299824e-134
"NKAIN2" 3.74669127272817e-136 8.9820946203819 0.63 0.105 1.12400738181845e-132
"SATB2-AS1" 1.31935674273138e-135 5.41975594332971 0.656 0.063 3.95807022819414e-132
"BHLHE22" 1.02385776107301e-130 2.2873940783444 0.577 0.237 3.07157328321904e-127
"NBEA" 1.43689871034911e-128 6.53241162621616 0.683 0.166 4.31069613104732e-125
"LMO3" 2.96532579546887e-124 3.99595396920156 0.138 0.244 8.89597738640661e-121
"AP001825.1" 4.00485662153837e-122 0.73074780618848 0.057 0.11 1.20145698646151e-118
"MAPT" 9.39210756404381e-118 3.91187304164903 0.741 0.355 2.81763226921314e-114
"HS6ST2" 1.18116614770012e-117 4.20217291936553 0.094 0.155 3.54349844310035e-114
"TTC9B" 1.79868056573893e-115 3.94002792238072 0.679 0.238 5.3960416972168e-112
"RIMS2" 1.00376477334929e-113 0.696144768735969 0.095 0.124 3.01129432004786e-110
"PCLO" 3.3213915225397e-113 4.0001273289526 0.649 0.13 9.96417456761911e-110
"R3HDM1" 3.56310848080127e-113 12.0852422621523 0.648 0.185 1.06893254424038e-109
"PCSK1N" 1.70355560294261e-112 1.40983724711159 0.72 0.383 5.11066680882783e-109
"NSG2" 2.731935859376e-112 0.278201231031906 0.684 0.33 8.195807578128e-109
"TMEM81" 3.71223462701033e-111 1.15731155773882 0.03 0.12 1.1136703881031e-107
"SLA" 3.79113807052126e-110 1.02210789568714 0.583 0.229 1.13734142115638e-106
"LRP1B" 1.19498575531519e-108 2.73296745066914 0.108 0.134 3.58495726594557e-105
"BSN-AS2" 2.22455579381531e-108 1.29059379149732 0.046 0.105 6.67366738144593e-105
"NCAM1" 2.7898094688012e-108 2.24497680493003 0.735 0.409 8.3694284064036e-105
"GRID2" 9.79808160505356e-108 4.2722577165844 0.072 0.116 2.93942448151607e-104
"AOAH" 1.15017547702482e-107 0.362877515308472 0.084 0.116 3.45052643107447e-104
"KRT19" 4.46883377769843e-107 0.495412544362686 0.104 0.072 1.34065013330953e-103
"CAMK2B" 2.1874929906713e-106 4.09005209946548 0.609 0.079 6.56247897201391e-103
"KREMEN2" 4.65507773838501e-106 1.96670561476724 0.119 0.049 1.3965233215155e-102
"ETV1" 1.75083781357137e-99 2.03348028235225 0.158 0.223 5.2525134407141e-96
"ZNF385D" 6.42200825947398e-99 1.56328311751846 0.085 0.141 1.92660247784219e-95
"B3GAT2" 1.93835782336705e-98 0.869912280371976 0.108 0.151 5.81507347010116e-95
"REP15" 2.7432072283288e-98 2.1541226275744 0.07 0.129 8.22962168498641e-95
"SLC9C2" 3.96685213702668e-97 2.16245066776384 0.105 0.074 1.190055641108e-93
"DLG2" 4.72680329561727e-97 6.47413513080506 0.571 0.15 1.41804098868518e-93
"MAGI1" 5.77794752328283e-97 5.86526727847656 0.135 0.213 1.73338425698485e-93
"AL139294.1" 8.12008524485224e-97 1.85103715418608 0.046 0.111 2.43602557345567e-93
"NSG1" 2.16995202465553e-96 0.934854873554936 0.698 0.331 6.50985607396658e-93
"PFKFB1" 5.51732386673924e-96 0.305470872242507 0.089 0.115 1.65519716002177e-92
"RUNX1T1" 6.8121873552131e-95 4.85125364929878 0.608 0.197 2.04365620656393e-91
"STMN1" 7.30451117126288e-94 2.38841851823315 0.747 0.468 2.19135335137886e-90
"ANK2" 9.67989739951694e-94 9.97143481778265 0.678 0.319 2.90396921985508e-90
"CHRM2" 3.36796907717332e-93 2.8213861070955 0.101 0.026 1.010390723152e-89
"AC003682.1" 5.96463670527955e-93 0.893282035519855 0.05 0.106 1.78939101158387e-89
"AC005498.3" 6.02982551065036e-93 0.6344244814407 0.075 0.138 1.80894765319511e-89
"PTPRD" 6.38390881118335e-93 9.98040664956863 0.619 0.257 1.915172643355e-89
"PKN2-AS1" 7.64373884470747e-93 0.397518857340119 0.098 0.18 2.29312165341224e-89
"AC006480.2" 9.26359081603953e-93 0.64428870102266 0.073 0.128 2.77907724481186e-89
"TUBB2A" 3.47642182751562e-91 3.74391730549782 0.705 0.406 1.04292654825469e-87
"HELQ" 1.3410524139393e-90 1.68176984915704 0.081 0.144 4.02315724181789e-87
"DOK5" 2.36750069524492e-89 6.81993027029408 0.609 0.189 7.10250208573475e-86
"AC025048.4" 2.29234694692341e-88 1.09208485852444 0.122 0.105 6.87704084077023e-85
"UTRN" 2.60905476204609e-88 2.58742640307898 0.043 0.115 7.82716428613828e-85
"TMPO" 3.19632552053e-88 1.6556062505113 0.118 0.378 9.58897656159e-85
"FLRT2" 4.75753192233488e-87 5.31373242779924 0.592 0.114 1.42725957670047e-83
"SPHKAP" 1.86581502947562e-86 1.60180795752938 0.141 0.12 5.59744508842687e-83
"PLXNA4" 4.10921398876247e-86 3.86155685432042 0.609 0.138 1.23276419662874e-82
"LIMCH1" 1.40255298445749e-85 5.22825179231467 0.63 0.152 4.20765895337247e-82
"EXOC3L1" 2.00393610008224e-85 1.12240483773946 0.109 0.131 6.01180830024673e-82
"DACH1" 3.72725976415008e-84 0.748939465903225 0.022 0.13 1.11817792924502e-80
"CACNA2D1" 7.03439143018864e-84 6.77546118944669 0.608 0.168 2.11031742905659e-80
"TRHDE" 1.37424019901973e-81 2.49778297819004 0.063 0.105 4.12272059705919e-78
"RBFOX1" 8.26448739879732e-81 4.39147109848739 0.565 0.159 2.4793462196392e-77
"KCNK1" 1.21645803116694e-80 0.461556178507438 0.105 0.101 3.64937409350082e-77
"TSPAN13" 2.69741924632699e-80 0.990232979943381 0.617 0.264 8.09225773898096e-77
"SYT1" 6.67960574644306e-80 3.54890252464327 0.66 0.341 2.00388172393292e-76
"GREM2" 1.63256947997511e-79 3.81379851030679 0.152 0.034 4.89770843992532e-76
"SLC24A4" 2.17223007727029e-79 0.372529865649852 0.109 0.059 6.51669023181086e-76
"RTN1" 3.47403895273169e-79 0.970292770664966 0.702 0.403 1.04221168581951e-75
"AC093772.1" 1.85270003909298e-78 1.85712028573607 0.111 0.036 5.55810011727895e-75
"IL10RA" 3.92610072515398e-78 1.02478213240638 0.108 0.112 1.17783021754619e-74
"BDNF" 4.47057237125094e-78 2.70649192088391 0.115 0.083 1.34117171137528e-74
"CELF2" 1.33529976434731e-77 8.8943598593197 0.666 0.379 4.00589929304192e-74
"ZNF630" 7.14613779650629e-77 0.397662408712792 0.072 0.128 2.14384133895189e-73
"AC003002.1" 8.0005933421058e-77 1.05630213409415 0.117 0.086 2.40017800263174e-73
"BACH2" 1.41144373947399e-75 4.93095268029248 0.496 0.113 4.23433121842198e-72
"STPG2" 1.86751211509455e-75 1.2378658208004 0.099 0.102 5.60253634528365e-72
"MTUS1" 1.0490739939377e-74 1.36108165967819 0.053 0.159 3.14722198181311e-71
"KCNN2" 1.18141484023134e-74 0.440567492607068 0.064 0.118 3.54424452069402e-71
"GACAT2" 2.58829250340746e-74 1.15767941569985 0.126 0.071 7.76487751022237e-71
"CRMP1" 6.23390905628704e-74 0.900961819173491 0.682 0.415 1.87017271688611e-70
"ENPP2" 6.68891297379996e-74 1.40095833399 0.084 0.114 2.00667389213999e-70
"NTNG1" 3.50222345866929e-73 1.71137883803957 0.108 0.115 1.05066703760079e-69
"HS3ST4" 4.81072291882472e-73 1.7773663584973 0.119 0.081 1.44321687564742e-69
"DNAJA4" 6.35307800869907e-73 1.84876710464257 0.109 0.062 1.90592340260972e-69
"SYT4" 1.79775138853069e-72 5.29785258399031 0.607 0.139 5.39325416559207e-69
"TMSB10" 1.27783510834712e-70 0.961747054014584 0.734 0.477 3.83350532504136e-67
"C8orf37-AS1" 1.54187619573623e-70 0.257462551761094 0.1 0.079 4.62562858720868e-67
"RBFOX2" 1.92038972890309e-70 0.4851823642651 0.665 0.395 5.76116918670926e-67
"CNTN4" 7.95805534920643e-70 3.4491726876038 0.178 0.116 2.38741660476193e-66
"LIMD1-AS1" 1.34342549672448e-69 0.311108439601002 0.082 0.107 4.03027649017345e-66
"GPC6" 3.92390729728967e-69 0.959445079272651 0.101 0.14 1.1771721891869e-65
"PDIA2" 4.31100586516628e-69 0.45822076887085 0.102 0.075 1.29330175954988e-65
"LAYN" 1.34732967618137e-68 2.44644769260917 0.108 0.055 4.0419890285441e-65
"CHD3" 1.74546992329872e-68 0.377362263763161 0.613 0.376 5.23640976989615e-65
"AL353746.1" 2.03644984837806e-68 5.80809124796808 0.168 0.097 6.10934954513418e-65
"SLC9A5" 9.29899080295614e-68 0.902139538600249 0.161 0.138 2.78969724088684e-64
"C19orf38" 3.82750218931583e-67 1.24394885094642 0.093 0.117 1.14825065679475e-63
"BCHE" 1.27253556981709e-65 0.672033718582481 0.119 0.118 3.81760670945128e-62
"AC020704.1" 2.1808015356101e-65 0.706485206498327 0.081 0.118 6.54240460683031e-62
"NEFM" 2.63730694730061e-65 7.35151356703931 0.549 0.077 7.91192084190183e-62
"PTPRE" 5.27160163196743e-65 1.66720794591154 0.163 0.072 1.58148048959023e-61
"CDH12" 7.62975853316552e-65 2.81390691503229 0.143 0.104 2.28892755994966e-61
"FGF13" 1.68514928893244e-64 2.89278530613247 0.472 0.148 5.05544786679731e-61
"EPHA7" 4.81085825192975e-64 5.8684866729241 0.488 0.102 1.44325747557893e-60
"KCNQ1OT1" 7.78392790122052e-64 1.32230960007485 0.146 0.15 2.33517837036616e-60
"PICK1" 7.81741362084798e-64 0.834435433378324 0.127 0.111 2.34522408625439e-60
"CSMD3" 1.31160149602817e-63 4.97855704710668 0.141 0.122 3.9348044880845e-60
"AC074044.1" 2.04076450454467e-63 0.488476162024373 0.115 0.034 6.12229351363401e-60
"LINC02525" 3.45776628618579e-63 0.493905611230346 0.163 0.117 1.03732988585574e-59
"IQSEC3" 9.66494319750205e-63 0.430137394597157 0.127 0.104 2.89948295925062e-59
"RAP1GAP" 1.84114166598952e-62 0.654401364389724 0.131 0.131 5.52342499796857e-59
"PCDH7" 3.42214713123472e-62 2.94993115931206 0.139 0.104 1.02664413937042e-58
"KCNQ1" 4.20636698978173e-62 1.42772963660756 0.126 0.109 1.26191009693452e-58
"C1QTNF3-AMACR" 4.85446042155502e-62 2.21175498988623 0.082 0.121 1.45633812646651e-58
"TICAM1" 5.29215922836678e-62 0.391404210810276 0.102 0.07 1.58764776851003e-58
"NPDC1" 5.86245271304615e-62 0.518792923420508 0.059 0.101 1.75873581391384e-58
"PIK3R1" 8.7996624613672e-62 9.25083789093096 0.593 0.217 2.63989873841016e-58
"DIRAS3" 8.92464685368257e-62 0.331927997331169 0.047 0.133 2.67739405610477e-58
"LINC00504" 1.18720243699788e-61 1.50550198723091 0.062 0.109 3.56160731099363e-58
"PIWIL2" 6.88444794593374e-61 1.90793169421487 0.109 0.032 2.06533438378012e-57
"LURAP1L-AS1" 2.06036747323287e-60 0.282824882380446 0.098 0.125 6.18110241969861e-57
"GRM7" 2.15960586719814e-60 5.37035803859142 0.141 0.094 6.47881760159443e-57
"KLHL13" 2.57848057506562e-60 1.75657549853748 0.128 0.124 7.73544172519686e-57
"LRRC4C" 4.27590926221507e-60 4.05309027577937 0.137 0.08 1.28277277866452e-56
"TNIK" 6.05272513376808e-60 2.5561566886028 0.493 0.134 1.81581754013043e-56
"PMS2P10" 2.32958386180237e-59 1.00129377242842 0.117 0.039 6.98875158540711e-56
"RAPGEF5" 1.00323110922414e-58 2.46541145197552 0.194 0.135 3.00969332767242e-55
"AL133166.1" 1.38272297071258e-58 0.522181918106872 0.187 0.1 4.14816891213773e-55
"AGBL4" 3.47401256349824e-58 0.934432259582683 0.089 0.112 1.04220376904947e-54
"DNAH2" 4.26041848366919e-58 0.551175475138329 0.136 0.098 1.27812554510076e-54
"AL132780.1" 9.82056116999221e-58 0.526062006482439 0.109 0.062 2.94616835099766e-54
"APLF" 1.72319063208727e-57 0.571712326535105 0.113 0.076 5.1695718962618e-54
"SLC6A17" 2.6108983771175e-57 3.02586010939457 0.126 0.054 7.83269513135249e-54
"NIM1K" 6.34456227280499e-57 1.39439633563748 0.127 0.128 1.9033686818415e-53
"SPTBN1" 6.3755750213534e-57 4.26944085030944 0.647 0.413 1.91267250640602e-53
"ERICH5" 7.34775323506803e-57 1.89463649455827 0.151 0.131 2.20432597052041e-53
"AC137630.3" 9.69638360387447e-57 2.49363044478151 0.128 0.067 2.90891508116234e-53
"JPT1" 9.86436371403147e-57 0.493844986226555 0.652 0.415 2.95930911420944e-53
"AF279873.3" 1.38750032153709e-56 0.685610324070778 0.102 0.07 4.16250096461126e-53
"AL139142.1" 4.0791092343461e-56 2.23734994907387 0.123 0.059 1.22373277030383e-52
"SLC38A1" 1.45999239901998e-55 0.861333176090523 0.623 0.324 4.37997719705994e-52
"PSMA1" 2.73041682559716e-55 0.360563354040213 0.114 0.15 8.19125047679148e-52
"FDFT1" 3.13165492815961e-55 0.35460457328194 0.527 0.328 9.39496478447882e-52
"FUT9" 6.03494182466812e-55 0.506560005946484 0.183 0.303 1.81048254740044e-51
"HIST1H2AC" 3.29526732462189e-54 0.337383444339313 0.066 0.116 9.88580197386566e-51
"AC024361.2" 6.8367117825971e-54 0.799614828305904 0.151 0.104 2.05101353477913e-50
"RNF103-CHMP3" 7.22915387898437e-54 0.329852260560649 0.115 0.134 2.16874616369531e-50
"RPL35P2" 9.38355090027106e-54 1.43668188703622 0.123 0.101 2.81506527008132e-50
"AL133353.1" 1.4229000842519e-53 0.809237879055429 0.15 0.112 4.2687002527557e-50
"KIT" 1.80912710184413e-53 0.312133499331665 0.089 0.129 5.42738130553238e-50
"AGBL3" 7.22715928498414e-53 0.649497974472881 0.159 0.147 2.16814778549524e-49
"GABRG3" 9.21291328513689e-53 2.39501803253737 0.131 0.081 2.76387398554107e-49
"KCNH7" 1.61575707233664e-52 2.78261790148778 0.143 0.148 4.84727121700993e-49
"PPP1R42" 1.8982798926056e-52 1.59672214594148 0.151 0.125 5.69483967781681e-49
"AC092119.2" 1.99000220588269e-52 1.60342773487238 0.113 0.037 5.97000661764806e-49
"PAK5" 3.94821800862282e-52 4.31739671378278 0.577 0.229 1.18446540258685e-48
"AP001462.1" 4.12457732219193e-52 0.94671425775087 0.124 0.066 1.23737319665758e-48
"TFP1" 4.60812075989412e-52 0.43530914184287 0.102 0.086 1.38243622796824e-48
"C4orf47" 3.46817194512565e-51 1.1900451297969 0.148 0.118 1.04045158353769e-47
"CSRNP3" 5.03005438429244e-51 1.60713105248912 0.582 0.201 1.50901631528773e-47
"AL022313.4" 7.33920390240965e-51 0.765209088530105 0.154 0.054 2.20176117072289e-47
"DHDH" 2.4114955357672e-50 0.912735479206201 0.113 0.077 7.23448660730159e-47
"PRUNE2" 3.92228587416902e-50 1.01633523635024 0.11 0.098 1.17668576225071e-46
"LHFPL6" 1.07794772763089e-49 2.19363272937377 0.528 0.126 3.23384318289267e-46
"OSBPL10" 1.09444419377056e-49 0.968004027229082 0.425 0.1 3.28333258131167e-46
"PRR34" 1.21540012974734e-49 0.402972357744471 0.168 0.122 3.64620038924201e-46
"AC018648.1" 1.46339304738931e-49 1.44398064713448 0.105 0.115 4.39017914216792e-46
"SGCD" 1.5277034500104e-49 0.601625137200362 0.084 0.129 4.58311035003121e-46
"ZNF215" 1.70852957680952e-49 0.335464823323752 0.187 0.128 5.12558873042857e-46
"ACAT2" 2.66707191978103e-49 4.84636331889815 0.513 0.243 8.00121575934308e-46
"PPFIA2" 3.21326894631745e-49 6.56051266232281 0.562 0.167 9.63980683895235e-46
"TUBB" 6.50993288985891e-49 0.84688077321347 0.645 0.439 1.95297986695767e-45
"CSRP2" 1.55411565440455e-48 0.286589520424023 0.516 0.297 4.66234696321364e-45
"AC018413.1" 2.24476328506963e-48 0.271746952620616 0.15 0.095 6.73428985520888e-45
"AC124944.3" 3.08403764289297e-48 1.5878500693256 0.136 0.107 9.25211292867892e-45
"RGS6" 5.60248938805529e-48 3.1210939193144 0.128 0.118 1.68074681641659e-44
"AC005009.2" 7.13566454160451e-48 2.20229380413031 0.117 0.036 2.14069936248135e-44
"THBS1" 8.89692126162791e-48 1.14576311472181 0.446 0.067 2.66907637848837e-44
"NR2F2" 1.51933970149171e-47 0.300482551056399 0.206 0.292 4.55801910447512e-44
"SYCP2L" 2.3596793318317e-47 2.02699105248751 0.14 0.094 7.07903799549511e-44
"NTS" 3.16228745979072e-47 1.19077744668287 0.128 0.19 9.48686237937217e-44
"AL662890.1" 3.30661006571147e-47 2.05877556193379 0.111 0.039 9.91983019713441e-44
"TUBA8" 5.16023165789997e-47 1.94919313379511 0.105 0.051 1.54806949736999e-43
"NECAB1" 3.86369370065967e-46 2.5387149292862 0.202 0.064 1.1591081101979e-42
"UBAP1L" 5.71589184917117e-46 1.012705834556 0.123 0.075 1.71476755475135e-42
"ARFGEF3" 8.12109083430328e-46 2.98107493704185 0.474 0.111 2.43632725029098e-42
"TSACC" 8.67651916974307e-46 1.90041656227985 0.121 0.06 2.60295575092292e-42
"FAM196A" 4.28885160729274e-45 1.99358031481327 0.164 0.096 1.28665548218782e-41
"GRK3" 6.09232113726923e-45 0.483707605237655 0.201 0.135 1.82769634118077e-41
"LINC02223" 7.53276569472474e-45 0.860835667364347 0.119 0.089 2.25982970841742e-41
"KIDINS220" 8.15879854895353e-45 2.07601153898405 0.596 0.409 2.44763956468606e-41
"AC005562.1" 8.74790557271248e-45 0.565910675492447 0.117 0.123 2.62437167181374e-41
"SNCA" 1.27148947067986e-44 7.26554147690622 0.548 0.116 3.81446841203957e-41
"ELOVL6" 2.31834418191191e-44 0.526027996788534 0.492 0.196 6.95503254573574e-41
"TSC22D3" 2.32624624860959e-44 4.36831848471652 0.223 0.212 6.97873874582878e-41
"INHBA" 3.52485716361764e-44 5.63527607657891 0.497 0.047 1.05745714908529e-40
"AL035701.1" 4.46461237186878e-44 0.337231794231094 0.102 0.055 1.33938371156063e-40
"AC023024.1" 5.95441749022916e-44 0.393555020209549 0.161 0.077 1.78632524706875e-40
"RAB40A" 6.74926758359042e-44 2.20773138387162 0.13 0.066 2.02478027507713e-40
"NR4A3" 9.9826054848287e-44 1.78553148049173 0.2 0.112 2.99478164544861e-40
"SGCZ" 1.32054690795484e-43 0.847367614266997 0.133 0.123 3.96164072386452e-40
"AL358075.2" 2.04898807970593e-43 0.591857003053072 0.124 0.14 6.14696423911778e-40
"AP001528.1" 2.41845063687038e-43 0.924417612060443 0.157 0.063 7.25535191061113e-40
"TUBB2B" 4.08034110006663e-43 0.972944153883493 0.629 0.416 1.22410233001999e-39
"DOCK9" 5.1468231250003e-43 4.09353777420298 0.483 0.105 1.54404693750009e-39
"AC073957.3" 1.11528534147505e-42 1.94734655790646 0.448 0.044 3.34585602442514e-39
"AL136038.3" 2.3111349607317e-42 0.528241264563652 0.107 0.069 6.93340488219509e-39
"CYTIP" 2.36172856288185e-42 3.10064401389912 0.149 0.021 7.08518568864556e-39
"AC034236.2" 2.54119602106718e-42 0.648550071600592 0.114 0.081 7.62358806320155e-39
"AC231533.1" 1.52129996972902e-41 1.19114027700141 0.118 0.094 4.56389990918707e-38
"ID2" 3.27381326347598e-41 4.69499520552083 0.539 0.337 9.82143979042795e-38
"AC023886.1" 9.14270682888106e-41 1.53558311608454 0.202 0.124 2.74281204866432e-37
"SOX5" 1.12227467659014e-40 5.2092725110119 0.571 0.295 3.36682402977042e-37
"GRM5" 1.27164456766505e-40 5.71861840993154 0.197 0.079 3.81493370299515e-37
"LINC00513" 4.94152374142595e-40 0.802547081616289 0.113 0.063 1.48245712242778e-36
"CLASP2" 5.86229045041361e-40 0.451971260035874 0.584 0.401 1.75868713512408e-36
"STXBP5-AS1" 6.43360400806323e-40 1.01836813416155 0.188 0.099 1.93008120241897e-36
"NREP" 1.21084997810668e-39 1.42171387385889 0.619 0.43 3.63254993432003e-36
"NRXN1" 1.3201667308409e-39 8.8815036268714 0.578 0.399 3.96050019252271e-36
"SYN3" 1.33669566662751e-39 1.57199177708243 0.133 0.113 4.01008699988254e-36
"TBC1D32" 2.53739867937134e-39 1.899772832539 0.166 0.155 7.61219603811402e-36
"POLE2" 3.20325362804276e-39 1.65053467326314 0.108 0.089 9.60976088412828e-36
"AL163051.1" 4.97129915622391e-39 0.27903845289506 0.204 0.137 1.49138974686717e-35
"ADAM28" 5.40981382883556e-39 1.62759645833682 0.156 0.125 1.62294414865067e-35
"AC068473.1" 6.46191463956087e-39 1.73195616510698 0.165 0.127 1.93857439186826e-35
"AC008105.3" 6.87017208497876e-39 2.36740336139608 0.15 0.047 2.06105162549363e-35
"AL357054.2" 1.14200148778541e-38 2.48928082136125 0.14 0.038 3.42600446335624e-35
"LINC02217" 1.15081785131867e-38 3.17843706780782 0.117 0.033 3.452453553956e-35
"TPRG1" 1.90588886604777e-38 0.694912580165864 0.12 0.067 5.7176665981433e-35
"AC073342.1" 2.66558379932583e-38 1.35435762128338 0.207 0.127 7.9967513979775e-35
"AC011477.3" 3.60351771680872e-38 0.258727289731874 0.145 0.053 1.08105531504261e-34
"AC013472.2" 6.57208301733988e-38 0.951836938321392 0.107 0.056 1.97162490520197e-34
"MAPK15" 6.76918586060193e-38 0.903085709630401 0.14 0.073 2.03075575818058e-34
"AL031599.1" 7.85692202293919e-38 1.28185016625524 0.124 0.039 2.35707660688176e-34
"GRIA1" 1.04298112363571e-37 2.43830293019456 0.499 0.172 3.12894337090714e-34
"CDH7" 3.60771643907694e-37 1.53152636793881 0.173 0.068 1.08231493172308e-33
"CREB5" 4.08269888522386e-37 0.738828378876892 0.081 0.171 1.22480966556716e-33
"AC010976.1" 5.70486771737715e-37 0.455997781934016 0.174 0.111 1.71146031521315e-33
"PRSS12" 5.9494783310161e-37 1.36872885552656 0.178 0.075 1.78484349930483e-33
"NRG1" 6.39088095905712e-37 1.78275984488604 0.117 0.141 1.91726428771714e-33
"AP003721.1" 9.5730633244007e-37 2.20735371433791 0.119 0.034 2.87191899732021e-33
"CAMKMT" 1.20218927511186e-36 0.958712834545329 0.077 0.137 3.60656782533559e-33
"AC092422.1" 1.32939257205934e-36 1.72680453304035 0.11 0.026 3.98817771617803e-33
"C4orf22" 1.50769269637255e-36 0.546809758164837 0.142 0.06 4.52307808911766e-33
"AC005703.4" 1.52792016909084e-36 0.391617056544938 0.11 0.071 4.58376050727251e-33
"KCNG1" 1.59081184862601e-36 1.6484072361351 0.155 0.125 4.77243554587802e-33
"AC040162.1" 2.79882811709162e-36 0.922422554032181 0.127 0.054 8.39648435127487e-33
"NETO1" 3.18580680333074e-36 1.84936957887264 0.141 0.064 9.55742040999223e-33
"AL137782.1" 3.33500440183427e-36 0.559252306680342 0.192 0.102 1.00050132055028e-32
"UNC13C" 3.55012815010921e-36 3.40497500367239 0.191 0.123 1.06503844503276e-32
"SYBU" 3.79281954950807e-36 5.03011893560903 0.513 0.105 1.13784586485242e-32
"AC008591.1" 4.83436943043796e-36 3.06170633467649 0.14 0.062 1.45031082913139e-32
"AC074286.1" 5.24246415667368e-36 0.866985597562824 0.188 0.067 1.5727392470021e-32
"FSTL5" 6.06778812543749e-36 2.59580815883129 0.082 0.118 1.82033643763125e-32
"AC024940.3" 1.01675026782864e-35 0.781103920514051 0.108 0.063 3.05025080348592e-32
"ITGA1" 1.12487234656617e-35 1.0414389956601 0.143 0.096 3.37461703969852e-32
"POU6F2-AS2" 2.1076544961189e-35 0.520040437631312 0.158 0.12 6.3229634883567e-32
"SNHG14" 3.20045186589076e-35 8.70024814843634 0.511 0.223 9.60135559767229e-32
"OSBPL7" 3.66591317495208e-35 0.415623871081996 0.154 0.151 1.09977395248562e-31
"AF121898.1" 1.26045839206461e-34 2.7193976154227 0.149 0.022 3.78137517619384e-31
"CALN1" 1.43040482343101e-34 3.28213963719813 0.224 0.085 4.29121447029302e-31
"RPS20P14" 2.21448474315364e-34 1.99262888729426 0.123 0.059 6.64345422946093e-31
"MGAT4C" 2.31175870109909e-34 2.98934622809617 0.219 0.101 6.93527610329728e-31
"TTR" 2.46339947109126e-34 1.66480235904192 0.122 0.102 7.39019841327377e-31
"PRICKLE2" 2.85378397091438e-34 3.7119212736148 0.168 0.102 8.56135191274314e-31
"TENM2" 4.62888358813304e-34 6.95121977266507 0.475 0.116 1.38866507643991e-30
"FBXO31" 5.70706570990808e-34 0.349850849079653 0.113 0.096 1.71211971297242e-30
"ZFHX3" 6.13768742040095e-34 2.03706694385376 0.071 0.146 1.84130622612028e-30
"EFNA5" 6.35508152861629e-34 2.67942437469265 0.132 0.087 1.90652445858489e-30
"DNM3" 9.04761964924093e-34 7.01888834114234 0.502 0.127 2.71428589477228e-30
"LRRN3" 9.49914065045093e-34 0.874822418563962 0.496 0.181 2.84974219513528e-30
"KCTD12" 1.883013526528e-33 2.28489840741104 0.42 0.117 5.649040579584e-30
"VN1R83P" 1.99427343428568e-33 0.573410800417909 0.126 0.063 5.98282030285703e-30
"EPCAM" 2.30916939727807e-33 1.12447246510697 0.209 0.131 6.92750819183422e-30
"GALNT17" 4.17867224203759e-33 1.0008693614773 0.158 0.101 1.25360167261128e-29
"PAAF1" 4.61074405007197e-33 1.76162358236276 0.141 0.147 1.38322321502159e-29
"AC110774.1" 5.24687103210939e-33 0.996597191551336 0.159 0.109 1.57406130963282e-29
"MBP" 1.07102448187168e-32 0.468733374298472 0.147 0.041 3.21307344561505e-29
"HS3ST1" 1.31587375913411e-32 2.19344395734679 0.187 0.129 3.94762127740234e-29
"ST6GALNAC3" 2.04879506790338e-32 1.08662518038528 0.434 0.108 6.14638520371013e-29
"HS3ST5" 2.67798428353413e-32 2.46064287327007 0.1 0.073 8.03395285060238e-29
"SFTPD" 2.71501897023723e-32 0.667554866236298 0.114 0.031 8.14505691071169e-29
"STAT4" 3.55083079571155e-32 1.43881505756339 0.165 0.037 1.06524923871347e-28
"TXNDC16" 5.10273900228268e-32 1.38181673409957 0.201 0.172 1.53082170068481e-28
"BCL11A" 5.28015878359833e-32 1.87646635748407 0.507 0.171 1.5840476350795e-28
"HYDIN2" 1.25664236675253e-31 0.545728252614818 0.178 0.091 3.76992710025759e-28
"ELMOD1" 1.29793432808273e-31 3.09341146537342 0.242 0.077 3.8938029842482e-28
"LINC01725" 1.30500518080041e-31 1.98187464368214 0.148 0.033 3.91501554240123e-28
"AP001273.1" 1.49861006648166e-31 1.18201723362066 0.39 0.058 4.49583019944498e-28
"PLXDC1" 1.66969722607788e-31 0.347329940698501 0.193 0.128 5.00909167823363e-28
"MEGF6" 1.91538686305275e-31 1.58500147685292 0.137 0.048 5.74616058915825e-28
"GRIK2" 2.44667644659729e-31 1.55483146579811 0.235 0.114 7.34002933979187e-28
"AHNAK2" 3.17627830994891e-31 3.08215829603974 0.462 0.119 9.52883492984673e-28
"GPR85" 3.36555805488149e-31 2.34399094166032 0.5 0.12 1.00966741646445e-27
"UPP2" 3.51068289063745e-31 0.470139659412007 0.182 0.167 1.05320486719123e-27
"TNNI3" 4.25051513481084e-31 0.675048149377734 0.217 0.098 1.27515454044325e-27
"BEX1" 4.45832181811266e-31 0.36907950133707 0.586 0.395 1.3374965454338e-27
"NPR3" 6.29431628949077e-31 2.71961799089575 0.213 0.091 1.88829488684723e-27
"RASGEF1A" 7.05834852448665e-31 2.91316743524227 0.216 0.027 2.117504557346e-27
"HAVCR2" 1.30241058430942e-30 1.46472923235565 0.139 0.119 3.90723175292826e-27
"AC090013.1" 1.51547988099571e-30 0.454751692704416 0.133 0.082 4.54643964298713e-27
"TENM1" 1.68117345407242e-30 3.5773093645354 0.191 0.102 5.04352036221725e-27
"AL445433.2" 2.05125660107921e-30 1.67367335508805 0.209 0.083 6.15376980323764e-27
"HAS2" 2.13467806126915e-30 2.08779203474464 0.107 0.089 6.40403418380744e-27
"LINC01185" 2.25991083061216e-30 0.986859385400408 0.107 0.054 6.77973249183647e-27
"UNC80" 2.27182315171585e-30 2.02397192448435 0.191 0.131 6.81546945514756e-27
"AC012313.2" 2.7635186068758e-30 1.47030849923054 0.111 0.029 8.29055582062741e-27
"AL391069.2" 2.77694856414802e-30 0.999856957055654 0.113 0.038 8.33084569244405e-27
"AL121658.1" 3.89184240343031e-30 1.3345184034677 0.111 0.072 1.16755272102909e-26
"AC067750.1" 3.94269835643148e-30 1.76328487800139 0.148 0.089 1.18280950692945e-26
"PRKG2" 4.11802907535166e-30 0.724807863052073 0.414 0.075 1.2354087226055e-26
"FRMPD2" 4.87109105928713e-30 3.66609895666664 0.197 0.034 1.46132731778614e-26
"CACNB4" 6.39484529395038e-30 2.6916840882144 0.139 0.067 1.91845358818511e-26
"MYOM1" 6.53174779919326e-30 0.259722814854701 0.148 0.073 1.95952433975798e-26
"SORCS1" 1.00638465138882e-29 3.37893655017179 0.115 0.113 3.01915395416647e-26
"ADAMTS5" 1.06472273584667e-29 1.03986218452201 0.167 0.113 3.19416820754e-26
"MMP16" 1.1136795409503e-29 1.19025707999734 0.257 0.131 3.34103862285091e-26
"KLHDC1" 1.12937982974637e-29 0.610432668658762 0.152 0.133 3.38813948923911e-26
"THSD7B" 1.47816049558992e-29 0.843414394222448 0.104 0.048 4.43448148676977e-26
"MUM1L1" 1.93839542036895e-29 1.11440290683541 0.16 0.099 5.81518626110685e-26
"TTN" 2.06188108232544e-29 0.753559122114863 0.209 0.108 6.18564324697633e-26
"LY6E-DT" 2.24099398281731e-29 1.90335595531736 0.17 0.02 6.72298194845192e-26
"CCR10" 2.67740064316113e-29 0.350396696374153 0.198 0.108 8.0322019294834e-26
"KCNAB1" 2.77164272264447e-29 0.269708157839041 0.152 0.095 8.31492816793342e-26
"MST1R" 3.06973777972891e-29 0.568704029679155 0.174 0.073 9.20921333918673e-26
"DCN" 4.52976666359932e-29 3.67090708464903 0.395 0.084 1.3589299990798e-25
"PEX5L" 4.73938897203623e-29 3.6237473967078 0.221 0.109 1.42181669161087e-25
"AC245140.3" 4.74338093733609e-29 0.803462082876793 0.139 0.055 1.42301428120083e-25
"SYT6" 5.54707603300253e-29 1.79542156676923 0.22 0.124 1.66412280990076e-25
"FHIT" 6.42250537075435e-29 2.08149611553326 0.147 0.129 1.92675161122631e-25
"AP002852.1" 1.02130872147725e-28 2.33096823493085 0.229 0.082 3.06392616443175e-25
"MT-CO2" 1.04830904576449e-28 0.549664042897013 0.596 0.443 3.14492713729348e-25
"PGM2L1" 1.07338049386852e-28 1.38836385249086 0.501 0.173 3.22014148160555e-25
"NTRK3-AS1" 1.58532093680348e-28 1.84048847230251 0.18 0.063 4.75596281041043e-25
"NWD1" 2.42635143429725e-28 0.397812536329006 0.157 0.058 7.27905430289175e-25
"WNT9A" 4.43766387666862e-28 0.479951686013489 0.183 0.098 1.33129916300059e-24
"MTUS2" 4.56931656157267e-28 1.97930959761144 0.239 0.13 1.3707949684718e-24
"AP003086.2" 4.71325603564444e-28 0.536076822892017 0.158 0.125 1.41397681069333e-24
"LINC00884" 5.36677342271266e-28 1.7094215478238 0.225 0.052 1.6100320268138e-24
"C12orf40" 6.97662986890222e-28 1.01781536324247 0.185 0.083 2.09298896067067e-24
"NALCN-AS1" 7.55424271924092e-28 1.20113395686056 0.164 0.031 2.26627281577228e-24
"AL596220.1" 8.8370636656369e-28 1.61571867379138 0.196 0.082 2.65111909969107e-24
"TAGLN" 1.14277594630812e-27 0.639961487368598 0.163 0.075 3.42832783892436e-24
"SLC44A5" 1.17425907681078e-27 3.8194697859007 0.404 0.115 3.52277723043233e-24
"MYLIP" 4.44102534731246e-27 2.41152787319951 0.201 0.054 1.33230760419374e-23
"AKAP9" 6.63045551872186e-27 0.938337102579142 0.558 0.365 1.98913665561656e-23
"BCL11B" 7.54883042996395e-27 0.651379064708658 0.157 0.189 2.26464912898919e-23
"FNDC3A" 8.89708149772345e-27 6.97094150493816 0.237 0.228 2.66912444931704e-23
"TMEFF2" 1.20557038396182e-26 5.4253763267166 0.409 0.121 3.61671115188545e-23
"RASL11B" 1.83709863175606e-26 9.16199528173387 0.482 0.105 5.51129589526819e-23
"LRFN5" 2.06979259456564e-26 3.66564491726097 0.214 0.105 6.20937778369691e-23
"NODAL" 2.1759207625077e-26 2.00351730085267 0.156 0.031 6.52776228752311e-23
"SNTG2" 2.20121686134184e-26 1.31047155047145 0.158 0.088 6.60365058402553e-23
"AL139260.1" 2.50449027113805e-26 0.318933950569079 0.201 0.125 7.51347081341414e-23
"CFAP52" 3.39725833236174e-26 0.691899897563953 0.187 0.073 1.01917749970852e-22
"CD72" 3.86724784426704e-26 1.95563437188945 0.141 0.018 1.16017435328011e-22
"MT-ND4" 4.07095294846123e-26 1.00312004735473 0.578 0.435 1.22128588453837e-22
"AC010980.2" 5.11684723629563e-26 1.01534554732981 0.209 0.044 1.53505417088869e-22
"FAR2" 5.21092808844697e-26 1.21697350693607 0.222 0.146 1.56327842653409e-22
"AC244517.6" 5.8858809197787e-26 2.29320629408231 0.102 0.025 1.76576427593361e-22
"OLFM1" 7.60024562396159e-26 4.59447615982713 0.54 0.227 2.28007368718848e-22
"KCTD8" 1.22810547639528e-25 1.83191576115144 0.121 0.058 3.68431642918583e-22
"PLCXD3" 1.81826248530293e-25 2.6435251093712 0.174 0.074 5.45478745590878e-22
"KBTBD11-OT1.1" 2.53396801908212e-25 1.50085442209435 0.172 0.067 7.60190405724635e-22
"AP001160.1" 5.86974011850186e-25 0.752133713985673 0.164 0.113 1.76092203555056e-21
"VCAN" 6.03620095283203e-25 1.50035795203218 0.295 0.395 1.81086028584961e-21
"AC010273.1" 9.20208247275177e-25 1.62151322977152 0.12 0.033 2.76062474182553e-21
"CNTN1" 1.35826173845613e-24 3.30621500651186 0.429 0.049 4.07478521536838e-21
"AC051619.5" 1.45148821547719e-24 1.20550640146552 0.185 0.094 4.35446464643158e-21
"SCG5" 1.58490081948947e-24 0.766780197690794 0.185 0.111 4.75470245846841e-21
"C11orf42" 2.07297970555353e-24 1.89391624362153 0.101 0.069 6.21893911666059e-21
"AL353807.2" 2.27118671720413e-24 1.61066011354972 0.121 0.066 6.8135601516124e-21
"AC116565.1" 2.43134361817996e-24 2.39389232247674 0.253 0.06 7.29403085453988e-21
"AC010320.2" 2.79800797514553e-24 0.633360272025891 0.382 0.046 8.39402392543659e-21
"APOD" 3.38673477155622e-24 0.824659210220958 0.178 0.022 1.01602043146687e-20
"AFF3" 3.8085470014222e-24 2.89571752260502 0.453 0.135 1.14256410042666e-20
"KCNH5" 4.03345058450989e-24 1.84265634662172 0.195 0.113 1.21003517535297e-20
"GABRG2" 4.72933311431852e-24 1.40799425644952 0.214 0.074 1.41879993429556e-20
"CMYA5" 5.15842047503698e-24 1.45140040089687 0.226 0.068 1.54752614251109e-20
"WWC2" 5.42151059019354e-24 3.48438067019148 0.146 0.108 1.62645317705806e-20
"LINC01355" 6.92963211449845e-24 0.84525791451234 0.164 0.054 2.07888963434954e-20
"PSD3" 9.6385042311568e-24 7.57319183664365 0.517 0.153 2.89155126934704e-20
"NOCT" 9.89367075889853e-24 0.894741186226971 0.176 0.096 2.96810122766956e-20
"HCN2" 1.02478949594477e-23 1.45461703508625 0.15 0.095 3.07436848783432e-20
"SVIL" 1.27895556844135e-23 1.18512291557662 0.074 0.142 3.83686670532405e-20
"ERC2" 1.44939159202386e-23 4.10260437192102 0.389 0.122 4.34817477607159e-20
"AC244517.10" 1.46730557118069e-23 0.663378630122509 0.1 0.065 4.40191671354207e-20
"CD36" 2.09148651359742e-23 1.71290912109143 0.185 0.031 6.27445954079227e-20
"TESC" 2.34637263965119e-23 0.815166824042162 0.189 0.092 7.03911791895356e-20
"TCEAL5" 2.36480851491732e-23 0.428770409594032 0.406 0.111 7.09442554475197e-20
"FOCAD" 2.45500540153778e-23 1.02942611704399 0.137 0.122 7.36501620461333e-20
"SEMA3E" 2.9576309793179e-23 1.86038583106252 0.177 0.093 8.87289293795369e-20
"AC106799.2" 3.11487474055783e-23 2.16208068555018 0.212 0.112 9.3446242216735e-20
"GLRA3" 3.26715303581951e-23 0.756735564773477 0.197 0.082 9.80145910745854e-20
"COA7" 3.38235963090866e-23 2.52548576366123 0.387 0.113 1.0147078892726e-19
"TENM4" 8.01086611788874e-23 1.88414176865286 0.407 0.142 2.40325983536662e-19
"DYNC1I1" 1.38664375372369e-22 2.41846803664585 0.389 0.136 4.15993126117108e-19
"AC104411.1" 1.73298128641166e-22 1.22173912020653 0.124 0.042 5.19894385923499e-19
"SERPINI1" 2.32797199843479e-22 6.32557150281759 0.48 0.087 6.98391599530436e-19
"RPGRIP1" 2.74550830654331e-22 0.313563324499713 0.172 0.029 8.23652491962993e-19
"ANKS1B" 3.37452474409673e-22 11.8863093110992 0.455 0.208 1.01235742322902e-18
"SNX24" 4.21668162195319e-22 1.04541898444298 0.146 0.127 1.26500448658596e-18
"PODNL1" 4.62640069306214e-22 2.26536783566715 0.121 0.033 1.38792020791864e-18
"KCNIP4" 7.96092063683827e-22 3.03789823638829 0.2 0.102 2.38827619105148e-18
"AL513320.1" 1.3374104959356e-21 1.22318313751645 0.155 0.067 4.0122314878068e-18
"AL358790.1" 1.39832090748148e-21 1.00211340015371 0.213 0.106 4.19496272244444e-18
"SLC8A1" 1.84531946686853e-21 4.86167537842363 0.471 0.161 5.53595840060559e-18
"AL355304.1" 2.08203802803466e-21 1.24536000460372 0.136 0.043 6.24611408410398e-18
"CNGA4" 2.28244876602781e-21 2.13458828945562 0.233 0.078 6.84734629808344e-18
"FALEC" 2.60069069743325e-21 1.16782066659784 0.231 0.121 7.80207209229976e-18
"CADM2" 3.40261061099004e-21 1.69519555622602 0.248 0.166 1.02078318329701e-17
"KCNIP2-AS1" 4.13496397467283e-21 1.67542052244766 0.191 0.082 1.24048919240185e-17
"NTM" 4.41547677207816e-21 0.383364972497477 0.433 0.208 1.32464303162345e-17
"SNHG22" 5.98846621447897e-21 0.662673701095642 0.158 0.07 1.79653986434369e-17
"CCBE1" 8.81887736075028e-21 0.476690754408576 0.18 0.077 2.64566320822508e-17
"RORB" 9.20670823283422e-21 6.93003078716202 0.475 0.111 2.76201246985027e-17
"HIST1H2BD" 1.03903034097541e-20 0.295101193339673 0.121 0.164 3.11709102292622e-17
"GFRA2" 1.64031609135082e-20 1.8531854002847 0.202 0.055 4.92094827405245e-17
"TMEM63C" 1.76936134549044e-20 0.269673559164918 0.217 0.1 5.30808403647132e-17
"ZNF32-AS3" 2.67121773937631e-20 1.10366885287076 0.389 0.09 8.01365321812892e-17
"ZNF883.1" 3.44377596566286e-20 1.49660207384411 0.207 0.101 1.03313278969886e-16
"AC055813.1" 4.16607262489667e-20 1.16754860706216 0.133 0.073 1.249821787469e-16
"FAM78A" 4.65259088331196e-20 1.93322751912325 0.178 0.053 1.39577726499359e-16
"USHBP1" 6.10136961911813e-20 1.92415841860797 0.113 0.034 1.83041088573544e-16
"ROBO2" 6.77371985492527e-20 13.1403780393375 0.285 0.333 2.03211595647758e-16
"NRN1" 8.69676973267748e-20 0.472573598092275 0.28 0.172 2.60903091980324e-16
"Z69706.1" 8.90275432922207e-20 0.569429121510302 0.176 0.029 2.67082629876662e-16
"SNORC" 1.07158443374678e-19 1.77917651560578 0.185 0.094 3.21475330124034e-16
"GPATCH2" 1.45820138656481e-19 3.29931634774109 0.18 0.145 4.37460415969442e-16
"KIF26B" 2.91904015461966e-19 0.2514687913774 0.161 0.119 8.75712046385897e-16
"MDGA2" 6.16274609402917e-19 3.83511455227204 0.202 0.098 1.84882382820875e-15
"AL356479.1" 6.52310237677168e-19 2.21131344131113 0.256 0.077 1.9569307130315e-15
"AC129492.4" 6.75285070069836e-19 2.74117215569138 0.154 0.032 2.02585521020951e-15
"AC005842.1" 7.7980348009777e-19 1.14222844579598 0.222 0.078 2.33941044029331e-15
"TNS2" 8.24710505814023e-19 0.262312529544989 0.174 0.12 2.47413151744207e-15
"AC013727.1" 9.86666629958087e-19 0.653776387005047 0.105 0.066 2.95999988987426e-15
"AC109460.2" 1.04628052182907e-18 0.251330366152624 0.211 0.109 3.13884156548722e-15
"UNC5D" 1.23111279648954e-18 1.72535831039988 0.151 0.157 3.69333838946862e-15
"MALAT1" 1.26252583508553e-18 2.09122533483164 0.3 0.417 3.78757750525658e-15
"TNRC6C" 1.44574573156202e-18 1.80209549406325 0.252 0.181 4.33723719468606e-15
"KIRREL3" 1.83987450680058e-18 3.41768149992587 0.36 0.116 5.51962352040174e-15
"TBC1D3L" 2.71438852338609e-18 0.988474748722547 0.161 0.085 8.14316557015827e-15
"GREB1L" 3.44884512512231e-18 1.07689955464651 0.135 0.036 1.03465353753669e-14
"AC140134.1" 3.5106658675856e-18 1.58132382266636 0.193 0.049 1.05319976027568e-14
"CHAC1" 4.71213282053122e-18 1.43427220484845 0.393 0.149 1.41363984615937e-14
"MT-CYB" 8.93892491746788e-18 0.640920122503072 0.568 0.455 2.68167747524036e-14
"TMEM130" 1.95415619199949e-17 0.921295034224466 0.279 0.122 5.86246857599848e-14
"AC124319.2" 2.08496007273026e-17 1.12352063385153 0.2 0.125 6.25488021819077e-14
"AC117834.1" 2.3833938461869e-17 2.48981737302323 0.198 0.048 7.1501815385607e-14
"NEFL" 2.63607849584156e-17 8.66503886591169 0.413 0.079 7.90823548752468e-14
"AC073941.1" 2.78953206950303e-17 0.785327946546531 0.127 0.033 8.3685962085091e-14
"ADRA2A" 3.49979898110962e-17 3.6600557857994 0.349 0.127 1.04993969433289e-13
"SLIT2" 3.98446848467101e-17 1.94696816123072 0.168 0.115 1.1953405454013e-13
"U91319.1" 4.00627587425731e-17 2.40372462015537 0.211 0.081 1.20188276227719e-13
"FAM19A1" 4.57480112061067e-17 9.50081881746422 0.462 0.094 1.3724403361832e-13
"HTATIP2" 6.19632844208071e-17 0.886942746990661 0.407 0.071 1.85889853262421e-13
"TRH" 6.66407161464496e-17 1.44520022692511 0.213 0.031 1.99922148439349e-13
"AL357673.1" 6.95446038489021e-17 1.75906126552117 0.129 0.126 2.08633811546706e-13
"AL078581.3" 7.23259285317196e-17 0.402635694467817 0.124 0.064 2.16977785595159e-13
"LINC02389" 7.56027611691122e-17 2.82758160606255 0.267 0.082 2.26808283507337e-13
"SHQ1" 9.31396794685816e-17 1.50558857923763 0.163 0.131 2.79419038405745e-13
"HCN1" 1.32078247857651e-16 1.79894003208005 0.22 0.124 3.96234743572952e-13
"C1orf115" 1.52836978415804e-16 1.9396292540571 0.25 0.072 4.58510935247412e-13
"AC027807.1" 2.1956755641622e-16 0.702851273247751 0.219 0.12 6.5870266924866e-13
"CADPS" 3.10577491202641e-16 4.00443530316851 0.203 0.142 9.31732473607923e-13
"ATP6V0A4" 5.64133071351452e-16 0.984368837592561 0.201 0.054 1.69239921405436e-12
"AL359710.1" 5.9756086317107e-16 1.25042637088377 0.221 0.076 1.79268258951321e-12
"RPL3P2" 6.13024222308537e-16 1.29766207187346 0.177 0.043 1.83907266692561e-12
"MT-CO3" 6.82230037982619e-16 0.384221441153776 0.561 0.428 2.04669011394786e-12
"ANKRD36BP2" 7.54766557909123e-16 2.87513941820024 0.272 0.046 2.26429967372737e-12
"ZNF311" 7.62851998992488e-16 0.704790945805502 0.156 0.117 2.28855599697746e-12
"MT-ATP6" 1.40714694455602e-15 1.3589173845222 0.544 0.424 4.22144083366805e-12
"DSCAM" 1.58799084006419e-15 3.34873398264822 0.358 0.108 4.76397252019258e-12
"AC087500.1" 2.05438540538994e-15 1.69506649168209 0.179 0.157 6.16315621616981e-12
"KCNB2" 3.09033367279192e-15 1.3459899282067 0.129 0.142 9.27100101837577e-12
"NWD2" 3.29323231242805e-15 4.02692925765911 0.194 0.087 9.87969693728416e-12
"FAM126A" 3.88797810382016e-15 4.73091622200433 0.467 0.207 1.16639343114605e-11
"CXCL13" 4.00965903960619e-15 0.36213084916251 0.052 0.106 1.20289771188186e-11
"ELOVL2-AS1" 5.75618602660317e-15 0.635949510103766 0.226 0.11 1.72685580798095e-11
"AC104333.3" 5.98288975270295e-15 0.438645945792723 0.168 0.171 1.79486692581088e-11
"GLT1D1" 1.74370416608888e-14 0.545600932501586 0.169 0.07 5.23111249826664e-11
"PHLDB2" 1.9552394433938e-14 0.459047311345955 0.143 0.067 5.86571833018141e-11
"ADAMTSL3" 2.14777672685767e-14 1.64603575271256 0.16 0.049 6.443330180573e-11
"AF131216.1" 2.34599187345123e-14 0.324619112428175 0.183 0.044 7.0379756203537e-11
"AP005328.2" 3.72273735589021e-14 0.948242661868493 0.157 0.031 1.11682120676706e-10
"AL078644.2" 4.99771724157885e-14 0.420597863213697 0.174 0.094 1.49931517247365e-10
"PCP4" 6.00264745378867e-14 2.28336745118831 0.251 0.092 1.8007942361366e-10
"MIR4500HG" 8.21462155389043e-14 6.92160482423665 0.428 0.051 2.46438646616713e-10
"VRK2" 9.19118866711791e-14 2.47129743646084 0.195 0.074 2.75735660013537e-10
"MSRA" 9.53848693154374e-14 5.43803748618758 0.387 0.156 2.86154607946312e-10
"AC104109.2" 1.19843007790004e-13 1.81569799876293 0.184 0.092 3.59529023370013e-10
"AL358472.4" 1.36802329846181e-13 0.465692395570642 0.207 0.087 4.10406989538544e-10
"SEC11C" 1.41015079980591e-13 1.35422473857687 0.504 0.366 4.23045239941774e-10
"PPP2R2B" 1.68628759184748e-13 4.33039218116147 0.508 0.219 5.05886277554243e-10
"LINC02281" 2.10838556576469e-13 1.86466186407442 0.228 0.065 6.32515669729407e-10
"LMNA" 2.2887499236653e-13 0.840662535902161 0.29 0.112 6.86624977099591e-10
"VWC2L" 2.50578884989336e-13 2.14724197088056 0.211 0.043 7.51736654968009e-10
"AC012213.1" 2.545041825089e-13 2.2569824151613 0.195 0.054 7.63512547526699e-10
"AL035401.1" 2.97551799194121e-13 1.60778093452683 0.276 0.064 8.92655397582362e-10
"FTX" 3.85458902770839e-13 8.75579218041813 0.427 0.245 1.15637670831252e-09
"SPESP1" 5.1424422642279e-13 1.08644855266802 0.184 0.121 1.54273267926837e-09
"AC073343.2" 5.16385050699774e-13 1.2801833406503 0.191 0.157 1.54915515209932e-09
"AKAIN1" 6.59451100906258e-13 0.359313567015437 0.123 0.055 1.97835330271877e-09
"FOXP1" 8.94345032130337e-13 7.02332381330168 0.377 0.111 2.68303509639101e-09
"PCDH11X" 1.04657027009294e-12 6.92986960621366 0.239 0.118 3.13971081027881e-09
"AC073050.1" 1.3707965429546e-12 5.31879957028115 0.197 0.129 4.11238962886381e-09
"AC005520.5" 1.50785016064207e-12 0.917801840659076 0.169 0.098 4.52355048192622e-09
"GPC3" 1.5882071038751e-12 0.624975801098095 0.124 0.079 4.76462131162531e-09
"MAP7D2" 1.91746076390048e-12 1.64813643066815 0.254 0.095 5.75238229170143e-09
"CDH13" 1.93723181145517e-12 2.44608563427249 0.2 0.124 5.81169543436551e-09
"SNAP25" 2.35661912918306e-12 4.14337960980495 0.509 0.247 7.06985738754919e-09
"LINC01122" 2.69020110168251e-12 1.55795871874858 0.225 0.115 8.07060330504753e-09
"NCALD" 2.69473533512036e-12 2.83585485971405 0.304 0.123 8.08420600536108e-09
"OR7D2" 2.76007013316112e-12 0.933460170938107 0.198 0.034 8.28021039948337e-09
"ETS2" 3.44167072381151e-12 0.847641589926379 0.233 0.08 1.03250121714345e-08
"LINC02134" 3.7305539675501e-12 0.455572771323061 0.172 0.082 1.11916619026503e-08
"CACNG3" 4.37715375110448e-12 3.81051737555709 0.252 0.051 1.31314612533134e-08
"ZNF721" 5.68221740604923e-12 0.642796652868729 0.211 0.111 1.70466522181477e-08
"BSN" 6.88344430083508e-12 1.27593982303631 0.209 0.145 2.06503329025052e-08
"RYR3" 7.70326057168741e-12 4.92141636569254 0.352 0.112 2.31097817150622e-08
"FARS2" 9.17841388173292e-12 2.28962055752933 0.184 0.152 2.75352416451988e-08
"CACNA1D" 1.19196683893237e-11 2.03289828990852 0.229 0.11 3.5759005167971e-08
"CHRM5" 1.22006106747064e-11 1.28697461786942 0.212 0.047 3.66018320241193e-08
"DNAJC27-AS1" 1.25699683347623e-11 1.38670533393277 0.182 0.111 3.77099050042868e-08
"PRKCH" 1.65441989717127e-11 0.773173823859466 0.167 0.059 4.96325969151381e-08
"B3GALT2" 1.71088082832285e-11 1.48960303953944 0.305 0.139 5.13264248496856e-08
"AC008747.1" 2.24778928600435e-11 0.961452906088571 0.176 0.014 6.74336785801304e-08
"AC015522.1" 2.6548652513512e-11 1.44043790604543 0.229 0.075 7.96459575405359e-08
"FAM13A" 2.77779831371984e-11 1.53938762131382 0.426 0.201 8.33339494115951e-08
"NAV3" 3.04072865877015e-11 6.12321687171218 0.478 0.241 9.12218597631044e-08
"CRYM" 3.63334488044043e-11 1.38282551254648 0.247 0.089 1.09000346413213e-07
"SEMA6D" 4.361663408248e-11 2.96610039570331 0.261 0.125 1.3084990224744e-07
"AC131212.1" 4.36505187417511e-11 1.50299825950571 0.335 0.059 1.30951556225253e-07
"TPTE2P5" 4.3994200879523e-11 0.443496955883145 0.29 0.075 1.31982602638569e-07
"AC084824.5" 6.08818710047814e-11 1.42652224755122 0.169 0.041 1.82645613014344e-07
"TRMT9B" 6.62752998065767e-11 5.26907657721505 0.268 0.087 1.9882589941973e-07
"FER1L5" 8.25600057701742e-11 0.621433428510292 0.228 0.098 2.47680017310523e-07
"RAB3C" 1.30804298094239e-10 2.13562887227493 0.395 0.11 3.92412894282718e-07
"CNR1" 1.407962746732e-10 0.359688642850078 0.307 0.294 4.22388824019599e-07
"CDH18" 1.72356416047165e-10 2.08884145396982 0.192 0.086 5.17069248141496e-07
"GMFG" 1.94332791101439e-10 0.640964516220917 0.183 0.052 5.82998373304317e-07
"AC009299.3" 2.09549012346048e-10 0.87482445517818 0.202 0.066 6.28647037038144e-07
"ARHGDIG" 2.23563398092762e-10 3.03938690383305 0.407 0.073 6.70690194278286e-07
"SEMA3A" 3.29079193892541e-10 3.53810719278953 0.392 0.15 9.87237581677625e-07
"LSAMP" 3.55426337902594e-10 2.90407955075572 0.147 0.186 1.06627901370778e-06
"DGKI" 3.82652951073618e-10 4.25176207527024 0.355 0.11 1.14795885322085e-06
"NCAM2" 3.88280580717844e-10 8.12565804777925 0.369 0.129 1.16484174215353e-06
"LSMEM1" 4.12185954136701e-10 0.333672835230807 0.198 0.073 1.2365578624101e-06
"CANX" 4.45184792160779e-10 2.84326859313217 0.3 0.392 1.33555437648234e-06
"KCND2" 4.6452219221665e-10 2.55417924457798 0.135 0.1 1.39356657664995e-06
"BRINP3" 6.02246329007541e-10 1.16300316549157 0.173 0.091 1.80673898702262e-06
"MCMDC2" 6.54146392610674e-10 0.643017915268516 0.156 0.033 1.96243917783202e-06
"LINC01876" 6.8921484016504e-10 1.0497567484089 0.196 0.073 2.06764452049512e-06
"OLFM3" 8.23978018036e-10 1.39587869773414 0.369 0.053 2.471934054108e-06
"CHKB-AS1" 1.27809121460379e-09 0.834911419328259 0.23 0.101 3.83427364381136e-06
"AC105020.6" 1.34285083798979e-09 2.32939677326455 0.197 0.056 4.02855251396938e-06
"AC007619.1" 1.57227892630522e-09 1.29353956410448 0.178 0.078 4.71683677891566e-06
"CES5A" 1.83002377014081e-09 2.2573265735919 0.247 0.128 5.49007131042244e-06
"FAM155A" 1.92502875711392e-09 5.2247474556061 0.341 0.113 5.77508627134177e-06
"CFD" 2.04925245820386e-09 1.409343102112 0.25 0.048 6.14775737461158e-06
"ROBO1" 2.36821616527231e-09 14.700368506921 0.275 0.248 7.10464849581692e-06
"FRG1HP" 3.45544065421594e-09 0.425645791792428 0.257 0.157 1.03663219626478e-05
"DOCK5" 3.89764325822464e-09 0.685980876429207 0.179 0.046 1.16929297746739e-05
"NDUFA4L2" 4.44512394781175e-09 0.280141201190254 0.174 0.149 1.33353718434353e-05
"PSMD6-AS2" 4.64361454997672e-09 1.5207062152267 0.242 0.062 1.39308436499302e-05
"ANK3" 4.79454721852327e-09 4.44453242149869 0.38 0.149 1.43836416555698e-05
"AC022639.1" 5.90042084405921e-09 0.912267206802277 0.203 0.083 1.77012625321776e-05
"AC097537.1" 6.30651049308524e-09 2.31798168558631 0.234 0.049 1.89195314792557e-05
"CSMD1" 6.75758699828042e-09 4.32785907692859 0.223 0.087 2.02727609948413e-05
"SLC38A6" 7.83395066275754e-09 2.04660521488076 0.151 0.116 2.35018519882726e-05
"ASXL3" 9.34419178158702e-09 0.93907694248308 0.405 0.201 2.80325753447611e-05
"AC138649.1" 1.28395479053464e-08 0.578563322140754 0.176 0.114 3.85186437160392e-05
"FO393418.1" 1.37299953277985e-08 2.03157280728322 0.345 0.055 4.11899859833956e-05
"DCC" 1.45966798646456e-08 0.474773335148996 0.3 0.087 4.37900395939369e-05
"FAM19A2" 1.46222209507721e-08 4.12766541048463 0.369 0.093 4.38666628523164e-05
"AC084036.1" 1.57815638126857e-08 0.28641781338357 0.226 0.081 4.73446914380572e-05
"AC008050.1" 1.73434217287708e-08 2.77248649105929 0.216 0.082 5.20302651863125e-05
"THSD7A" 2.40965862423674e-08 4.10410708588646 0.286 0.146 7.22897587271022e-05
"KLHL1" 2.45648653174601e-08 6.1580612592543 0.36 0.087 7.36945959523804e-05
"MAFK" 2.47559256671457e-08 0.418164267983377 0.262 0.108 7.4267777001437e-05
"PTPRO" 2.53915871015333e-08 5.82626999296539 0.473 0.224 7.61747613046e-05
"MAGI2" 2.6917101252262e-08 7.81316237932551 0.266 0.16 8.07513037567859e-05
"WWOX" 3.02643514043265e-08 1.70361396211287 0.2 0.138 9.07930542129794e-05
"SLITRK4" 3.23224945102412e-08 2.58892910674441 0.391 0.097 9.69674835307236e-05
"LPL" 4.0316158357424e-08 5.03845871394579 0.425 0.089 0.000120948475072272
"NYAP2" 4.10996013315352e-08 1.62096127633522 0.25 0.118 0.000123298803994606
"PCP4L1" 4.31219083781992e-08 1.75346677917145 0.304 0.037 0.000129365725134598
"MIR137HG" 4.38495817703275e-08 5.4067809308571 0.291 0.084 0.000131548745310983
"ZC3H8" 5.20916043129061e-08 0.460071191247993 0.346 0.162 0.000156274812938718
"TRPC5" 6.45449434643416e-08 3.05337193837771 0.223 0.023 0.000193634830393025
"NMNAT2" 6.49029452336376e-08 6.22567807409245 0.455 0.195 0.000194708835700913
"COL12A1" 6.85243426612122e-08 2.75264170597054 0.225 0.146 0.000205573027983637
"LINC02440" 7.42689951298772e-08 1.10787876506344 0.221 0.146 0.000222806985389631
"GABRB2" 7.63807485575562e-08 3.24715974069432 0.302 0.123 0.000229142245672669
"MT-ND5" 9.45169475688561e-08 1.37267475563017 0.506 0.45 0.000283550842706568
"EML6" 1.19685711346442e-07 0.589769555304445 0.15 0.105 0.000359057134039327
"MIR210HG" 1.30578394010908e-07 0.794678884141469 0.246 0.153 0.000391735182032724
"PTCHD1-AS" 1.3555431051838e-07 0.924507293400513 0.193 0.091 0.000406662931555139
"EGFEM1P" 1.3941258933611e-07 2.18094039496467 0.205 0.122 0.000418237768008331
"CHSY3" 1.49655539901604e-07 4.31295372886684 0.341 0.13 0.000448966619704813
"AC091167.6" 1.54639384514412e-07 0.872245115064201 0.274 0.088 0.000463918153543236
"SCGB2B2" 1.74933144416874e-07 0.488941991092272 0.22 0.153 0.000524799433250623
"AL359955.1" 1.8491281750971e-07 0.420725757525245 0.219 0.129 0.000554738452529129
"AGBL5-AS1" 1.85211980268246e-07 0.461607853748113 0.221 0.038 0.000555635940804737
"THY1" 1.89891649235482e-07 2.15071328002937 0.453 0.165 0.000569674947706447
"BTBD8" 2.09227566497442e-07 2.64040603913911 0.46 0.115 0.000627682699492325
"AC005609.5" 2.14531904201376e-07 0.540467310007509 0.201 0.117 0.000643595712604128
"ELP6" 2.16940452273247e-07 0.763734494024597 0.173 0.122 0.000650821356819742
"AL592295.3" 2.53322243595009e-07 0.424808095551004 0.25 0.07 0.000759966730785028
"LAMTOR5-AS1" 2.73644752938372e-07 0.359106270859041 0.159 0.082 0.000820934258815116
"MSH4" 2.83239869955252e-07 1.30196237600386 0.297 0.097 0.000849719609865757
"VSNL1" 3.4728705983651e-07 2.98257881846803 0.304 0.095 0.00104186117950953
"GRIP1" 3.71742145314616e-07 3.91010781299142 0.277 0.141 0.00111522643594385
"ZC3H12B" 3.81119233681895e-07 0.58890618490034 0.205 0.145 0.00114335770104569
"RSPO3" 4.00611442570492e-07 2.46627847193354 0.395 0.053 0.00120183432771148
"LDHA" 4.2149679355438e-07 0.382329975003163 0.231 0.127 0.00126449038066314
"IGSF21" 4.50059992206682e-07 3.64501759568562 0.288 0.105 0.00135017997662005
"C1orf162" 7.7265334500902e-07 0.414610550438185 0.32 0.1 0.00231796003502706
"AC079610.1" 7.92592634158615e-07 2.50391215069612 0.212 0.019 0.00237777790247584
"GPR22" 8.26646863135088e-07 3.27821167225564 0.405 0.1 0.00247994058940526
"DNAH3" 8.32985777878754e-07 1.26548526256126 0.219 0.049 0.00249895733363626
"SPAG17" 8.99110086181027e-07 1.21503115395974 0.214 0.036 0.00269733025854308
"AC006329.1" 9.52395975383548e-07 0.407830629105829 0.27 0.076 0.00285718792615064
"LINC00643" 1.00865639561767e-06 4.09043763414443 0.296 0.087 0.003025969186853
"CEP126" 1.05915720242551e-06 0.884097400253268 0.328 0.085 0.00317747160727652
"AC010210.1" 1.06885807392819e-06 1.55676097185352 0.261 0.114 0.00320657422178458
"C20orf204" 1.10439105603244e-06 2.09635574321904 0.248 0.062 0.00331317316809733
"RPS6KA6" 1.14385621378968e-06 0.520845961171597 0.219 0.109 0.00343156864136904
"RYR2" 1.19388218254297e-06 4.79584657513494 0.377 0.096 0.00358164654762892
"DENND1C" 1.32697996088688e-06 0.917888555193654 0.278 0.112 0.00398093988266065
"AC016705.2" 1.37478010597826e-06 0.266553119751517 0.173 0.137 0.00412434031793478
"AC025887.2" 1.43945882330619e-06 0.665569980618537 0.129 0.191 0.00431837646991858
"GABRA2" 1.69516470855694e-06 3.811741288564 0.277 0.121 0.00508549412567082
"SLC2A13" 1.75262611716899e-06 3.22000268114952 0.351 0.142 0.00525787835150698
"SUMO2P17" 1.83597235017834e-06 0.323019177037862 0.294 0.081 0.00550791705053501
"OSTN" 1.94888599045481e-06 5.43883999651989 0.362 0.063 0.00584665797136444
"FGF12" 2.00552605735132e-06 7.66223283163913 0.418 0.089 0.00601657817205396
"SCN9A" 2.25405830502312e-06 6.59771975777777 0.23 0.083 0.00676217491506936
"GABRB3" 2.31708292935298e-06 1.08573852099889 0.419 0.184 0.00695124878805894
"MAGED4" 2.44969953373859e-06 0.727981001276977 0.21 0.056 0.00734909860121578
"GPRIN3" 2.60219203581821e-06 4.25087540885849 0.379 0.087 0.00780657610745462
"LARGE1" 3.32557793274787e-06 2.52537897842019 0.203 0.112 0.0099767337982436
"XKR4" 3.36060314993334e-06 3.66880035170097 0.252 0.11 0.0100818094498
"AL121890.5" 3.56357303240265e-06 1.83092383019292 0.197 0.033 0.0106907190972079
"MIR181A1HG" 3.78910422943154e-06 1.80427832019276 0.178 0.117 0.0113673126882946
"HIVEP2" 3.93933172997246e-06 2.4083891301371 0.42 0.121 0.0118179951899174
"SNTG1" 4.07623971200291e-06 3.21712760085914 0.252 0.191 0.0122287191360087
"ESRRG" 4.49919172698559e-06 1.40844866707124 0.197 0.09 0.0134975751809568
"GSG1L" 4.8248529620114e-06 1.2592466676018 0.217 0.048 0.0144745588860342
"CEP290" 5.26129720603382e-06 1.5001740362075 0.321 0.192 0.0157838916181014
"IQCJ-SCHIP1" 6.78093663218042e-06 5.14744136488678 0.369 0.072 0.0203428098965413
"PDE4D" 7.68854178668744e-06 2.96479479063336 0.34 0.197 0.0230656253600623
"ARNTL2-AS1" 7.91733108195338e-06 2.25646864878411 0.222 0.043 0.0237519932458601
"AC012501.1" 1.00672981040863e-05 5.76024791854274 0.261 0.107 0.0302018943122588
"ANKRD36" 1.05012031340435e-05 4.72240807362139 0.248 0.121 0.0315036094021305
"AC123768.3" 1.06507983048637e-05 1.10230281424525 0.291 0.053 0.031952394914591
"MT-ND3" 1.0913165822359e-05 0.267242090676996 0.48 0.423 0.0327394974670771
"XACT" 1.13597847026431e-05 2.57153721601194 0.184 0.081 0.0340793541079292
"LINC01456" 1.18736549167359e-05 0.899120243919285 0.213 0.153 0.0356209647502077
"AC040934.1" 1.31832319021142e-05 3.37088604095393 0.33 0.019 0.0395496957063427
"C8orf46" 1.54324415470746e-05 3.23178965651954 0.311 0.07 0.0462973246412239
"LINC01623" 1.57126970207165e-05 3.08070866551637 0.325 0.013 0.0471380910621496
"ABCA3" 1.72012964749725e-05 3.20068943877632 0.276 0.131 0.0516038894249174
"SYNPO2" 2.20479481162293e-05 2.30662834490925 0.274 0.023 0.0661438443486879
"AC078795.2" 2.41259398135515e-05 0.81634445114339 0.248 0.055 0.0723778194406545
"NELL1" 2.59579142923993e-05 3.82673773934248 0.385 0.107 0.077873742877198
"HSPD1P6" 2.64223665192878e-05 1.43720460610225 0.324 0.06 0.0792670995578633
"AC007285.1" 2.99412273962479e-05 0.509851515387735 0.231 0.114 0.0898236821887436
"AC006130.1" 3.20295175823668e-05 1.60312716088593 0.24 0.019 0.0960885527471005
"DPYD" 3.53840739701699e-05 2.15734577036339 0.226 0.092 0.10615222191051
"FAM155B" 3.5753604238483e-05 0.606748009981912 0.267 0.159 0.107260812715449
"PTPRT" 4.56759483202575e-05 5.20066738995218 0.259 0.116 0.137027844960772
"AC027808.1" 6.22163640833819e-05 0.53072392015261 0.355 0.061 0.186649092250146
"GPC5" 6.35849152351088e-05 1.89096751190229 0.217 0.105 0.190754745705326
"DLGAP1" 6.48839813199796e-05 6.39416865788343 0.397 0.188 0.194651943959939
"AL583722.2" 6.52844222099593e-05 1.18946087852631 0.206 0.01 0.195853266629878
"AC099669.1" 7.14115300949448e-05 1.9812513149799 0.224 0.11 0.214234590284834
"BRINP1" 7.19700369236416e-05 1.59672479131441 0.182 0.129 0.215910110770925
"LMO4" 7.82040421715912e-05 5.20234220789726 0.293 0.325 0.234612126514774
"STYX" 8.11438184501603e-05 3.00306447651336 0.172 0.146 0.243431455350481
"LINC01971" 8.39156450202494e-05 1.00052344905917 0.27 0.089 0.251746935060748
"C9orf147" 8.85218679708259e-05 0.624206019682646 0.098 0.124 0.265565603912478
"C8orf34" 9.74444595706438e-05 4.40725098833345 0.297 0.076 0.292333378711931
"PRDM8" 0.000105339627439174 0.26366021690268 0.349 0.134 0.316018882317523
"CCSER1" 0.000114719462519507 3.23330072443738 0.371 0.134 0.344158387558521
"AUTS2" 0.000121069262968803 5.6879541497965 0.425 0.289 0.363207788906408
"AC007566.1" 0.000138561313011129 0.453238645639937 0.238 0.104 0.415683939033386
"AC145138.1" 0.000157796145809937 0.455556128384673 0.183 0.076 0.473388437429811
"AL139021.2" 0.00022588641163137 1.73155420860047 0.342 0.092 0.67765923489411
"KLHL22" 0.000235342219944502 0.639819824706871 0.202 0.137 0.706026659833507
"ZNRF2" 0.000254318572777255 0.76979446893392 0.226 0.081 0.762955718331765
"MET" 0.000297030517054121 4.60861207138173 0.274 0.093 0.891091551162363
"ATP1B1" 0.000305405497409583 2.16143077485533 0.36 0.305 0.91621649222875
"THRB" 0.000319450813854945 0.384748326168914 0.15 0.12 0.958352441564836
"EPB41L4B" 0.000360038694850877 2.51280155740009 0.276 0.082 1
"AL583859.2" 0.000360379191512774 6.09135180301242 0.379 0.039 1
"MYBPC1" 0.000371333247919978 1.41471747283569 0.234 0.027 1
"MPZ" 0.000381576581906332 1.12062481732345 0.244 0.024 1
"SORCS2" 0.000394215651553611 0.282073692256111 0.173 0.096 1
"CTTNBP2" 0.00044856304090756 5.09555877861462 0.314 0.137 1
"CCDC3" 0.00049087242740872 0.592316020940489 0.254 0.117 1
"TTC7B" 0.000495930579707177 2.0976711701419 0.262 0.105 1
"ALCAM" 0.000564395133688993 2.8106186095891 0.266 0.092 1
"DANT2" 0.000672204587294992 0.918198196310655 0.251 0.09 1
"AC104985.1" 0.000683113583663127 0.478646789250915 0.206 0.053 1
"ZMAT4" 0.000856540565233801 1.6057018731986 0.195 0.072 1
"FAM135B" 0.000881251541768674 1.35097802790391 0.251 0.152 1
"LRRD1" 0.000925853844276777 0.271487547509208 0.304 0.105 1
"SUMO2P1" 0.000993428911908343 1.25310269050419 0.231 0.05 1
"KCNQ5" 0.00111566339002952 2.51315629057251 0.269 0.068 1
"MARCH1" 0.00115597125380076 4.62983947611432 0.258 0.156 1
"SDK1" 0.0011739261635034 4.8635824955547 0.197 0.094 1
"HRH2" 0.00119544476336041 1.75158707947781 0.365 0.137 1
"TRIM67" 0.00140931768371534 1.68875028736183 0.404 0.174 1
"MASP1" 0.00168008028376746 0.734459376916901 0.272 0.099 1
"LINC00846" 0.00207364584013836 0.859214913569957 0.231 0.04 1
"SPATA5" 0.00236039807195358 1.44311097875312 0.18 0.1 1
"ZNF385B" 0.0024383604738095 3.45310565296421 0.272 0.074 1
"CACNB2" 0.00244385848710849 3.14984909593707 0.258 0.097 1
"OPCML" 0.00262704481477999 4.90373548642222 0.307 0.095 1
"CHRM1" 0.00273490396061882 0.816737576869484 0.276 0.107 1
"AL138760.1" 0.00282078891323038 0.778828137361112 0.263 0.121 1
"AC068587.4" 0.00286534977347689 1.37965039763301 0.194 0.066 1
"CEP350" 0.00317639728767288 0.552392868486897 0.344 0.356 1
"DSEL" 0.0032119549175438 0.416162772770047 0.212 0.141 1
"AC009975.1" 0.00328086502976692 1.01723493009597 0.257 0.032 1
"LINGO2" 0.00335884241464157 4.27544680446794 0.29 0.079 1
"AC113383.1" 0.00339493306450319 2.55793491109918 0.374 0.093 1
"BMPER" 0.00340211772299234 0.638877198306901 0.248 0.112 1
"FRMD4A" 0.0035374244993009 5.70147434426897 0.345 0.195 1
"PCDH10" 0.00357855796005812 2.14108967435925 0.374 0.178 1
"ST8SIA4" 0.00361032559371684 0.820499694748888 0.226 0.145 1
"AC106881.1" 0.00368126817780063 3.81390516400718 0.24 0.022 1
"CACNA1B" 0.0036884588555897 0.340559324042243 0.256 0.104 1
"IL1RAPL1" 0.0039183765309551 1.98218003209867 0.251 0.119 1
"PTPRK" 0.0043140247214133 8.84431576521759 0.401 0.103 1
"PCDHB6" 0.00439565304214864 1.78219879594287 0.25 0.039 1
"SULF2" 0.00440473783572339 0.990355269881114 0.129 0.09 1
"AC017083.3" 0.00473311556799263 0.64113244193037 0.259 0.047 1
"AC135782.1" 0.00502217065649848 1.93028070780495 0.279 0.083 1
"CUTALP" 0.0052150580975084 1.86397177331867 0.331 0.079 1
"SIAH3" 0.00525141712857319 3.13752279160866 0.38 0.056 1
"TES" 0.00529780058055315 1.24320695763405 0.339 0.108 1
"LUZP2" 0.00570009455373021 0.374654635873107 0.209 0.098 1
"HIST1H2BE" 0.0060982008388528 0.426968829970869 0.277 0.147 1
"AC091948.1" 0.00657709742197368 2.18203708314579 0.288 0.128 1
"UNC5C" 0.00671890118745274 5.05428956108053 0.24 0.055 1
"LINC00632" 0.00697760889243773 0.601382493635819 0.281 0.117 1
"FLRT3" 0.00874683181444605 0.370326554286973 0.357 0.095 1
"KHDRBS3" 0.0101079192204261 3.47795020434708 0.427 0.19 1
"AC009065.4" 0.0101384185159211 0.537378707574781 0.241 0.046 1
"MACROD2" 0.0104123180683675 4.90269947979486 0.33 0.083 1
"KALRN" 0.010802261723993 2.44372175452455 0.268 0.182 1
"AC087280.2" 0.0109701622224794 1.38701337213399 0.291 0.127 1
"ZFHX2-AS1" 0.0120078964267522 0.912827795716014 0.209 0.126 1
"CYB5D1" 0.0120877526624054 0.368784877014299 0.247 0.048 1
"LRRTM4" 0.0122980737408205 5.29401102816993 0.372 0.129 1
"AC092720.2" 0.0136507014830209 0.602442782121464 0.243 0.082 1
"DCT" 0.0146578863472577 0.449784670508697 0.258 0.084 1
"GRIK1" 0.0147762034360712 1.12091582110122 0.257 0.065 1
"TEX41" 0.0149483537310451 1.57719616252266 0.239 0.02 1
"LINC00276" 0.0153885595952802 1.45403785284109 0.196 0.055 1
"NEGR1" 0.0155132831705733 4.94171049123359 0.291 0.13 1
"PCSK5" 0.0166963474149694 1.52420806728262 0.202 0.068 1
"MAN1C1" 0.0173502580536987 1.67786188506764 0.318 0.078 1
"GLIS3" 0.020597978665233 3.33026964699584 0.196 0.137 1
"AC012313.5" 0.0208598028458767 0.803340272455202 0.196 0.045 1
"AC108516.2" 0.0220538099695661 0.951286858561962 0.262 0.073 1
"LINC00574" 0.0222830051415963 0.866028800517515 0.234 0.094 1
"AC103724.4" 0.023399658461978 0.869159734543295 0.296 0.097 1
"AC073332.1" 0.0234913928014374 1.7041100430142 0.351 0.147 1
"CTNNA2" 0.0247082077708566 6.18387773281265 0.361 0.183 1
"ACVR1C" 0.0249499726259813 1.79116880502291 0.315 0.133 1
"MIR100HG" 0.0276028987389854 5.76732346134516 0.407 0.349 1
"RPH3AL" 0.0276134620509053 1.17467255461304 0.263 0.054 1
"LRP3" 0.0287261718729669 1.56771509667992 0.222 0.101 1
"AC090229.1" 0.0297769285070338 0.643134417138221 0.3 0.252 1
"DLGAP2" 0.0331934480923798 4.65058448583554 0.308 0.072 1
"PLCB1" 0.0341940724106897 0.485255206097658 0.277 0.192 1
"AC005532.1" 0.0381940719898421 0.675584814234355 0.209 0.066 1
"NRG3" 0.0399172630394194 4.87292226530641 0.272 0.113 1
"AC092100.1" 0.0402073189119873 0.901769400765819 0.248 0.092 1
"AL158211.5" 0.0403004745546231 2.30525211689593 0.222 0.02 1
"AC244517.1" 0.0464910064987411 1.22658333567369 0.315 0.099 1
"PDE4B" 0.0470803727000247 3.98532820647342 0.298 0.134 1
"FO393401.1" 0.0476391276626975 0.912932064472132 0.304 0.025 1
"TSHZ2" 0.0487423738671757 0.416681118479238 0.317 0.164 1
"SMOC2" 0.0542216075609743 1.60506897071562 0.322 0.069 1
"CACNA1E" 0.0604150404166854 4.18301585421588 0.302 0.107 1
"AL360091.3" 0.0608914837860035 2.05979184561465 0.288 0.08 1
"SORCS3" 0.0635399078852877 0.684577411026817 0.267 0.123 1
"PCDH9" 0.066534420675331 6.39372805706825 0.374 0.248 1
"ABHD6" 0.0677454275499242 0.663366724231445 0.369 0.161 1
"KLHL29" 0.0687398665691085 2.72328659989156 0.294 0.09 1
"NR4A2" 0.0704158561274668 7.6317079074657 0.342 0.066 1
"TCAP" 0.072576411074046 1.32240158595828 0.27 0.041 1
"HS6ST3" 0.0909681575500528 1.19426712094962 0.297 0.078 1
"ADGRL3" 0.0937063794670138 3.86648158108243 0.297 0.155 1
"SLC2A3" 0.098134429550232 0.297963036928786 0.257 0.128 1
"GALNT13" 0.102709845686374 1.97861614851104 0.286 0.104 1
"KRT31" 0.10487993937515 3.14120409559386 0.344 0.025 1
"RARS" 0.112538362633414 2.98623159366475 0.295 0.164 1
"CACNA1A" 0.116403408114403 2.57559063475455 0.28 0.098 1
"AC004158.1" 0.120223385913148 2.7665578159914 0.327 0.197 1
"DPP6" 0.141079553268855 5.53114180073718 0.414 0.159 1
"SEL1L2" 0.14237011822585 1.2958207689864 0.302 0.05 1
"AC011477.4" 0.146751425214694 0.732314886741527 0.293 0.089 1
"CALY" 0.151445413063691 4.53418181989552 0.328 0.102 1
"NPY" 0.154319535204326 0.504199505068181 0.277 0.128 1
"GPR158" 0.17258235932333 1.80856514916667 0.32 0.069 1
"PCSK2" 0.173447520117508 3.23424400160456 0.305 0.086 1
"AC037459.3" 0.176645052053326 1.12359469668434 0.258 0.07 1
"SHISA9" 0.177833121518208 1.63432373885595 0.29 0.111 1
"KHDRBS2" 0.186113139256016 4.05153478765413 0.293 0.067 1
"DPP10" 0.190331164839243 3.18004699861403 0.209 0.121 1
"C3orf14" 0.190545851665774 1.92876508014269 0.35 0.199 1
"CTNND2" 0.195135279901763 7.06859385095513 0.353 0.23 1
"CNTN6" 0.209012781361831 1.85195604417738 0.286 0.034 1
"GCNA" 0.236759868254464 0.753944123336822 0.261 0.056 1
"AL133367.1" 0.239567136303801 2.96357825211993 0.294 0.067 1
"MPZL3" 0.244627304254348 0.739295059216348 0.246 0.058 1
"NLGN1" 0.245275316412828 11.0850568923432 0.285 0.135 1
"PLCL1" 0.260268426778287 2.19988736044255 0.285 0.13 1
"MTHFD2" 0.276517094001772 0.381965663299095 0.284 0.176 1
"AP001453.2" 0.282544792272292 1.28844198274773 0.28 0.123 1
"AP000317.2" 0.282973567956796 1.75538322055558 0.305 0.322 1
"LINC01476" 0.294446144013076 5.04855453956529 0.3 0.11 1
"AC008758.6" 0.30069330002423 0.424818347728436 0.322 0.122 1
"F11R" 0.306848069652027 2.79672007652024 0.344 0.047 1
"EDIL3" 0.314054403373154 2.23288749103342 0.321 0.127 1
"FRMD3" 0.329924412836643 0.37223982653367 0.345 0.108 1
"INSIG1" 0.337020075124545 2.33193363321589 0.286 0.18 1
"CNKSR2" 0.362193936732499 1.95378111911235 0.344 0.159 1
"SLC16A1-AS1" 0.376852463240044 0.732173072828171 0.258 0.109 1
"FRG1-DT" 0.380179100444035 0.423602537745939 0.3 0.133 1
"RIMS1" 0.385442549193099 4.6779688294306 0.295 0.118 1
"AP001065.1" 0.385824479487686 0.373462229829661 0.243 0.089 1
"USP2-AS1" 0.386500557446756 2.42861633708272 0.3 0.024 1
"ST6GAL2" 0.405381078395082 2.24161894239542 0.392 0.2 1
"PTCH2" 0.406432695452754 1.25506059391226 0.311 0.142 1
"MEF2C-AS1" 0.411656057597529 2.91878904060203 0.284 0.106 1
"AC144836.1" 0.419723076438421 2.03642267933781 0.313 0.049 1
"FABP6" 0.427569989216831 1.26925115121609 0.35 0.065 1
"KCNC4" 0.430098931917344 1.66692227272811 0.309 0.06 1
"EPHA6" 0.431791958889316 3.35402049726999 0.336 0.088 1
"MARCH4" 0.440987798141414 2.68545741624644 0.345 0.108 1
"LINC00487" 0.449002403746595 1.22663702487755 0.306 0.105 1
"ENOX1" 0.461025409198608 0.653321505080457 0.302 0.174 1
"AC124319.3" 0.474058729638299 1.36835177816478 0.26 0.078 1
"AC079228.1" 0.490705554453525 1.20040688659555 0.267 0.046 1
"TBL1XR1-AS1" 0.499732910567708 0.826273436630768 0.241 0.034 1
"RAPGEF4-AS1" 0.502615781172324 1.99565916963932 0.308 0.047 1
"TRPM3" 0.503814059811836 3.35254494168076 0.297 0.102 1
"AC008758.1" 0.522619579834327 0.4723181111373 0.29 0.09 1
"PHKB" 0.523834933821689 6.26514905670797 0.212 0.181 1
"NAT16" 0.539308146947843 0.407758896298642 0.278 0.084 1
"CHGB" 0.58725351851378 1.19088206297058 0.35 0.155 1
"ZNF804A" 0.594700926575469 1.23854225429432 0.26 0.131 1
"CDH11" 0.651472719143595 2.03285972437507 0.214 0.11 1
"GDA" 0.65653467092701 4.1290016790737 0.321 0.103 1
"FRMPD4" 0.670566434807257 5.95784904507637 0.349 0.107 1
"CD163L1" 0.670902546847644 3.06104059169638 0.294 0.04 1
"VGF" 0.677124134657591 1.84433740832765 0.311 0.101 1
"AC103952.1" 0.68418898942394 0.626054021335008 0.285 0.076 1
"AC004076.1" 0.700253857078697 1.38281595158982 0.262 0.116 1
"AC069200.1" 0.777412284065994 1.48397386516737 0.277 0.051 1
"KCTD14" 0.78734580222917 1.4720433103174 0.355 0.083 1
"ADGRB3" 0.78777598598428 3.49271127994247 0.363 0.207 1
"AC107214.2" 0.787846945633764 2.63848470226145 0.326 0.038 1
"KCNJ3" 0.788862820608113 0.773175157352336 0.252 0.084 1
"AC102953.2" 0.789173415697706 1.18032278840731 0.303 0.054 1
"NRCAM" 0.802542457177945 0.660000057987295 0.372 0.208 1
"AC114877.1" 0.814036467528864 0.578472714515568 0.277 0.034 1
"ACRBP" 0.821197074697183 0.633201798221139 0.265 0.069 1
"GRIA4" 0.834621943710424 0.821052086033815 0.205 0.109 1
"RALYL" 0.835837067238047 6.4751130566116 0.298 0.144 1
"AC073610.3" 0.837259709375748 0.926574165223274 0.285 0.087 1
"VLDLR-AS1" 0.851117006918765 2.27830184413007 0.288 0.111 1
"BNC2" 0.861884733524019 0.833759297192877 0.192 0.108 1
"PDE1A" 0.871547810505008 2.19808557971577 0.346 0.119 1
"AC021054.1" 0.881239193109984 1.91020275279936 0.202 0.05 1
"AC007040.2" 0.88147568576795 1.35198863928346 0.256 0.098 1
"B4GALT1-AS1" 0.912356937863044 1.47018942459436 0.247 0.172 1
"AL713999.1" 0.920918953035407 0.851773095624218 0.248 0.049 1
"ALS2CR12" 0.932541536514237 1.10416970414379 0.219 0.055 1
"AC234782.2" 0.944605175327364 0.669446412121937 0.283 0.143 1
"CCKBR" 0.959657505156531 2.58896622177962 0.357 0.117 1
"GUCY1A1" 0.960622061901215 1.68235603113743 0.316 0.086 1
"PIK3CD-AS2" 0.966897624413614 0.690320050736631 0.313 0.06 1
"SEMA3C" 0.98799279880019 3.4339787128698 0.357 0.148 1
"AL078639.1" 0.999158406604727 2.49768974974492 0.369 0.391 1
