"p_val" "avg_log2FC" "pct.1" "pct.2" "p_val_adj"
"ENO1" 4.61858197631757e-208 6.21825412528504 0.956 0.338 1.38557459289527e-204
"BNIP3" 4.68677275592207e-197 5.55043635983128 0.931 0.306 1.40603182677662e-193
"GAPDH" 1.23781687881704e-190 8.16066516077367 0.947 0.367 3.71345063645111e-187
"LINC00487" 6.07478712135365e-172 0.287881807098369 0.007 0.127 1.8224361364061e-168
"VIM" 7.753521852812e-154 3.57603392116483 0.898 0.225 2.3260565558436e-150
"C19orf38" 1.66879029173431e-151 0.477426732134035 0.016 0.119 5.00637087520294e-148
"PI15" 1.28284717610975e-148 0.981928875114592 0.896 0.265 3.84854152832924e-145
"AKAP12" 9.70712944933256e-147 7.51417064050485 0.863 0.195 2.91213883479977e-143
"IGFBP5" 4.13901013162703e-143 4.92144884242385 0.87 0.185 1.24170303948811e-139
"ANKLE1" 5.00105893446886e-135 0.775507096374829 0.035 0.114 1.50031768034066e-131
"PGK1" 7.37817590759168e-132 4.32631220295192 0.863 0.346 2.21345277227751e-128
"HYDIN2" 1.2126412438423e-131 0.294793592154329 0.009 0.102 3.63792373152689e-128
"CUTALP" 2.19735706736841e-127 0.374536148391021 0.044 0.102 6.59207120210524e-124
"BNIP3L" 1.93705614666266e-125 3.83312734155692 0.866 0.396 5.81116843998798e-122
"TPI1" 3.20846547720839e-122 5.81708865488054 0.845 0.347 9.62539643162516e-119
"DDIT4" 8.26569935903211e-122 4.98197715672452 0.824 0.307 2.47970980770963e-118
"VEGFA" 1.25265178563823e-117 5.03712578070231 0.829 0.244 3.7579553569147e-114
"AC010210.1" 1.5316392236989e-117 0.609437338287506 0.035 0.13 4.5949176710967e-114
"AC104794.2" 1.91792615661713e-117 1.46944512807857 0.076 0.109 5.75377846985139e-114
"SOX9" 1.11262821734315e-115 1.15611064480015 0.836 0.32 3.33788465202944e-112
"IL10RA" 1.27994657883504e-115 1.13860184084397 0.039 0.115 3.83983973650511e-112
"EGLN3" 1.09522023387101e-113 3.01564495604444 0.822 0.214 3.28566070161304e-110
"KISS1R" 2.77028117363475e-113 1.86235886782956 0.113 0.117 8.31084352090425e-110
"QKI" 3.93606213329251e-113 3.57293166176264 0.833 0.309 1.18081863998775e-109
"AC113414.1" 6.1496197578517e-113 1.9778687876992 0.519 0.089 1.84488592735551e-109
"PKM" 6.63627941368163e-113 2.12793852961614 0.833 0.369 1.99088382410449e-109
"MT2A" 2.98760237141162e-111 5.16211956330557 0.769 0.157 8.96280711423486e-108
"EPAS1" 9.22526119056877e-111 4.71324555306896 0.132 0.206 2.76757835717063e-107
"HES1" 5.31496467052511e-110 5.53225135331698 0.801 0.144 1.59448940115753e-106
"FER1L5" 1.99462288351606e-109 2.13373163731469 0.095 0.109 5.98386865054817e-106
"ATP1A2" 2.23034738122949e-109 3.07475560997095 0.634 0.094 6.69104214368847e-106
"FAM162A" 4.40930636497288e-109 4.7048180641815 0.829 0.277 1.32279190949186e-105
"ONECUT2" 3.08495766826093e-103 1.07684515059749 0.042 0.202 9.2548730047828e-100
"GAS2" 9.62172188918825e-103 0.611680243640844 0.067 0.107 2.88651656675648e-99
"DOCK2" 1.02018328868711e-101 1.45430611294927 0.85 0.282 3.06054986606134e-98
"TFPI" 2.27147745922839e-100 0.898398309539397 0.542 0.1 6.81443237768516e-97
"PTCHD1-AS" 4.04211189780961e-100 0.998161287496636 0.037 0.102 1.21263356934288e-96
"IGFBP2" 8.08230707656791e-100 3.12556595654917 0.803 0.311 2.42469212297037e-96
"PTN" 6.3918172254553e-99 1.0739766758128 0.766 0.187 1.91754516763659e-95
"AL160314.2" 1.17856816196934e-95 0.962727375450628 0.093 0.115 3.53570448590802e-92
"DLC1" 1.41626322078439e-93 1.45744844152325 0.567 0.206 4.24878966235317e-90
"COL11A1" 9.84967446014954e-93 5.77066297372861 0.771 0.157 2.95490233804486e-89
"MTUS2" 2.74138596409898e-91 0.445357288853652 0.042 0.144 8.22415789229693e-88
"EGFR" 2.0914524626531e-89 0.754107102032828 0.521 0.118 6.2743573879593e-86
"AC010099.4" 1.66495002247461e-88 1.93403724362856 0.588 0.138 4.99485006742383e-85
"AL353194.1" 2.31683263078395e-86 0.838365747720697 0.65 0.101 6.95049789235186e-83
"AL356441.1" 2.99171527594393e-85 0.432198998611424 0.069 0.112 8.97514582783179e-82
"DIRAS3" 1.06896047145548e-84 0.366054083336532 0.023 0.13 3.20688141436643e-81
"CANX" 2.43368057626322e-84 2.41911433269835 0.764 0.368 7.30104172878965e-81
"P4HA1" 1.57584737179395e-83 7.36790998049167 0.764 0.246 4.72754211538186e-80
"PGF" 3.39881780106534e-83 0.513224482491671 0.113 0.192 1.0196453403196e-79
"CNN3" 4.59273469742474e-82 2.15747967291095 0.775 0.361 1.37782040922742e-78
"NUP210L" 6.57517004430524e-82 1.35414591752797 0.516 0.064 1.97255101329157e-78
"WSB1" 8.13613040597166e-82 1.1079839774553 0.778 0.388 2.4408391217915e-78
"ARHGAP5" 1.76715134932921e-79 4.60278574547346 0.778 0.286 5.30145404798764e-76
"TNFRSF12A" 1.84575498335021e-78 2.8805394931723 0.569 0.068 5.53726495005063e-75
"CALCB" 3.26424811214462e-78 1.52292253494834 0.03 0.109 9.79274433643386e-75
"SLC16A1" 7.46556329619502e-78 8.60535314507004 0.75 0.214 2.23966898885851e-74
"ATF3" 5.23434117439431e-76 2.96289948242433 0.176 0.157 1.57030235231829e-72
"CDO1" 9.41181110832817e-73 2.12074254928302 0.738 0.25 2.82354333249845e-69
"AC003682.1" 1.53828600942864e-72 2.14842141726033 0.127 0.1 4.61485802828593e-69
"ZFP36L1" 1.83572181431292e-71 5.91191919726714 0.718 0.189 5.50716544293877e-68
"BHLHE40" 1.13721875430697e-70 7.3018476448104 0.715 0.131 3.41165626292092e-67
"HIF1A-AS2" 1.32392373621193e-70 1.21522178842432 0.116 0.11 3.9717712086358e-67
"CD9" 1.75356263610961e-70 4.44544988345776 0.655 0.094 5.26068790832884e-67
"PRR34" 1.87747671553593e-70 1.23514036016558 0.067 0.129 5.6324301466078e-67
"PSAT1" 3.46073675135581e-70 3.13124440145729 0.722 0.204 1.03822102540674e-66
"AC109466.1" 1.80382798695395e-68 1.51834912021743 0.333 0.071 5.41148396086186e-65
"AC005532.1" 2.31816649798921e-68 2.13409699385063 0.368 0.066 6.95449949396763e-65
"P2RY1" 1.38151594758691e-66 0.710352675147179 0.63 0.061 4.14454784276074e-63
"SLC16A3" 1.61024228214554e-66 4.24532249084558 0.72 0.171 4.83072684643663e-63
"CKB" 9.69011239911119e-66 6.12723194119214 0.741 0.407 2.90703371973336e-62
"LHX9" 1.23131503231268e-64 0.561678271001247 0.157 0.093 3.69394509693803e-61
"AC006547.2" 3.19621057165843e-64 0.757594293756826 0.014 0.111 9.58863171497529e-61
"FSTL5" 7.69580266052842e-64 3.5843987307416 0.519 0.098 2.30874079815853e-60
"EZR" 6.29554056895072e-63 1.85426982454262 0.694 0.337 1.88866217068522e-59
"GEM" 9.00200817844066e-63 4.22613872298095 0.553 0.047 2.7006024535322e-59
"AMPD3" 1.29433404584409e-62 1.12116504751772 0.162 0.086 3.88300213753226e-59
"SFRP1" 1.68500904282924e-62 2.65711959028617 0.669 0.249 5.05502712848772e-59
"PLOD2" 2.17650073511218e-62 4.99202196760563 0.725 0.207 6.52950220533655e-59
"MALAT1" 2.59581944138558e-62 1.90242893546964 0.736 0.393 7.78745832415673e-59
"HS3ST2" 4.27968412927793e-61 2.09192015645744 0.039 0.115 1.28390523878338e-57
"GPX3" 5.67325967402844e-61 0.741822238450958 0.514 0.086 1.70197790220853e-57
"AC009084.1" 5.04631645987919e-60 0.949573179968358 0.167 0.063 1.51389493796376e-56
"AC117383.1" 2.24184696305245e-59 1.02506820779325 0.576 0.082 6.72554088915736e-56
"TNFRSF11B" 1.70281035515936e-58 1.16535173624039 0.428 0.122 5.10843106547807e-55
"AC091826.2" 5.42930248606114e-57 2.38054085204444 0.59 0.114 1.62879074581834e-53
"ZNF721" 8.40342729428239e-57 0.280312844802017 0.093 0.121 2.52102818828472e-53
"AC087280.2" 1.31739244186154e-56 2.07589055681421 0.181 0.139 3.95217732558463e-53
"AL035681.1" 1.84378237201091e-56 2.52033521529998 0.185 0.11 5.53134711603273e-53
"RNVU1-19" 4.2479614563978e-55 1.06550830588712 0.111 0.108 1.27438843691934e-51
"PCDH17" 4.9477957322191e-55 1.80192133617673 0.458 0.069 1.48433871966573e-51
"NCALD" 9.25655847939097e-55 1.58509401724957 0.537 0.122 2.77696754381729e-51
"B2M" 1.6521647283375e-54 0.594396786958699 0.516 0.281 4.9564941850125e-51
"LINC00944" 2.73689905950785e-54 1.14551462656048 0.1 0.063 8.21069717852355e-51
"SCD" 9.33489979548159e-54 1.24548483601693 0.699 0.294 2.80046993864448e-50
"IER2" 3.42294364731335e-53 1.82474727499445 0.215 0.186 1.02688309419401e-49
"AP002989.1" 6.31340089686714e-52 1.27517987896364 0.134 0.077 1.89402026906014e-48
"LINC00632" 1.44509796304407e-51 0.454814659165717 0.116 0.132 4.33529388913221e-48
"ZEB1" 3.32998677620525e-51 3.75776656380538 0.493 0.227 9.98996032861575e-48
"MIR34AHG" 8.49335985640536e-51 2.75642923846209 0.185 0.079 2.54800795692161e-47
"ETS2" 8.79019387144593e-51 1.31015053368859 0.139 0.091 2.63705816143378e-47
"MYO10" 2.05825680242652e-50 2.29397342264826 0.581 0.232 6.17477040727955e-47
"CFAP47" 2.06425999700462e-50 0.760179240043724 0.146 0.068 6.19277999101386e-47
"AL049780.2" 2.21716520591232e-50 0.370300623018011 0.488 0.083 6.65149561773695e-47
"METTL7B" 3.24839630126992e-50 1.10549317706166 0.292 0.115 9.74518890380976e-47
"ITGB8" 4.08193297292425e-49 1.86207505257411 0.653 0.217 1.22457989187727e-45
"LURAP1L" 4.97787118258961e-49 1.19606012452372 0.106 0.116 1.49336135477688e-45
"SMC2" 5.18201215649129e-49 2.42280258974161 0.387 0.143 1.55460364694739e-45
"TPTE2" 1.66837458071631e-48 0.967912827070471 0.164 0.086 5.00512374214893e-45
"ERO1B" 2.58672591823787e-48 0.387344192567912 0.153 0.148 7.76017775471361e-45
"OTOF" 8.48794136983622e-48 2.73017919517923 0.227 0.074 2.54638241095086e-44
"SLC38A6" 5.93715744104699e-47 1.91278852444002 0.097 0.12 1.7811472323141e-43
"AL592295.3" 7.00145734749388e-46 2.36952767088842 0.201 0.081 2.10043720424816e-42
"AL359710.1" 9.83517022469685e-46 1.54831989273394 0.15 0.085 2.95055106740905e-42
"CCDC191" 2.46993559345467e-45 1.7466209390086 0.567 0.098 7.40980678036402e-42
"MSTN" 3.00967371291648e-45 1.75467164547628 0.491 0.05 9.02902113874944e-42
"ZFHX4" 5.69384419490663e-45 1.36464727082789 0.574 0.181 1.70815325847199e-41
"AC233280.1" 3.25467204950819e-44 0.353247059929165 0.088 0.117 9.76401614852456e-41
"DPY19L2P3" 4.59334932975318e-44 1.22402158103393 0.132 0.128 1.37800479892595e-40
"CDKN2B" 7.27019688397893e-44 2.32183226977449 0.176 0.096 2.18105906519368e-40
"AC019077.1" 3.36980018618352e-43 0.415517386299308 0.067 0.125 1.01094005585505e-39
"EML6" 1.16012620473201e-42 1.05851617104388 0.049 0.112 3.48037861419604e-39
"AC008591.1" 4.13875343242893e-42 0.803365379909032 0.206 0.063 1.24162602972868e-38
"AK4" 8.71152086435323e-42 3.23764639980545 0.648 0.155 2.61345625930597e-38
"INTS6-AS1" 9.86820558415372e-42 1.89107219963117 0.134 0.066 2.96046167524611e-38
"AL359265.3" 1.00834535019132e-41 1.46568881880851 0.104 0.084 3.02503605057396e-38
"AC130324.2" 1.06562859311247e-41 1.67153245798007 0.141 0.093 3.1968857793374e-38
"MT-TL1" 1.19349205307814e-41 3.6254503632299 0.461 0.152 3.58047615923442e-38
"CXCL12" 1.57330568644392e-41 2.22462706913035 0.468 0.109 4.71991705933175e-38
"TTN" 1.70947259718003e-41 0.382712436980245 0.16 0.115 5.12841779154008e-38
"AC092614.1" 1.8577630242333e-41 0.557726798733951 0.13 0.076 5.5732890726999e-38
"CDH18" 6.43553079023433e-41 1.75462219184525 0.5 0.078 1.9306592370703e-37
"ADM" 8.09820359967129e-41 4.98620001465179 0.655 0.202 2.42946107990139e-37
"AP001825.1" 1.43679829922258e-40 1.568306179949 0.13 0.105 4.31039489766774e-37
"CFL1P1" 1.65185071125687e-40 0.378575809255441 0.167 0.165 4.9555521337706e-37
"MAPK13" 4.90340951016587e-40 1.38347889776733 0.498 0.013 1.47102285304976e-36
"TPD52L1" 5.04816215115352e-40 2.83962786480584 0.586 0.088 1.51444864534605e-36
"IRS1" 5.68191755751218e-40 1.34232972206335 0.13 0.116 1.70457526725365e-36
"GRIK1-AS1" 7.07517195591892e-40 1.57094530538918 0.201 0.081 2.12255158677568e-36
"AC020594.1" 1.06507931225357e-39 1.91611056967058 0.194 0.058 3.19523793676072e-36
"AP001160.1" 1.69895372201139e-39 1.4177257469454 0.19 0.114 5.09686116603416e-36
"NEAT1" 2.89431985303056e-39 3.56414834713667 0.171 0.143 8.68295955909169e-36
"AL118516.1" 5.86534820500272e-39 2.21310640740992 0.199 0.153 1.75960446150082e-35
"AC087623.2" 1.40911109964478e-38 0.825721800316146 0.199 0.074 4.22733329893433e-35
"PURPL" 7.69605629382436e-38 2.42471507080843 0.211 0.13 2.30881688814731e-34
"PDIA3" 8.75298758047193e-38 8.89258088358224 0.646 0.374 2.62589627414158e-34
"WWOX" 1.16134044169679e-37 2.23308482634792 0.146 0.143 3.48402132509036e-34
"LAYN" 2.28657840008636e-37 1.65113476646597 0.137 0.057 6.85973520025909e-34
"STARD9" 6.30748795641556e-37 0.609664084606328 0.049 0.131 1.89224638692467e-33
"AL135999.1" 2.35819711205643e-36 0.59797429588321 0.215 0.136 7.07459133616929e-33
"LINC00943" 4.16222613240861e-36 2.10305795447795 0.623 0.067 1.24866783972258e-32
"ID4" 5.36229343519897e-36 1.46604426197844 0.613 0.292 1.60868803055969e-32
"SLC2A1" 7.26180487226141e-36 7.67249734777849 0.653 0.198 2.17854146167842e-32
"AL031777.3" 2.8443920393152e-35 0.576785072546674 0.157 0.17 8.53317611794561e-32
"AL139260.1" 1.9676224161394e-34 1.91548864436423 0.171 0.13 5.90286724841821e-31
"AC091178.1" 2.30209446078374e-34 0.637487881173984 0.442 0.105 6.90628338235122e-31
"AC113383.1" 2.44329344550903e-34 0.321382908984743 0.211 0.113 7.32988033652709e-31
"PLCH2" 2.86253677151976e-34 0.471349919040165 0.153 0.115 8.58761031455927e-31
"TMEM202-AS1" 4.15321528896316e-34 2.39100750999922 0.167 0.035 1.24596458668895e-30
"AL365275.1" 5.93634980286994e-34 1.44582242830925 0.505 0.098 1.78090494086098e-30
"SHMT2" 1.17104054346818e-33 4.39773823305238 0.59 0.157 3.51312163040453e-30
"PLAC1" 1.19834516888901e-33 0.860256828703534 0.236 0.081 3.59503550666703e-30
"AC008555.5" 3.1854041420437e-33 1.37110028480089 0.146 0.072 9.5562124261311e-30
"NQO1" 7.53321250853396e-33 0.395219336654547 0.373 0.088 2.25996375256019e-29
"CREB5" 1.00356447050358e-32 2.80042649871175 0.581 0.146 3.01069341151073e-29
"FBXO32" 1.04491440432741e-32 3.55209560872682 0.433 0.109 3.13474321298223e-29
"AVIL" 1.57569868767678e-32 1.30635183097466 0.458 0.086 4.72709606303034e-29
"NXPH4" 1.85637132475339e-32 3.14130624167408 0.229 0.109 5.56911397426017e-29
"LINC01232" 3.17191909438092e-32 1.09091595455738 0.486 0.05 9.51575728314277e-29
"AC008764.2" 3.17651404992806e-32 0.81969311349061 0.169 0.071 9.52954214978418e-29
"RPS27L" 3.35247073404936e-32 6.26750709254397 0.623 0.345 1.00574122021481e-28
"GLI3" 3.72604312803042e-32 2.61739393804966 0.606 0.138 1.11781293840913e-28
"TTC7B" 2.07178589020937e-31 3.32050614858227 0.502 0.102 6.21535767062812e-28
"CDK18" 2.67503388898937e-31 1.81040863978718 0.204 0.154 8.0251016669681e-28
"NFE2L2" 3.11548381636156e-31 6.50933743187121 0.639 0.166 9.34645144908467e-28
"GADD45A" 4.12276295426876e-31 6.7874463845807 0.565 0.14 1.23682888628063e-27
"HMOX1" 4.51774527545138e-31 4.74182446356784 0.234 0.034 1.35532358263541e-27
"TNRC6C" 5.08959440607514e-31 1.80786408252169 0.148 0.189 1.52687832182254e-27
"MT1E" 5.27545860004801e-31 4.34941504656231 0.59 0.084 1.5826375800144e-27
"AC007250.1" 7.71270447735402e-31 0.300360793816543 0.157 0.036 2.31381134320621e-27
"SLC3A2" 1.23697567664963e-30 4.98367480607974 0.655 0.267 3.71092702994888e-27
"ANKHD1-EIF4EBP3" 3.07772189820845e-30 1.0211386378926 0.396 0.046 9.23316569462536e-27
"MIR181A1HG" 9.53785119472636e-30 2.02324373716692 0.132 0.122 2.86135535841791e-26
"AC004852.2" 1.09260831294043e-29 1.16453923778431 0.093 0.123 3.2778249388213e-26
"DDIT4L" 1.14745734456075e-29 5.4266695616277 0.215 0.111 3.44237203368226e-26
"AC091153.3" 1.15159547432432e-29 0.437499085701353 0.155 0.071 3.45478642297297e-26
"SCG2" 1.2707545873929e-29 3.19342570682263 0.243 0.15 3.8122637621787e-26
"AC129492.4" 1.34310433582882e-29 3.12361449421337 0.468 0.024 4.02931300748647e-26
"KLF4" 1.78992809977087e-29 2.54195521591266 0.285 0.103 5.36978429931261e-26
"VLDLR-AS1" 4.65896774337586e-29 2.284577771406 0.201 0.123 1.39769032301276e-25
"ZBTB20" 4.82154714570448e-29 1.13112048138026 0.488 0.294 1.44646414371134e-25
"RGS16" 1.3618429194353e-28 1.70812348428872 0.238 0.143 4.08552875830589e-25
"MANEA-AS1" 1.67415005393914e-28 0.700023961397607 0.19 0.118 5.02245016181743e-25
"AL162311.3" 2.6715697826757e-28 1.61169314781203 0.16 0.037 8.01470934802711e-25
"RNVU1-6" 3.966498364174e-28 2.53358648791306 0.171 0.114 1.1899495092522e-24
"FOS" 4.02709368217831e-28 3.92445285305868 0.586 0.15 1.20812810465349e-24
"SGCD" 5.25663557741977e-28 1.46796606020843 0.509 0.109 1.57699067322593e-24
"LINC01965" 7.97266974889975e-28 0.391135474925472 0.542 0.09 2.39180092466992e-24
"AC083864.2" 9.91797111039786e-28 3.16530362710537 0.572 0.074 2.97539133311936e-24
"CD63" 1.95441330620327e-27 1.65956982308745 0.567 0.333 5.86323991860982e-24
"C1QL1" 2.27185578325855e-27 1.45995191880433 0.493 0.078 6.81556734977564e-24
"LHX2" 4.25959682647332e-27 2.41718014462847 0.616 0.29 1.27787904794199e-23
"ANKUB1" 5.39644697388458e-27 0.654370874357049 0.081 0.128 1.61893409216537e-23
"AC092720.2" 7.9150308973786e-27 1.4369859310194 0.241 0.09 2.37450926921358e-23
"MAZ" 1.21834188760633e-26 0.516042017486026 0.35 0.094 3.65502566281899e-23
"ANKRD37" 1.54780041462158e-26 2.65422927382519 0.282 0.159 4.64340124386473e-23
"TGFBI" 2.59581183969029e-26 1.47005601958185 0.167 0.052 7.78743551907088e-23
"SGCG" 3.31605566427904e-26 2.93598717883414 0.25 0.091 9.94816699283711e-23
"PON2" 3.51007543698844e-26 0.768719812399261 0.505 0.146 1.05302263109653e-22
"SLC24A4" 4.74096799713582e-26 2.66059197213904 0.525 0.043 1.42229039914074e-22
"ACTA2" 6.80560733650425e-26 0.410378537856241 0.31 0.079 2.04168220095127e-22
"EIF2S2" 7.59874486754584e-26 2.51397211011367 0.623 0.348 2.27962346026375e-22
"TMEM154" 8.33203576687797e-26 1.76459004028914 0.197 0.043 2.49961073006339e-22
"LPL" 9.66339445868206e-26 1.65060832072587 0.225 0.113 2.89901833760462e-22
"OSBPL7" 1.7935394394257e-25 0.989341159074646 0.553 0.134 5.38061831827711e-22
"GADD45G" 4.061740636589e-25 0.830527672509827 0.227 0.342 1.2185221909767e-21
"SLC11A1" 4.33410561741249e-25 0.871647760572973 0.22 0.071 1.30023168522375e-21
"AC005076.1" 7.27443971020108e-25 1.68490943096154 0.181 0.053 2.18233191306032e-21
"PDZRN4" 8.62292865907517e-25 1.14412660652492 0.389 0.154 2.58687859772255e-21
"FTL" 1.07402336470615e-24 3.62611956783665 0.618 0.397 3.22207009411846e-21
"CHPF" 1.26005300858489e-24 5.79918356364798 0.576 0.148 3.78015902575467e-21
"CHST9" 1.45979666160518e-24 2.29425674623755 0.521 0.059 4.37938998481554e-21
"AC125232.1" 3.11395463073686e-24 1.85951768253545 0.132 0.108 9.34186389221059e-21
"AGBL3" 6.14582433308089e-24 1.76728379496851 0.468 0.135 1.84374729992427e-20
"TUBA4A" 9.01597927109926e-24 2.57996811698986 0.273 0.105 2.70479378132978e-20
"INPP5D" 9.23701871847478e-24 2.21604936757253 0.194 0.138 2.77110561554244e-20
"AC005498.3" 1.23202834850806e-23 0.650218675604634 0.486 0.118 3.69608504552419e-20
"ZBTB20-AS4" 2.38817508335272e-23 1.98295671724222 0.426 0.051 7.16452525005816e-20
"JUN" 3.45672318856958e-23 4.12134678700903 0.583 0.318 1.03701695657088e-19
"INTU" 3.73027730870726e-23 3.71236537547581 0.549 0.156 1.11908319261218e-19
"AC091946.1" 5.42109717425566e-23 0.58091621691257 0.336 0.066 1.6263291522767e-19
"ITGA2B" 6.29319291061555e-23 1.1367323165041 0.227 0.078 1.88795787318466e-19
"ATF5" 7.84844805402769e-23 3.06310256814475 0.317 0.16 2.35453441620831e-19
"LINC00624" 1.09015895105844e-22 1.79995968465988 0.384 0.111 3.27047685317531e-19
"NPDC1" 1.13507441684902e-22 1.47040714620266 0.472 0.081 3.40522325054706e-19
"SQSTM1" 2.08762923529586e-22 3.68775958762196 0.553 0.213 6.26288770588757e-19
"PLXDC1" 4.15296784239703e-22 1.39131172144434 0.542 0.116 1.24589035271911e-18
"ZCWPW1" 6.63066893004827e-22 2.05352409694773 0.211 0.13 1.98920067901448e-18
"AC110619.1" 1.49096264498668e-21 0.420259954524038 0.109 0.077 4.47288793496003e-18
"LINC01415" 2.66035026049515e-21 0.576501212115311 0.134 0.152 7.98105078148544e-18
"GARS" 2.97840413352755e-21 4.24049277454383 0.602 0.299 8.93521240058264e-18
"AL158050.1" 4.51412685640874e-21 1.0139236174314 0.141 0.103 1.35423805692262e-17
"SIX4" 5.13916121489238e-21 0.298018060549598 0.488 0.072 1.54174836446771e-17
"AP002336.2" 5.77905696358353e-21 0.791204271915088 0.222 0.132 1.73371708907506e-17
"MSMO1" 8.0830469253845e-21 0.647794747433362 0.488 0.328 2.42491407761535e-17
"AC020611.2" 8.26451391286605e-21 0.819074959973337 0.271 0.158 2.47935417385981e-17
"NRG1" 1.30254112932027e-20 0.456094212825525 0.519 0.123 3.9076233879608e-17
"PXDNL" 1.50700970330746e-20 0.496689300719893 0.243 0.119 4.52102910992238e-17
"AC012510.1" 1.87944406287065e-20 0.975701170850712 0.509 0.064 5.63833218861196e-17
"AL445248.1" 2.02134088179858e-20 0.749889889843507 0.049 0.104 6.06402264539575e-17
"NOCT" 2.59050097258516e-20 1.65726141050377 0.162 0.101 7.77150291775547e-17
"DSCAML1" 2.6683821385444e-20 1.87897723593516 0.442 0.139 8.0051464156332e-17
"TET1" 2.86080508115041e-20 7.33468460033669 0.595 0.257 8.58241524345123e-17
"SDK2" 3.48097672929908e-20 1.47602327506104 0.185 0.145 1.04429301878972e-16
"LINC00645" 3.51178103046721e-20 2.87329102245315 0.236 0.084 1.05353430914016e-16
"AL133227.1" 4.83923708269721e-20 0.463839476158467 0.403 0.051 1.45177112480916e-16
"PVT1" 5.94733713531979e-20 2.11068636886635 0.213 0.118 1.78420114059594e-16
"AC025171.3" 6.55733527647341e-20 2.69271696022935 0.215 0.078 1.96720058294202e-16
"AC114803.1" 7.61983665830061e-20 3.13003619764194 0.308 0.158 2.28595099749018e-16
"AC027644.1" 1.43869548766747e-19 2.36040192337301 0.227 0.082 4.31608646300242e-16
"THRB" 2.25639020570321e-19 0.414832876702468 0.025 0.126 6.76917061710964e-16
"SULF1" 2.73155221324098e-19 1.40887321029276 0.447 0.06 8.19465663972294e-16
"CRISPLD2" 5.04110484303281e-19 2.70522668079822 0.262 0.098 1.51233145290984e-15
"HAS2-AS1" 5.31612686722718e-19 1.03888034506247 0.229 0.115 1.59483806016815e-15
"KDM3A" 5.47030151463237e-19 1.51749133165177 0.6 0.246 1.64109045438971e-15
"AL136162.1" 6.04198962942236e-19 2.63167065754723 0.523 0.083 1.81259688882671e-15
"PPIB" 8.95774968740472e-19 7.86370828517374 0.544 0.37 2.68732490622142e-15
"ITGA1" 9.33613257659738e-19 0.624719420408104 0.049 0.102 2.80083977297921e-15
"FABP5" 9.92239893676141e-19 0.429826599046075 0.514 0.243 2.97671968102842e-15
"AC138627.1" 1.14137155313274e-18 1.95707737059459 0.222 0.05 3.42411465939823e-15
"HMGN3" 1.67465453021067e-18 0.371477671505669 0.551 0.367 5.02396359063201e-15
"FBXO48" 4.7004061629619e-18 0.359665229080584 0.225 0.111 1.41012184888857e-14
"TRIM67" 5.72114443940789e-18 1.40805618368911 0.229 0.192 1.71634333182237e-14
"AL512343.2" 6.33840247655069e-18 0.598595665959191 0.137 0.054 1.90152074296521e-14
"AC104984.2" 7.87994626561823e-18 2.84198037397551 0.419 0.059 2.36398387968547e-14
"SLC9A5" 8.56025406777508e-18 0.263051600759352 0.271 0.134 2.56807622033252e-14
"EGF" 1.08648946104656e-17 3.3851990349191 0.507 0.151 3.25946838313967e-14
"MAP3K20-AS1" 1.35463845883207e-17 1.26668262386618 0.213 0.108 4.06391537649621e-14
"PDIA6" 1.54417050563294e-17 8.44098887180356 0.56 0.349 4.63251151689882e-14
"CCR10" 2.03339887563116e-17 0.622522373538054 0.405 0.103 6.10019662689349e-14
"ARHGAP27P1-BPTFP1-KPNA2P3" 3.50976893658853e-17 0.342957262265081 0.481 0.106 1.05293068097656e-13
"GIPR" 5.90766691918109e-17 1.46917633331983 0.331 0.041 1.77230007575433e-13
"THAP9" 7.02758263640443e-17 0.846208977689507 0.243 0.095 2.10827479092133e-13
"SLC9C2" 7.03866999193771e-17 0.775407028153172 0.516 0.058 2.11160099758131e-13
"AC140134.1" 1.0185801530763e-16 1.32307205842788 0.102 0.06 3.05574045922889e-13
"SLC2A3" 1.49099920480511e-16 3.82692754935939 0.5 0.124 4.47299761441533e-13
"SPAG17" 1.51165143851372e-16 1.18579485524548 0.278 0.042 4.53495431554116e-13
"NPHS1" 2.67530965515668e-16 0.586074069243006 0.225 0.068 8.02592896547004e-13
"CADPS" 2.91234985863099e-16 1.25127168212269 0.306 0.141 8.73704957589298e-13
"CEBPG" 2.93629564050301e-16 1.17267933073753 0.595 0.262 8.80888692150904e-13
"ELMOD1" 3.1645445492402e-16 0.945149991650887 0.53 0.072 9.49363364772059e-13
"AC034102.5" 3.38454460195688e-16 0.77555245334376 0.111 0.047 1.01536338058707e-12
"PARM1" 3.57101509113893e-16 1.15002132931946 0.157 0.126 1.07130452734168e-12
"AC021086.1" 4.58827575049434e-16 0.413633453330974 0.296 0.086 1.3764827251483e-12
"SOX3" 1.25013957696481e-15 3.97005301008362 0.546 0.12 3.75041873089444e-12
"AC004805.1" 1.63576741861798e-15 1.56942986234342 0.225 0.048 4.90730225585394e-12
"MAPK15" 2.77179354193986e-15 1.85272707045832 0.215 0.073 8.31538062581957e-12
"RAP1GAP" 3.11526240524877e-15 2.16797878070518 0.296 0.124 9.34578721574631e-12
"KCNQ4" 3.20867309350602e-15 1.65592535429525 0.183 0.045 9.62601928051805e-12
"GAD1" 3.86919380543276e-15 2.06400954941197 0.088 0.17 1.16075814162983e-11
"CA3-AS1" 5.29362697232932e-15 0.868986134318209 0.1 0.022 1.5880880916988e-11
"AC084018.2" 7.77610420736447e-15 1.643453399739 0.282 0.101 2.33283126220934e-11
"CROT" 9.94925924137836e-15 3.80212806014034 0.231 0.106 2.98477777241351e-11
"AC105020.6" 1.52451456468132e-14 0.877233952187717 0.106 0.067 4.57354369404395e-11
"STXBP5-AS1" 1.74230610521658e-14 0.497781812070162 0.41 0.094 5.22691831564973e-11
"BCL3" 2.05606651597982e-14 2.6812114829781 0.542 0.124 6.16819954793946e-11
"HES5" 2.48794860042137e-14 1.83039624286702 0.343 0.103 7.46384580126412e-11
"KLF10" 4.01884300784757e-14 0.78123400208043 0.259 0.167 1.20565290235427e-10
"CYB5D1" 5.31364677601671e-14 2.72958212026967 0.132 0.062 1.59409403280501e-10
"RIMS2" 5.55581052650144e-14 2.79363820290917 0.352 0.112 1.66674315795043e-10
"AC022400.8" 6.95019179206104e-14 0.86153838925639 0.299 0.108 2.08505753761831e-10
"LINC01158" 8.08955850710087e-14 0.456971250921401 0.521 0.369 2.42686755213026e-10
"AL163051.1" 8.2588708605448e-14 1.55265589915328 0.204 0.14 2.47766125816344e-10
"CERS3-AS1" 8.64884691696826e-14 0.981235397878596 0.463 0.117 2.59465407509048e-10
"PPP1R14A" 9.10760819843406e-14 1.62869974369856 0.148 0.098 2.73228245953022e-10
"SYCP2L" 9.26085550460038e-14 2.09889038143087 0.266 0.091 2.77825665138011e-10
"AC124319.2" 9.355612156217e-14 0.526457726679759 0.141 0.131 2.8066836468651e-10
"TMEM100" 1.11572244857713e-13 1.16160047577078 0.278 0.057 3.34716734573138e-10
"AL358790.1" 1.37059653971334e-13 0.642695063161158 0.403 0.102 4.11178961914001e-10
"ETV4" 2.28806079831403e-13 1.34668400973084 0.176 0.083 6.86418239494208e-10
"LINC02485" 7.67021751841615e-13 7.77895958399663 0.324 0.196 2.30106525552484e-09
"MIR3681HG" 9.99840626917036e-13 1.31250885836345 0.153 0.064 2.99952188075111e-09
"HSPA5" 1.01846673047403e-12 5.08679334449134 0.519 0.322 3.05540019142209e-09
"BTG1" 1.21035871525535e-12 4.34256705887939 0.572 0.396 3.63107614576605e-09
"AC007389.1" 1.85003593515367e-12 1.71088259333953 0.303 0.085 5.550107805461e-09
"AC120049.1" 2.509248706309e-12 1.66445963448845 0.285 0.084 7.52774611892699e-09
"APLF" 4.24794417028493e-12 2.01208825692254 0.194 0.074 1.27438325108548e-08
"KCNMB2-AS1" 4.26230477046347e-12 0.270006702395214 0.405 0.049 1.27869143113904e-08
"CETN4P" 5.95710279938772e-12 1.25789730221298 0.477 0.085 1.78713083981632e-08
"MYOM1" 7.9020470561257e-12 1.41322465278698 0.169 0.076 2.37061411683771e-08
"U91319.1" 1.00075272649361e-11 1.15101500957416 0.248 0.085 3.00225817948083e-08
"TNFRSF10D" 1.03751537915427e-11 2.65168960554192 0.292 0.153 3.1125461374628e-08
"FOXP2" 1.32670466672102e-11 1.18258461457422 0.345 0.085 3.98011400016307e-08
"BARX1" 4.50146927788121e-11 3.17488501155334 0.317 0.124 1.35044078336436e-07
"DDIT3" 8.23691928526791e-11 6.09759562076351 0.56 0.174 2.47107578558037e-07
"LINC00643" 8.70928170254241e-11 0.609440491665719 0.192 0.101 2.61278451076272e-07
"AC114877.1" 9.760900692636e-11 0.540528828820088 0.137 0.051 2.9282702077908e-07
"KIAA2012" 1.00176629497563e-10 2.30518843537735 0.319 0.025 3.00529888492689e-07
"AL139011.2" 1.07854935220279e-10 1.30475334383122 0.319 0.068 3.23564805660836e-07
"ARID5B" 1.1692160059703e-10 3.52094167785109 0.396 0.122 3.5076480179109e-07
"MT-RNR2" 1.19799312470428e-10 2.52128086902868 0.576 0.449 3.59397937411284e-07
"LINC00271" 1.4194400933567e-10 0.924788461118666 0.303 0.094 4.25832028007011e-07
"VGLL3" 1.48250105323145e-10 1.26852609270684 0.181 0.085 4.44750315969435e-07
"KDM4D" 1.49157379705092e-10 1.47055134489784 0.495 0.135 4.47472139115276e-07
"AC025048.4" 1.74890004470074e-10 1.20948041246985 0.273 0.099 5.24670013410223e-07
"PRKG1" 2.09326595976668e-10 1.90670355043945 0.389 0.116 6.27979787930005e-07
"ETV2" 3.3337141807193e-10 0.556872181948936 0.329 0.115 1.00011425421579e-06
"SLC7A5" 4.46923227881949e-10 2.45326400250552 0.322 0.156 1.34076968364585e-06
"AL359198.1" 5.21943643304222e-10 0.423498223911237 0.259 0.078 1.56583092991267e-06
"AC124248.1" 7.13812004102654e-10 2.65251897400306 0.28 0.077 2.14143601230796e-06
"FAM133DP" 8.00688051636996e-10 0.564035753035133 0.162 0.111 2.40206415491099e-06
"TMEM132C" 8.48041019526239e-10 3.37105935386477 0.463 0.048 2.54412305857872e-06
"HCG23" 1.81819749962098e-09 1.44137820473215 0.442 0.112 5.45459249886294e-06
"LINC00461" 1.87338277802644e-09 6.26460243536579 0.567 0.411 5.62014833407931e-06
"AL049869.3" 2.70614359348287e-09 0.974524279041605 0.231 0.053 8.11843078044861e-06
"EMX2" 3.41067720198759e-09 1.64649186416712 0.458 0.137 1.02320316059628e-05
"FOLR1" 3.61228442581051e-09 2.18156701184781 0.255 0.066 1.08368532774315e-05
"ACER2" 4.36803815015474e-09 2.27182389023523 0.153 0.065 1.31041144504642e-05
"GDF15" 4.37486465701056e-09 3.45422223265313 0.164 0.136 1.31245939710317e-05
"LRCH4" 5.5081097371707e-09 1.36523061746793 0.234 0.05 1.65243292115121e-05
"AL157911.1" 5.51585721884866e-09 1.58396753447991 0.359 0.041 1.6547571656546e-05
"HSP90B1" 7.05328266709151e-09 3.92034887721496 0.507 0.322 2.11598480012745e-05
"FBXL19-AS1" 7.38902200187281e-09 0.265727302054398 0.206 0.094 2.21670660056184e-05
"TCIM" 8.42891591065346e-09 4.54692906200021 0.507 0.102 2.52867477319604e-05
"HCG17" 1.11672337119468e-08 2.2619716241333 0.153 0.122 3.35017011358405e-05
"TRIB3" 1.15494599148212e-08 3.69577278608435 0.354 0.152 3.46483797444635e-05
"ECHDC2" 1.39663488164942e-08 2.87875345321819 0.447 0.079 4.18990464494826e-05
"XBP1" 1.61968522748338e-08 3.20531734039902 0.377 0.188 4.85905568245014e-05
"CDCA7L" 1.69774831403831e-08 2.88947440714932 0.451 0.148 5.09324494211492e-05
"AP002495.1" 1.82648601839074e-08 1.46360257512179 0.394 0.112 5.47945805517222e-05
"MUM1L1" 1.97805571955093e-08 3.59475411691811 0.296 0.096 5.9341671586528e-05
"FAM21EP" 2.05594663354963e-08 1.51000046130127 0.211 0.079 6.16783990064888e-05
"AC135050.2" 3.0580791889512e-08 1.47313848681776 0.31 0.114 9.1742375668536e-05
"CA9" 3.85971262264171e-08 2.02016721581102 0.514 0.197 0.000115791378679251
"LMNA" 4.17767127964567e-08 3.52941129518042 0.266 0.121 0.00012533013838937
"STC2" 4.8919913056872e-08 3.66036460054914 0.525 0.202 0.000146759739170616
"AC092839.1" 6.72591053162441e-08 0.318513201880508 0.319 0.133 0.000201777315948732
"RGR" 6.89534330406971e-08 1.67064533973801 0.22 0.062 0.000206860299122091
"LCMT1-AS1" 7.5449064238864e-08 0.461417701240119 0.206 0.116 0.000226347192716592
"AOAH" 8.28022899637216e-08 1.85435140728478 0.194 0.11 0.000248406869891165
"SEC61G" 8.498848907082e-08 2.98754092087704 0.553 0.422 0.00025496546721246
"LINC01144" 8.67558565049881e-08 0.377031299878709 0.278 0.073 0.000260267569514964
"AC008277.1" 8.89792982583071e-08 2.16798835282421 0.329 0.054 0.000266937894774921
"PHACTR2P1" 1.08360082427933e-07 0.574939727470284 0.113 0.036 0.0003250802472838
"AL161421.1" 1.49976739780035e-07 1.91002107294366 0.329 0.087 0.000449930219340106
"AC104109.2" 2.23148169733942e-07 0.761942860364439 0.167 0.097 0.000669444509201825
"NDUFA4L2" 2.23807307216291e-07 3.79632556210565 0.34 0.143 0.000671421921648873
"HERPUD1" 2.34508915169734e-07 0.847994437096183 0.521 0.22 0.000703526745509201
"MEF2C-AS2" 2.36271602342245e-07 2.46653403055365 0.257 0.133 0.000708814807026736
"TSPYL2" 2.70501599042592e-07 3.65820714908404 0.347 0.178 0.000811504797127777
"AL357060.1" 2.80416105603942e-07 1.61197721532267 0.326 0.091 0.000841248316811827
"PKN2-AS1" 2.98194017317798e-07 0.605699091011807 0.271 0.169 0.000894582051953395
"NDST1-AS1" 3.02721326835389e-07 1.82609795202714 0.352 0.063 0.000908163980506168
"KCNH7" 3.12016225239165e-07 0.382833893756123 0.185 0.146 0.000936048675717495
"ADGRB3" 3.2864293372571e-07 1.2807959216046 0.444 0.211 0.000985928801177129
"AC016924.1" 3.59972606737996e-07 0.282469165256531 0.192 0.05 0.00107991782021399
"CYBA" 3.90338334283449e-07 1.04800004910034 0.213 0.035 0.00117101500285035
"IQGAP2" 4.96689750743684e-07 3.13961534521792 0.498 0.119 0.00149006925223105
"PAAF1" 5.35431688862481e-07 5.03106223420882 0.275 0.141 0.00160629506658744
"RPS19" 6.91977584866e-07 1.9401766605102 0.562 0.433 0.002075932754598
"ARRDC3" 1.27897126600901e-06 1.62486952944968 0.507 0.284 0.00383691379802704
"PROK2" 1.31428792642458e-06 2.04199710268974 0.336 0.031 0.00394286377927375
"TTR" 1.38207654714551e-06 1.27078641892989 0.208 0.099 0.00414622964143653
"AL445250.1" 1.81060215833348e-06 2.07254460790529 0.139 0.069 0.00543180647500045
"AL731569.1" 2.19491907803045e-06 0.689976555116692 0.329 0.083 0.00658475723409136
"AC092691.1" 2.33418289133542e-06 1.94699242921635 0.382 0.071 0.00700254867400627
"LGALS3" 2.82040043897512e-06 1.83215330207958 0.225 0.058 0.00846120131692537
"SUGCT" 3.1158870180342e-06 0.66503423103064 0.208 0.066 0.00934766105410259
"MSX1" 3.70553859457307e-06 1.05088609342236 0.324 0.107 0.0111166157837192
"SLC4A4" 3.74086354576557e-06 1.29240979698989 0.461 0.124 0.0112225906372967
"HIVEP2" 4.26814885704706e-06 2.4301376036168 0.148 0.146 0.0128044465711412
"AC096887.1" 4.94710334566297e-06 0.514659174781077 0.269 0.155 0.0148413100369889
"JPH3" 5.21694918952228e-06 1.39550359055682 0.231 0.179 0.0156508475685668
"AC064807.4" 5.4974764937125e-06 1.30369910764878 0.299 0.065 0.0164924294811375
"AC008894.2" 7.00002144387355e-06 1.18919010860863 0.148 0.055 0.0210000643316206
"AP001269.4" 1.12519160001475e-05 0.957276501317731 0.289 0.081 0.0337557480004425
"CXorf58" 1.30473890536288e-05 0.866762246376599 0.116 0.061 0.0391421671608865
"LRRC9" 1.53220643722456e-05 0.881935594613438 0.269 0.122 0.0459661931167367
"LINC01551" 1.53288130341658e-05 0.461174998877489 0.521 0.317 0.0459864391024975
"DDX21" 1.67811245566591e-05 2.64944217345308 0.384 0.218 0.0503433736699772
"AL591848.4" 1.85331166937734e-05 2.38076608720641 0.222 0.05 0.0555993500813201
"LRMDA" 1.89445303801419e-05 0.395913883078885 0.139 0.078 0.0568335911404256
"AC073610.3" 1.91743705185762e-05 0.260805404314418 0.236 0.098 0.0575231115557285
"SLC7A11" 1.99810375444767e-05 2.76364754126322 0.5 0.124 0.0599431126334302
"RXFP1" 2.17786403830341e-05 3.72140982981522 0.356 0.126 0.0653359211491023
"AL078639.1" 2.23661261397915e-05 1.62240146733904 0.35 0.391 0.0670983784193744
"PRX" 2.40056568293425e-05 0.651373124429002 0.359 0.023 0.0720169704880275
"ANXA1" 2.44440265310365e-05 2.59276613250868 0.315 0.057 0.0733320795931094
"AL353708.1" 2.54009812840756e-05 2.30773204629981 0.294 0.028 0.0762029438522269
"KCNC4" 2.93529090405579e-05 1.86875918208602 0.319 0.071 0.0880587271216737
"MET" 3.00539950687366e-05 0.459742902696002 0.37 0.097 0.0901619852062099
"BTG2" 3.04515355935881e-05 2.54705180596557 0.345 0.138 0.0913546067807643
"AC108062.1" 3.23088464321786e-05 1.10154728742754 0.259 0.086 0.0969265392965358
"AP001830.1" 5.27428199586418e-05 0.679119765298749 0.171 0.049 0.158228459875925
"NIM1K" 5.30495644196191e-05 2.02292020631825 0.343 0.119 0.159148693258857
"IQCH" 6.15536646042737e-05 1.88355573383421 0.28 0.071 0.184660993812821
"CATSPERE" 6.64074094013402e-05 1.21394759138272 0.301 0.101 0.19922222820402
"NPAS1" 6.65252756280374e-05 1.25022435896499 0.324 0.098 0.199575826884112
"MT1G" 7.09509556981805e-05 4.63561548299282 0.468 0.12 0.212852867094541
"GPNMB" 7.2529703705063e-05 3.21763004792386 0.236 0.11 0.217589111115189
"AL022341.1" 8.61615097806937e-05 1.24882673752821 0.299 0.023 0.258484529342081
"TRH" 8.6161541786392e-05 1.04329669636842 0.188 0.04 0.258484625359176
"AC092910.3" 9.26201149416315e-05 1.88139783494296 0.333 0.112 0.277860344824895
"PLAC8L1" 9.58932500287003e-05 1.73925978443383 0.192 0.085 0.287679750086101
"WFDC3" 0.000106256627611555 2.25745830480471 0.336 0.069 0.318769882834665
"AL162511.1" 0.000116586677199093 1.6350239421987 0.336 0.06 0.349760031597279
"ZBTB46" 0.000119954104434263 1.17518086367904 0.303 0.127 0.35986231330279
"AC067750.1" 0.000150474302915881 0.905442914250472 0.176 0.09 0.451422908747642
"HGF" 0.000156893724269022 1.0391375511564 0.306 0.053 0.470681172807067
"ZNF630" 0.000168577450269016 1.30577321395803 0.301 0.116 0.505732350807047
"CFAP126" 0.00017144211435786 0.312613815273977 0.1 0.032 0.51432634307358
"AKR1C3" 0.000184139982513769 2.80927158718526 0.338 0.068 0.552419947541306
"LINC01562" 0.000186753317310865 1.7367652237985 0.264 0.031 0.560259951932595
"ADRA1A" 0.000197762380424946 1.18111936410825 0.366 0.095 0.593287141274839
"SSH3" 0.000213891329930055 2.2871385992803 0.361 0.087 0.641673989790165
"AL354920.1" 0.000265740073223639 1.21552969610411 0.257 0.102 0.797220219670917
"CIART" 0.000311642368939585 1.61704997638624 0.424 0.129 0.934927106818756
"DACH1" 0.000337827725280447 5.0139375594208 0.481 0.105 1
"HSPD1P4" 0.000345158125219021 0.545995344641563 0.174 0.098 1
"FRG1HP" 0.000395224641588762 1.16633960272388 0.31 0.159 1
"AC102953.2" 0.000405882643002235 2.06227435413878 0.31 0.065 1
"SLCO1A2" 0.000434058092364679 0.8526343174023 0.308 0.061 1
"CHAC1" 0.000508649286414228 3.67429982732257 0.456 0.158 1
"ID3" 0.000516781637314773 0.551381479147778 0.19 0.117 1
"SPP1" 0.000521128518056246 0.814378949747915 0.266 0.046 1
"STPG2" 0.000860369328772993 1.60855146205985 0.373 0.09 1
"SYT9" 0.000995164401217764 1.75057638010506 0.248 0.043 1
"EGR1" 0.00101749609781208 2.56924581717106 0.213 0.15 1
"OSMR" 0.00108101196095792 1.97587177078229 0.264 0.046 1
"POU6F2-AS2" 0.00124658159841748 3.25840000258543 0.387 0.112 1
"LDHA" 0.00131163654627752 3.16452556236967 0.238 0.131 1
"OTX2" 0.00136774010174954 1.85146144451321 0.171 0.053 1
"CHRM5" 0.00197674728784491 0.509892970326129 0.12 0.058 1
"RYR2" 0.00213875816020256 1.21538911269788 0.299 0.112 1
"SDF2L1" 0.00215486407272868 2.9592058886125 0.218 0.126 1
"LINC01322" 0.00230776191459286 0.484448347061806 0.303 0.073 1
"NPW" 0.00243304077677747 0.984690260173197 0.31 0.072 1
"SORCS2" 0.00258939528995238 1.2920226751574 0.12 0.102 1
"IQCC" 0.00270331822936083 2.21945698115702 0.201 0.139 1
"GAS1" 0.00279681648358343 1.47003787372072 0.28 0.118 1
"AL158834.2" 0.00293803511830489 2.23572889214532 0.352 0.09 1
"ANGPTL4" 0.00307376249122681 5.4314986371962 0.391 0.132 1
"CALR" 0.00387888725825136 6.59852749346175 0.488 0.305 1
"TNFAIP3" 0.0039750372962594 0.810022027860098 0.28 0.078 1
"KCTD14" 0.00398147001488424 2.66486850247219 0.431 0.092 1
"LINC02268" 0.00411316013213255 2.60195033343649 0.398 0.094 1
"FN1" 0.00458565881509122 3.37212230360191 0.287 0.079 1
"HDAC9" 0.00482466314344341 6.43089136027637 0.421 0.16 1
"AC005822.1" 0.00633585824391879 4.31753617120303 0.317 0.088 1
"AL365361.1" 0.00651696985472008 1.96728323668279 0.352 0.124 1
"SDAD1P1" 0.00696942242785762 0.75400103074394 0.38 0.152 1
"BBC3" 0.00818206997129002 1.8687769263782 0.363 0.167 1
"CA2" 0.0090376856420897 1.51483498396699 0.403 0.067 1
"MAFB" 0.00956716088507527 0.638202384105192 0.375 0.152 1
"BHLHE41" 0.00966364238992656 3.82297704001512 0.282 0.048 1
"EYS" 0.00968067999370084 1.43194832417998 0.315 0.098 1
"ANKAR" 0.00988720951881658 1.52273246383602 0.176 0.13 1
"LOX" 0.010368006338101 1.98849700142184 0.391 0.062 1
"ID2" 0.011796470141188 1.8465185687338 0.44 0.351 1
"AP003049.2" 0.0133326680897085 1.07624491557629 0.333 0.078 1
"AC005520.5" 0.0156475262637852 1.42669325797513 0.292 0.096 1
"CGNL1" 0.01571478201043 2.34873833447511 0.255 0.059 1
"UNC5B" 0.0157928137245112 3.43168662460896 0.34 0.107 1
"AP002373.1" 0.016495969035032 3.34959398973316 0.289 0.057 1
"AL691403.1" 0.0167191798578954 1.27419922253719 0.4 0.147 1
"NOL3" 0.0185425117013356 4.84559033458849 0.419 0.105 1
"C1QTNF1" 0.0191455665586237 3.89872740352676 0.333 0.057 1
"ADRA1B" 0.0196677260817167 1.44442045155063 0.315 0.058 1
"ABCC2" 0.0200587118783391 1.45552773693738 0.282 0.077 1
"CA13" 0.0227587070351398 0.504358203647675 0.245 0.051 1
"AC051619.5" 0.023022598172876 1.85994871059292 0.389 0.09 1
"NANOS1" 0.0231981959010524 1.11095931449128 0.317 0.098 1
"ASCL1" 0.023295052568463 2.06913080530771 0.324 0.257 1
"LINC01980" 0.0246655293529065 1.7040311961901 0.234 0.119 1
"ZNF385C" 0.0253649138947893 0.744750273742719 0.271 0.067 1
"C4orf47" 0.0255932780973175 3.00604203333948 0.375 0.109 1
"DCT" 0.0275778148597753 2.57443217577161 0.167 0.096 1
"EDEM1" 0.028181351054542 2.4658305119698 0.315 0.093 1
"CDKN1A" 0.0291166398225913 2.28365365485569 0.475 0.139 1
"FAM110D" 0.0307826295341451 1.07452838754339 0.236 0.04 1
"PSMA1" 0.0310789498702693 2.10895724272904 0.301 0.141 1
"C1orf162" 0.0376828827503273 0.589227931324933 0.333 0.109 1
"MIR99AHG" 0.0401312335161336 2.43118126011468 0.354 0.23 1
"AC145422.1" 0.0430614479514737 2.01800307216626 0.222 0.05 1
"LINC01748" 0.0437051653206072 1.00800743823253 0.236 0.112 1
"AC007490.1" 0.0446838157507593 2.27712705656267 0.194 0.053 1
"AL139021.2" 0.0468218023843111 0.939999416845717 0.264 0.107 1
"MEGF6" 0.0468558288482631 1.08322390435097 0.352 0.043 1
"DCST1-AS1" 0.0474917037247115 1.99592004158213 0.243 0.023 1
"LINC00958" 0.0479509762447801 3.35667075317065 0.241 0.083 1
"AC100814.1" 0.0531294470132942 1.96906344223834 0.197 0.091 1
"ZFP36L2" 0.0545643484264592 5.50150223599313 0.468 0.126 1
"LINC02301" 0.0559389143884331 2.07342566170809 0.185 0.021 1
"FAM89A" 0.0575961145761489 0.962042111477158 0.259 0.076 1
"CPNE8" 0.0715854325609132 0.542998274362915 0.292 0.094 1
"LINC01435" 0.0798766796081501 1.99623990930471 0.398 0.063 1
"PPP1R3G" 0.0865576387933085 0.488144671953998 0.13 0.028 1
"SORCS3" 0.0933158107425642 1.27445153016269 0.28 0.129 1
"EIF4EBP1" 0.100833251485047 1.77826296616327 0.438 0.246 1
"FTH1" 0.105051514656315 2.57016375618616 0.435 0.431 1
"DNAJB9" 0.10810984550091 3.2700449663349 0.421 0.209 1
"CA3" 0.109175822444384 1.88821303569149 0.257 0.04 1
"PRTG" 0.115016356048304 2.71675781491277 0.234 0.045 1
"TBL1XR1-AS1" 0.123144097994901 1.15759341721543 0.192 0.045 1
"SENP7" 0.124221798601383 1.83258219496326 0.25 0.19 1
"NFKBIA" 0.135005453644786 2.07724923328826 0.28 0.189 1
"CLMN" 0.13511958741969 2.13101198807027 0.449 0.097 1
"AC010320.2" 0.166443996239017 0.642156011210533 0.225 0.068 1
"PKD1L2" 0.173470057218171 1.79463885504462 0.248 0.016 1
"SCNN1D" 0.173610707197108 1.2444501040183 0.222 0.073 1
"DPP4" 0.179013536083569 0.641415730912259 0.368 0.052 1
"GPC6" 0.185721024383353 1.42259335019604 0.451 0.123 1
"BSN-AS2" 0.193764375063802 1.60148309877103 0.391 0.087 1
"AC011921.1" 0.193930910242524 1.6568024315922 0.273 0.052 1
"AC025164.1" 0.197706019961809 0.529075267223638 0.315 0.145 1
"FILIP1" 0.210884184203488 1.78836165103916 0.308 0.079 1
"LINC02482" 0.21749826976709 2.12587399428585 0.264 0.162 1
"SNX24" 0.218629111738113 0.834846040033636 0.215 0.124 1
"GLT1D1" 0.229200600230761 1.33978376785596 0.227 0.072 1
"ZNF57" 0.229498399855758 1.51711036378137 0.243 0.102 1
"ZNF215" 0.232434584032465 1.22818338350856 0.326 0.125 1
"PPP1R42" 0.234154310457052 0.86866190753631 0.238 0.123 1
"AC098820.1" 0.235059001749911 0.676622652131943 0.306 0.065 1
"DUSP6" 0.236895079669875 0.857702884380023 0.067 0.124 1
"PRSS23" 0.263440531852633 1.8894796482336 0.35 0.127 1
"AC026979.2" 0.270475558752724 1.11963981528815 0.16 0.111 1
"MGAM" 0.289848759986007 1.13546095005968 0.13 0.039 1
"SPDYE18" 0.304110598977712 1.36945904969398 0.157 0.045 1
"ATG9B" 0.306722281649859 2.16691083043722 0.389 0.151 1
"TMEM45A" 0.308625392316267 3.09336849852108 0.424 0.116 1
"ESR1" 0.311827451429787 1.3621773732443 0.294 0.041 1
"PDIA4" 0.314039114129482 4.30106151427927 0.407 0.235 1
"LINC01521" 0.318505062025621 0.432750262653084 0.28 0.079 1
"ADGRE5" 0.329419510460346 2.05893617929226 0.324 0.019 1
"AL354872.2" 0.367649488151189 2.29862687584647 0.461 0.129 1
"AL109615.3" 0.375409836677541 2.54682338094556 0.417 0.136 1
"MIR210HG" 0.384215981432116 3.19038931110913 0.444 0.149 1
"FAM212B-AS1" 0.389062442259472 0.484367570848256 0.22 0.16 1
"TFEB" 0.420434629496519 1.68253161482793 0.451 0.129 1
"ADAP2" 0.453586256632537 2.19017606141502 0.375 0.081 1
"MAP3K15" 0.461596530600858 1.52881693300351 0.248 0.085 1
"GPC3" 0.475281003592866 1.22684444427306 0.174 0.079 1
"LMO2" 0.477736222307685 1.97507612278187 0.301 0.12 1
"STAG3L4" 0.482132699008517 1.16495340391874 0.194 0.131 1
"GCC2-AS1" 0.483737763788497 1.09580152630363 0.245 0.054 1
"PPDPFL" 0.487027586786503 7.74513389037101 0.424 0.214 1
"MYO15A" 0.505408008526867 3.36962126750118 0.329 0.034 1
"MASP1" 0.510671647938744 1.73356050097373 0.4 0.102 1
"AC092745.2" 0.516397791151464 0.765515738662922 0.169 0.043 1
"NAALADL2" 0.521263216038789 0.769843719736441 0.317 0.147 1
"MDM2" 0.522630584012555 4.81367605970367 0.465 0.264 1
"AKNA" 0.534816963948796 1.36476387944787 0.347 0.137 1
"DENND1C" 0.541783154452286 1.964745819549 0.442 0.112 1
"HK2" 0.57212738914772 1.16916908854923 0.468 0.186 1
"CBWD4P" 0.57542309141212 2.27941881208525 0.417 0.085 1
"GPC5" 0.580865560754224 1.95435916456307 0.356 0.104 1
"AC129102.1" 0.581342357848056 2.84108797719697 0.222 0.046 1
"CEBPB" 0.587345685487897 3.89926713972999 0.398 0.155 1
"KCNG1" 0.606277171629655 0.421206398929508 0.428 0.114 1
"EPS8L2" 0.609100917049147 1.62832464680653 0.377 0.117 1
"HES4" 0.611743185233905 1.80909321253599 0.447 0.246 1
"CLEC2L" 0.617578512653558 1.70314828662003 0.303 0.07 1
"AC116535.1" 0.62480074373581 0.426820868295792 0.296 0.147 1
"KPNA5" 0.628718364631914 2.7317939345342 0.266 0.219 1
"VTRNA1-1" 0.660868592080749 1.14951803698427 0.252 0.044 1
"AL645728.1" 0.668597025592816 1.23662431734294 0.271 0.106 1
"AC099791.2" 0.679796065653436 0.929343701417913 0.271 0.046 1
"MXRA8" 0.69076794265985 1.2433060391237 0.4 0.121 1
"AC091948.1" 0.743944257166125 1.19934687581577 0.299 0.135 1
"SYTL2" 0.748809002027992 4.39282563463133 0.394 0.123 1
"HIST2H2BE" 0.765845369863257 0.41649927685492 0.343 0.148 1
"TPRG1" 0.783797675722848 1.13699217102501 0.319 0.061 1
"AC025580.2" 0.827087255447972 1.96185403039533 0.227 0.055 1
"SETBP1" 0.829470836371463 1.28975164113301 0.294 0.263 1
"DNAJC3" 0.86169874357752 3.46052060207068 0.438 0.176 1
"VWC2L" 0.920961466864961 0.851667056157842 0.229 0.05 1
"NUPR1" 0.938530107229832 3.28000018892996 0.391 0.076 1
"USP49" 0.981634692783551 3.43360342774856 0.208 0.132 1
