"p_val" "avg_log2FC" "pct.1" "pct.2" "p_val_adj"
"CLU" 0 2.85020389702191 0.838 0.15 0
"PTN" 0 4.7145980816548 0.91 0.146 0
"PTPRZ1" 0 4.65017894636576 0.856 0.213 0
"PEA15" 0 6.53068733841977 0.913 0.17 0
"VIM" 0 2.50617130365197 0.93 0.19 0
"SFRP1" 0 4.41040538369963 0.936 0.204 0
"SLC1A3" 0 2.86900633786831 0.872 0.165 0
"GPM6B" 0 1.24006315038827 0.883 0.264 0
"FABP7" 2.06092509624806e-289 7.29295836759611 0.834 0.267 6.18277528874417e-286
"SPARC" 1.81122196856954e-270 5.66271243185991 0.799 0.123 5.43366590570862e-267
"C1orf61" 1.99053136353252e-262 3.48044590347389 0.862 0.308 5.97159409059756e-259
"TTYH1" 1.87057949466211e-261 1.54109340361293 0.817 0.173 5.61173848398634e-258
"HOPX" 1.41475540288784e-213 3.33163779376346 0.72 0.115 4.24426620866351e-210
"CDO1" 9.56959508581234e-212 3.54013841162197 0.78 0.223 2.8708785257437e-208
"ID4" 2.34613464463173e-195 3.08717628888435 0.744 0.265 7.0384039338952e-192
"HMGN3" 1.92813223285011e-183 2.5411080525483 0.756 0.339 5.78439669855035e-180
"CNN3" 1.46240499391301e-182 2.75869030709708 0.776 0.341 4.38721498173904e-179
"GLI3" 2.34566209980964e-175 5.18755964863049 0.684 0.109 7.03698629942891e-172
"LRRC3B" 1.50704796786562e-169 3.40482027263286 0.69 0.142 4.52114390359685e-166
"EZR" 2.5001880015123e-168 3.21312773122453 0.753 0.314 7.5005640045369e-165
"SOX9" 4.73068310637934e-167 0.705777431650153 0.768 0.302 1.4192049319138e-163
"HES1" 8.15329618830693e-159 1.1501905985268 0.686 0.123 2.44598885649208e-155
"HSPB1" 2.03357285826342e-156 1.70515403908305 0.723 0.229 6.10071857479027e-153
"FAM171B" 6.43625290629647e-150 5.63107966741073 0.723 0.321 1.93087587188894e-146
"SOX3" 1.60233243809844e-149 2.46874898132354 0.647 0.091 4.80699731429532e-146
"CD99" 3.95963977531365e-144 5.77130486962585 0.685 0.162 1.18789193259409e-140
"ATP1B2" 2.06189661867206e-142 4.19350045993585 0.657 0.146 6.18568985601619e-139
"PON2" 2.58268745458645e-140 2.20232379497902 0.64 0.117 7.74806236375935e-137
"ADGRV1" 4.36416043073839e-139 5.23259416410016 0.668 0.206 1.30924812922152e-135
"PSAT1" 6.31700495017123e-138 2.02955351044941 0.679 0.184 1.89510148505137e-134
"ARHGAP5" 6.76140521570914e-137 2.16225481743837 0.703 0.27 2.02842156471274e-133
"HMGCS1" 4.76581270182546e-131 1.84015695081486 0.655 0.297 1.42974381054764e-127
"LHX2" 3.93236952423534e-130 2.71271588047087 0.675 0.27 1.1797108572706e-126
"NFE2L2" 2.45803998162063e-126 1.23362241967492 0.625 0.145 7.3741199448619e-123
"ITGB8" 5.0935334663241e-125 5.14290294018284 0.667 0.195 1.52806003989723e-121
"GSTP1" 8.8435584428319e-121 1.3975500673427 0.719 0.373 2.65306753284957e-117
"NKAIN3" 1.96641913175663e-112 1.0838252116539 0.683 0.291 5.89925739526988e-109
"SCD" 4.61794128782344e-112 0.857810951397298 0.677 0.276 1.38538238634703e-108
"TMEM132B" 3.29156726819475e-110 6.64333591846928 0.586 0.109 9.87470180458424e-107
"SAT1" 9.06728768212746e-110 4.81794061617767 0.619 0.208 2.72018630463824e-106
"IQGAP2" 2.10749333989552e-109 2.14227469966261 0.605 0.092 6.32248001968656e-106
"FGFBP3" 8.72886877344813e-109 8.0878936696367 0.573 0.135 2.61866063203444e-105
"MT2A" 2.57052286580306e-108 1.67576842868876 0.616 0.142 7.71156859740919e-105
"MYO10" 1.86757989475445e-104 0.841544519578041 0.596 0.214 5.60273968426335e-101
"GPX3" 2.15619035676829e-102 3.93440716022266 0.577 0.06 6.46857107030488e-99
"AC092839.1" 2.35472943403135e-101 0.726277933413481 0.033 0.151 7.06418830209406e-98
"IL33" 1.33853029594497e-99 5.57236891972 0.571 0.068 4.01559088783492e-96
"TAGLN2" 8.88329941083119e-96 4.52115142079909 0.576 0.089 2.66498982324936e-92
"TCIM" 5.49660325964088e-93 3.33996297859604 0.547 0.079 1.64898097789226e-89
"CD63" 5.21173138102011e-92 2.0312262830375 0.675 0.312 1.56351941430603e-88
"HES4" 5.16825073123226e-89 1.63176617242794 0.62 0.22 1.55047521936968e-85
"ZBTB20-AS5" 4.93049592935082e-87 0.270767259100207 0.039 0.14 1.47914877880525e-83
"LHFPL6" 3.55462048882529e-75 0.695278899526535 0.074 0.168 1.06638614664759e-71
"NCAN" 1.02826522142605e-74 6.23802182551175 0.622 0.308 3.08479566427815e-71
"GAREM1" 1.05645355262077e-73 0.478761895350519 0.09 0.137 3.1693606578623e-70
"MSMO1" 6.74611692131205e-72 2.55218160851473 0.568 0.313 2.02383507639362e-68
"AC010320.3" 8.28782274368562e-71 0.336065793267588 0.04 0.109 2.48634682310569e-67
"AC114689.3" 2.33228400464825e-70 0.332042835133068 0.025 0.103 6.99685201394474e-67
"FABP5" 6.01359083011804e-69 4.91115725978055 0.565 0.225 1.80407724903541e-65
"AC104109.2" 9.21642692638544e-69 0.274627452034398 0.033 0.106 2.76492807791563e-65
"MOXD1" 1.9435234720094e-68 3.81394030504713 0.555 0.114 5.8305704160282e-65
"IFITM3" 7.18420603331433e-68 3.11739247303229 0.543 0.077 2.1552618099943e-64
"AC231533.1" 3.16695700000029e-67 1.41456808566421 0.02 0.103 9.50087100000087e-64
"NQO1" 1.65649001938315e-65 4.19308778163272 0.495 0.063 4.96947005814944e-62
"AC087500.1" 5.42827747010709e-65 0.888367841373379 0.061 0.168 1.62848324103213e-61
"CCND2" 9.69369458978023e-65 7.255558473672 0.624 0.354 2.90810837693407e-61
"PABPC5-AS1" 5.14965916332231e-64 0.819816388828754 0.026 0.116 1.54489774899669e-60
"FAM107A" 7.71045480797975e-64 2.44526141779249 0.534 0.096 2.31313644239392e-60
"LAMA2" 1.03091512551452e-63 1.02792591198306 0.092 0.107 3.09274537654357e-60
"AL160314.2" 1.36592428786577e-63 0.709787404463667 0.057 0.119 4.09777286359732e-60
"SGCG" 6.45457837021469e-63 0.908311342626035 0.065 0.101 1.93637351106441e-59
"GALNT10" 4.41217422224705e-62 0.547941673299771 0.019 0.136 1.32365226667411e-58
"ZFHX4" 2.53171115222143e-61 2.73992053076736 0.575 0.163 7.59513345666429e-58
"AGBL3" 2.73474673506568e-61 0.274253135850918 0.072 0.155 8.20424020519703e-58
"HIST1H2BE" 3.55486844744959e-61 0.343583093813001 0.062 0.167 1.06646053423488e-57
"ELOVL2-AS1" 4.39286225548337e-60 0.940270703304856 0.065 0.125 1.31785867664501e-56
"AC024361.2" 2.11014229892211e-59 1.00812186472523 0.075 0.111 6.33042689676633e-56
"MDK" 1.16433887269478e-58 2.64567246246606 0.583 0.24 3.49301661808434e-55
"DACH1" 8.71183453944637e-58 1.86552780702129 0.481 0.087 2.61355036183391e-54
"AC093677.2" 4.22979103420743e-57 0.842412108962666 0.06 0.107 1.26893731026223e-53
"AL158050.1" 7.22879662595869e-57 0.845551716554532 0.102 0.105 2.16863898778761e-53
"SRP54-AS1" 5.55815899417148e-56 0.423566408600722 0.052 0.152 1.66744769825144e-52
"ITM2C" 1.45426127201178e-55 0.583192027493265 0.525 0.142 4.36278381603535e-52
"EMP3" 1.54231318816789e-55 5.29099432191789 0.523 0.097 4.62693956450366e-52
"COL11A1" 2.05874072256006e-55 1.80379019798265 0.541 0.149 6.17622216768018e-52
"PLCB1" 5.11120940973239e-55 1.47762444286431 0.157 0.203 1.53336282291972e-51
"LINC00271" 8.55323416940728e-55 1.87956984364304 0.101 0.102 2.56597025082219e-51
"CHKB-AS1" 2.80757063543848e-53 0.417600323445498 0.056 0.117 8.42271190631543e-50
"NEAT1" 4.37702766967378e-53 0.684952209404937 0.055 0.153 1.31310830090214e-49
"ANXA3" 9.66934308971201e-53 2.12470486424226 0.105 0.051 2.9008029269136e-49
"LINC02568" 1.92396084828959e-52 2.68703974770155 0.101 0.072 5.77188254486877e-49
"C1QTNF4" 2.87443855558819e-52 0.259908705810966 0.037 0.141 8.62331566676456e-49
"AL136162.1" 2.95306806516769e-52 0.405401813651523 0.08 0.103 8.85920419550308e-49
"CPNE9" 4.85948718062667e-52 1.36327455585166 0.12 0.13 1.457846154188e-48
"IDI1" 6.3758786884178e-52 5.21861136939805 0.535 0.291 1.91276360652534e-48
"STPG2" 2.85835713567046e-51 0.302779044840554 0.072 0.105 8.57507140701137e-48
"AC022400.8" 5.89817338443939e-51 0.538567860878103 0.087 0.118 1.76945201533182e-47
"ATP1A2" 2.68403585833508e-50 3.12580932272637 0.497 0.081 8.05210757500525e-47
"FAR2" 7.2873253689336e-50 0.952114323306917 0.03 0.164 2.18619761068008e-46
"GNG5" 2.78452758236045e-49 1.04203188369446 0.589 0.321 8.35358274708136e-46
"AC004784.1" 3.59651186654262e-49 1.06273283093139 0.101 0.086 1.07895355996279e-45
"ERC2" 4.61464936131222e-49 0.313123135844871 0.045 0.154 1.38439480839366e-45
"HTRA1" 5.79405477695631e-48 0.768214810485746 0.497 0.099 1.73821643308689e-44
"LRRD1" 1.45152225596065e-47 0.644430899854031 0.09 0.125 4.35456676788196e-44
"PHLDA1" 1.66563052203089e-47 2.56010283789335 0.548 0.269 4.99689156609268e-44
"AL357673.1" 6.5069782394456e-47 0.90429221767498 0.054 0.132 1.95209347183368e-43
"TMEM45A" 1.12007604841955e-46 1.56427449565975 0.081 0.133 3.36022814525864e-43
"ZNF630" 1.59428928203836e-46 0.28413580335112 0.046 0.131 4.78286784611507e-43
"CEL" 2.81338497809059e-46 0.37748757278143 0.112 0.126 8.44015493427176e-43
"KALRN" 1.15791372294139e-45 3.58795522681044 0.107 0.197 3.47374116882416e-42
"TFPI" 4.60484695687555e-44 0.332478769495328 0.448 0.087 1.38145408706266e-40
"AL158058.1" 1.12909042950814e-43 0.336957770976218 0.087 0.1 3.38727128852442e-40
"CAPS" 1.20081316140343e-43 0.743083841167286 0.088 0.103 3.60243948421029e-40
"AC005306.1" 2.03861169648772e-43 0.299485797310599 0.098 0.139 6.11583508946315e-40
"PPP4R1-AS1" 1.53902220093142e-41 2.72791283648317 0.135 0.133 4.61706660279427e-38
"SCOC-AS1" 6.47782853865106e-41 0.812342373868665 0.082 0.117 1.94334856159532e-37
"CUTALP" 1.30199833848462e-40 0.311129504931895 0.042 0.105 3.90599501545385e-37
"PPM1F" 1.51792640323852e-40 0.975714474142917 0.043 0.158 4.55377920971555e-37
"EGR1" 5.30746935816808e-40 0.283955869387755 0.103 0.157 1.59224080745042e-36
"NEK8" 2.27426289858851e-39 1.91919299129806 0.111 0.058 6.82278869576553e-36
"AC011477.4" 5.75223888573754e-39 0.892348466945501 0.11 0.105 1.72567166572126e-35
"DDIT4L" 1.12085079885254e-38 2.16883140681753 0.062 0.12 3.36255239655761e-35
"AL133346.1" 1.50391750766556e-38 0.396362592187433 0.036 0.163 4.51175252299669e-35
"MSX1" 1.54017465174599e-38 1.22978729738318 0.079 0.12 4.62052395523796e-35
"AC021504.1" 1.97303616866223e-38 1.68015697277098 0.074 0.166 5.91910850598668e-35
"HIST1H2BG" 3.81769214554954e-38 0.527479673225534 0.146 0.211 1.14530764366486e-34
"HDX" 3.87944276470589e-38 2.32695108970974 0.078 0.141 1.16383282941177e-34
"DCT" 5.12966123949773e-38 1.22431354054991 0.083 0.101 1.53889837184932e-34
"SSH3" 1.6905022936961e-37 1.69546631722972 0.135 0.095 5.0715068810883e-34
"AC026471.4" 2.36638622869144e-37 1.28972464219044 0.09 0.132 7.09915868607432e-34
"NR2F1" 3.34621324328134e-37 0.31729602664229 0.538 0.344 1.0038639729844e-33
"FTL" 4.2098133934766e-37 3.08115608635774 0.564 0.392 1.26294401804298e-33
"CCDC92B" 9.32802565128108e-37 0.489439185784217 0.015 0.123 2.79840769538433e-33
"FAM181B" 1.20415058447162e-36 4.05345025768488 0.45 0.128 3.61245175341485e-33
"AC091178.1" 1.42959391822502e-36 0.327982724725395 0.056 0.125 4.28878175467505e-33
"AC005520.5" 4.55222235901636e-36 0.284217858937566 0.11 0.103 1.36566670770491e-32
"ERVMER61-1" 2.53932294552655e-35 1.19703964670303 0.124 0.094 7.61796883657965e-32
"AL035681.1" 2.56728589364008e-35 1.19545534668141 0.121 0.112 7.70185768092023e-32
"RUNX1" 3.93910154425555e-35 0.702653690623697 0.118 0.112 1.18173046327667e-31
"AC011444.1" 8.24866293490751e-35 0.96111770627687 0.055 0.105 2.47459888047225e-31
"ZNF57" 9.36921988676915e-35 0.566039124463266 0.085 0.11 2.81076596603075e-31
"KRT8" 1.04893057776027e-34 1.66946518059192 0.145 0.081 3.14679173328081e-31
"AL391069.2" 1.15075186151464e-34 0.813905778653702 0.101 0.039 3.45225558454392e-31
"LINC00943" 1.24860687513338e-34 4.86523867176386 0.459 0.055 3.74582062540015e-31
"STAG3L4" 1.41189314090553e-34 1.47753257850123 0.076 0.139 4.2356794227166e-31
"NFIA" 4.38806199006925e-34 0.261955659719373 0.568 0.383 1.31641859702078e-30
"SYNE2" 5.53445655591382e-34 0.455064631312266 0.538 0.367 1.66033696677415e-30
"AC051619.5" 6.60995615028408e-34 0.293507458682845 0.138 0.099 1.98298684508522e-30
"MYO1D" 6.74465359318618e-34 0.383823764927916 0.098 0.155 2.02339607795585e-30
"AC073342.1" 6.97195633530122e-34 0.649356707412856 0.121 0.135 2.09158690059037e-30
"AC023886.1" 8.69849431864584e-34 0.975637464736639 0.102 0.133 2.60954829559375e-30
"AC005837.1" 1.53567050865693e-33 1.03035120775797 0.126 0.11 4.6070115259708e-30
"LINC00174" 2.30730734791812e-33 0.695069654299003 0.087 0.18 6.92192204375437e-30
"AC012501.1" 6.73686972731948e-33 0.453264342162464 0.128 0.119 2.02106091819584e-29
"AL451070.1" 6.82349746521186e-33 1.77397426013648 0.112 0.041 2.04704923956356e-29
"LMNA" 1.06578512065274e-32 0.355445804019598 0.099 0.13 3.19735536195823e-29
"MAN1C1" 1.4084373068489e-32 1.44411641345354 0.119 0.096 4.22531192054671e-29
"CTSH" 1.93135708522265e-32 0.601200747719139 0.083 0.116 5.79407125566794e-29
"AC007570.1" 2.69860354160363e-32 1.42534595114234 0.1 0.04 8.0958106248109e-29
"LINC01012" 6.23497157915603e-32 0.88551563126016 0.105 0.133 1.87049147374681e-28
"AL139294.1" 6.36158543298088e-32 0.639598896748387 0.094 0.107 1.90847562989426e-28
"DPY19L2P1" 7.67641334233042e-32 0.834034723282524 0.087 0.146 2.30292400269913e-28
"RCAN2" 8.54343534926408e-32 0.486551378188 0.065 0.131 2.56303060477922e-28
"AC015912.3" 1.01718946390497e-31 0.956904813519708 0.123 0.112 3.05156839171491e-28
"RNF103-CHMP3" 6.30343568888125e-31 0.268709245826106 0.115 0.134 1.89103070666437e-27
"FBXO32" 6.45700904933766e-31 4.05011452070001 0.474 0.09 1.9371027148013e-27
"STXBP5-AS1" 3.07357642229002e-30 0.281480251703396 0.063 0.111 9.22072926687006e-27
"SULF1" 3.68237600303503e-30 1.12228980019478 0.117 0.072 1.10471280091051e-26
"AL354872.2" 4.09912100876831e-30 1.31157500597943 0.152 0.141 1.22973630263049e-26
"LINC00858" 4.30126836795557e-30 0.50374682648364 0.114 0.095 1.29038051038667e-26
"ESRRG" 4.83651100483915e-30 0.854000056040318 0.078 0.101 1.45095330145175e-26
"AL158834.2" 5.24274683928955e-30 0.991752195696801 0.129 0.098 1.57282405178687e-26
"DIRC3" 5.59106955450762e-30 1.04013192622126 0.105 0.146 1.67732086635229e-26
"AC021086.1" 1.38101681062249e-29 1.80949318245341 0.148 0.09 4.14305043186748e-26
"HIF1A-AS1" 1.83232326158188e-29 0.94854852090741 0.109 0.119 5.49696978474565e-26
"SLC17A8" 2.01077648941616e-29 0.66243665169447 0.106 0.149 6.03232946824848e-26
"RTN1" 2.25702565217438e-29 0.707363983545596 0.263 0.443 6.77107695652314e-26
"AC114877.1" 2.92971257936423e-29 1.63454948095806 0.126 0.048 8.7891377380927e-26
"GAS1RR" 3.48147296081e-29 0.954002494711721 0.127 0.073 1.044441888243e-25
"AKNA" 5.21551753314097e-29 0.456972968605742 0.103 0.149 1.56465525994229e-25
"MIR181A2HG" 6.0262923587725e-29 1.01312449648626 0.103 0.106 1.80788770763175e-25
"EPB41L4A-AS1" 6.26659944553221e-29 2.09618112061462 0.129 0.179 1.87997983365966e-25
"HSPD1P4" 9.0549836018631e-29 0.729875374884317 0.138 0.098 2.71649508055893e-25
"CD101" 1.28426097641725e-28 1.60083521756225 0.119 0.087 3.85278292925174e-25
"MIR210HG" 1.37150385757156e-28 1.08470508107731 0.142 0.163 4.11451157271468e-25
"C4orf22" 1.9658549057199e-28 2.86339302968674 0.138 0.06 5.89756471715971e-25
"AC022075.1" 2.25378359318033e-28 1.99333571120533 0.123 0.042 6.76135077954098e-25
"AL359955.1" 2.32889239478682e-28 0.402312863010657 0.126 0.138 6.98667718436047e-25
"FUT9" 2.88101727146265e-28 1.14364221176434 0.516 0.272 8.64305181438795e-25
"INSIG1" 3.19153747612448e-28 2.76455241015279 0.414 0.169 9.57461242837345e-25
"LINC01252" 4.50440605111398e-28 0.912098092715631 0.139 0.132 1.35132181533419e-24
"SPOCK1" 4.72378909576298e-28 0.529093308483228 0.107 0.164 1.4171367287289e-24
"AL139260.1" 4.9360763464877e-28 0.769864005388463 0.073 0.137 1.48082290394631e-24
"LINC00504" 5.22812283629121e-28 0.378553563546019 0.101 0.105 1.56843685088736e-24
"MT1G" 1.25255637867067e-27 1.95406738790711 0.153 0.132 3.757669136012e-24
"CXCL13" 1.3142076388342e-27 0.368582312545259 0.046 0.106 3.94262291650259e-24
"AC124248.1" 1.61634149465039e-27 2.32504572958405 0.147 0.079 4.84902448395118e-24
"AC023024.1" 2.00995343473466e-27 0.561023108356828 0.12 0.081 6.02986030420399e-24
"TOX2" 2.22975027038011e-27 0.323578503384713 0.063 0.137 6.68925081114032e-24
"LINC01424" 2.34575458888873e-27 1.72055244446408 0.119 0.114 7.03726376666618e-24
"INPP5D" 2.89947581866581e-27 1.33111965828736 0.08 0.146 8.69842745599742e-24
"AL136038.3" 2.96128275324666e-27 1.63822511843239 0.102 0.069 8.88384825973997e-24
"AC005842.1" 3.43525434528072e-27 1.53533340488829 0.109 0.089 1.03057630358422e-23
"MT1E" 3.52406098186507e-27 1.24559814370273 0.161 0.1 1.05721829455952e-23
"AC064807.4" 4.36729520656588e-27 1.16261780822044 0.109 0.072 1.31018856196976e-23
"INTU" 4.4810910562951e-27 1.65691762289438 0.444 0.147 1.34432731688853e-23
"MSTN" 4.49205562104216e-27 2.23883720677398 0.13 0.062 1.34761668631265e-23
"LINC00645" 5.79632064896333e-27 2.88078404405945 0.109 0.088 1.738896194689e-23
"CALM1" 5.91471143412415e-27 4.97348347429089 0.562 0.406 1.77441343023725e-23
"HCG23" 6.68911025282084e-27 0.545586670206381 0.096 0.128 2.00673307584625e-23
"AP002495.1" 8.58153843131407e-27 0.384850451621185 0.075 0.128 2.57446152939422e-23
"AP001065.1" 1.17773526042769e-26 1.24542597067027 0.039 0.108 3.53320578128307e-23
"CACNG3" 2.04417752971057e-26 1.04776181406171 0.116 0.064 6.13253258913172e-23
"LURAP1" 4.0571080193741e-26 2.76324271837379 0.124 0.054 1.21713240581223e-22
"CAVIN1" 4.19009451472472e-26 0.298374718862304 0.115 0.076 1.25702835441741e-22
"ATF3" 4.35785852871201e-26 1.13766493171756 0.114 0.162 1.3073575586136e-22
"AP001458.2" 6.95406054421278e-26 0.581947754986571 0.098 0.142 2.08621816326383e-22
"LIMA1" 8.08649116979387e-26 2.0874877481594 0.414 0.174 2.42594735093816e-22
"NRG1" 9.89892610717468e-26 2.94159393864046 0.463 0.109 2.9696778321524e-22
"RNF31" 1.0061645727096e-25 1.23648321564831 0.105 0.056 3.0184937181288e-22
"AC008050.1" 1.02195772187288e-25 0.631431019725737 0.118 0.091 3.06587316561865e-22
"AC004253.1" 2.4251506879914e-25 1.33294612221858 0.128 0.072 7.27545206397421e-22
"AL033504.1" 4.49085930078692e-25 1.76371505839879 0.145 0.066 1.34725779023608e-21
"AL135999.1" 9.92349589630562e-25 0.697574071541307 0.132 0.14 2.97704876889169e-21
"PHACTR2P1" 1.97545165374455e-24 0.545390739979164 0.105 0.033 5.92635496123366e-21
"RAB31" 2.15549358970178e-24 0.490101224798059 0.433 0.147 6.46648076910535e-21
"CFAP47" 2.31961385415282e-24 1.80075874139586 0.128 0.066 6.95884156245846e-21
"CFAP61" 3.31375828321587e-24 0.29480388814194 0.072 0.107 9.9412748496476e-21
"AL365275.1" 3.93843065650962e-24 0.716298574271564 0.125 0.113 1.18152919695288e-20
"NTNG1" 4.511534519523e-24 0.964440521289832 0.091 0.117 1.3534603558569e-20
"AC016705.2" 6.24592039718804e-24 1.69474411546207 0.071 0.146 1.87377611915641e-20
"SEMA6D" 8.05334164868559e-24 0.891692382744672 0.06 0.143 2.41600249460568e-20
"LINC01990" 1.86764837909044e-23 0.963915677472503 0.125 0.074 5.60294513727132e-20
"AGBL4" 2.51927811626442e-23 0.979084619164324 0.091 0.112 7.55783434879326e-20
"AL121761.1" 2.88125721815651e-23 0.865351497432242 0.123 0.123 8.64377165446952e-20
"LINC00958" 5.07402936782078e-23 2.02828939488847 0.1 0.088 1.52220881034623e-19
"CRISPLD2" 5.5216128941029e-23 1.22277410847638 0.125 0.103 1.65648386823087e-19
"LRMDA" 5.60807476089883e-23 0.39441630020951 0.114 0.077 1.68242242826965e-19
"EBF1" 6.52827408309512e-23 1.63721322762935 0.103 0.035 1.95848222492853e-19
"PPP1R42" 1.17891137929413e-22 1.52306824375748 0.151 0.125 3.53673413788239e-19
"C19orf38" 2.45843064497308e-22 0.931087877175161 0.13 0.113 7.37529193491924e-19
"AC093865.1" 3.45214678947502e-22 2.56803032965694 0.156 0.068 1.03564403684251e-18
"KCNAB1" 4.19806167606016e-22 0.777737632453837 0.082 0.102 1.25941850281805e-18
"AL162511.1" 5.60377810570528e-22 1.75051572715631 0.15 0.064 1.68113343171158e-18
"AL589935.1" 5.77061553369701e-22 1.79419946887739 0.107 0.022 1.7311846601091e-18
"SPP1" 5.90047409535259e-22 4.73631269287417 0.13 0.048 1.77014222860578e-18
"LRP1B" 8.78953650127686e-22 0.886126136855838 0.103 0.135 2.63686095038306e-18
"CROT" 1.13953552712056e-21 2.76555564215869 0.404 0.084 3.41860658136168e-18
"CREB5" 1.20685620591479e-21 1.91175708419818 0.472 0.135 3.62056861774438e-18
"CCL2" 2.57056488935959e-21 3.07432955886786 0.156 0.029 7.71169466807878e-18
"PLAC9" 2.59484446912404e-21 4.43641442799248 0.157 0.028 7.78453340737211e-18
"LSAMP" 3.03646270953711e-21 2.50737275544717 0.4 0.163 9.10938812861134e-18
"PMP2" 3.33880902645518e-21 1.44401997943718 0.348 0.127 1.00164270793655e-17
"ETV6" 3.77592419525664e-21 0.593930827900637 0.089 0.126 1.13277725857699e-17
"AF129075.2" 4.29594226142708e-21 0.781585226019036 0.109 0.031 1.28878267842812e-17
"AC011290.1" 4.87945912637921e-21 0.934728876891887 0.124 0.104 1.46383773791376e-17
"CA3-AS1" 5.50067103292861e-21 3.73022419310052 0.128 0.015 1.65020130987858e-17
"PLAC1" 6.07058670499429e-21 1.83105515829628 0.153 0.082 1.82117601149829e-17
"WNT3" 7.50652858365764e-21 1.04872713847996 0.102 0.086 2.25195857509729e-17
"AC005076.1" 1.60607396152989e-20 1.01636859991894 0.125 0.052 4.81822188458966e-17
"AC010547.1" 1.63790008184019e-20 0.569853613403678 0.115 0.068 4.91370024552057e-17
"TRMT9B" 1.83919148915686e-20 0.584788760850218 0.087 0.104 5.51757446747059e-17
"AL021707.1" 2.10502818121872e-20 0.597307067736322 0.133 0.09 6.31508454365616e-17
"B4GALT1-AS1" 2.51096969552942e-20 0.459932294211297 0.07 0.189 7.53290908658827e-17
"TMEM140" 2.94300135150314e-20 0.682837384367369 0.141 0.066 8.82900405450941e-17
"CCDC175" 3.08127363649566e-20 3.03996268884919 0.143 0.041 9.24382090948698e-17
"DDIT3" 5.34016979181687e-20 0.785686318966571 0.201 0.188 1.60205093754506e-16
"TRIB3" 6.58813172191028e-20 0.91303862024172 0.157 0.161 1.97643951657308e-16
"LINC00491" 8.24553736264501e-20 1.38922703527991 0.181 0.131 2.4736612087935e-16
"KIAA0586" 8.36483790139479e-20 3.87634896836646 0.117 0.168 2.50945137041844e-16
"TTN" 9.71231815465265e-20 1.01273471644421 0.116 0.117 2.9136954463958e-16
"DDIT4-AS1" 1.00256470095303e-19 0.738997448527764 0.109 0.102 3.0076941028591e-16
"UNC5B" 1.02898179584079e-19 0.470976929708289 0.099 0.118 3.08694538752237e-16
"AC117383.1" 1.32448054275082e-19 0.942817065747363 0.065 0.106 3.97344162825246e-16
"CYTH1" 1.35424341928212e-19 1.30547613255446 0.087 0.159 4.06273025784636e-16
"AL049869.3" 1.46308416789387e-19 0.555898633782808 0.111 0.056 4.38925250368162e-16
"MIPOL1" 1.52754564316977e-19 1.1869771272975 0.111 0.114 4.58263692950933e-16
"RANP4" 1.60647403340264e-19 0.549378397359629 0.136 0.053 4.81942210020793e-16
"SLCO1A2" 2.29285865902624e-19 1.51003057321639 0.132 0.066 6.87857597707873e-16
"AC083864.2" 2.32722688004646e-19 2.67854768878774 0.195 0.085 6.98168064013937e-16
"RPS2" 3.21702637160899e-19 1.16962986988191 0.537 0.424 9.65107911482696e-16
"MT-TE" 3.69038607631717e-19 0.744742846919717 0.535 0.388 1.10711582289515e-15
"TSHR" 4.4798342709982e-19 0.658877619337904 0.108 0.058 1.34395028129946e-15
"AL139011.2" 4.88547438041431e-19 1.81982148879598 0.166 0.07 1.46564231412429e-15
"CA13" 5.64725465288721e-19 1.16106749988631 0.119 0.054 1.69417639586616e-15
"COL23A1" 6.51667252530193e-19 1.16785477926861 0.126 0.034 1.95500175759058e-15
"PVT1" 6.58022595708265e-19 0.654494023526402 0.098 0.125 1.9740677871248e-15
"LINC00467" 6.63683278738135e-19 1.78093627886628 0.103 0.098 1.99104983621441e-15
"UBB" 6.71234490612112e-19 0.943600767317975 0.535 0.392 2.01370347183634e-15
"AL137077.2" 9.07910660157522e-19 0.924670070560266 0.115 0.111 2.72373198047256e-15
"RPS27L" 1.12087630794479e-18 0.285535478880351 0.51 0.343 3.36262892383438e-15
"AP002336.2" 2.01692355653459e-18 0.585630191871513 0.133 0.136 6.05077066960377e-15
"UBE2F-SCLY" 2.03163737681485e-18 0.307469698745074 0.085 0.102 6.09491213044456e-15
"AC084824.5" 2.31820124001001e-18 0.667762556293129 0.117 0.046 6.95460372003004e-15
"FHIT" 3.58407289942858e-18 0.425876216896286 0.108 0.133 1.07522186982857e-14
"ATF5" 3.7873637901199e-18 0.81349812706866 0.157 0.167 1.13620913703597e-14
"PLAT" 2.03253969711005e-17 7.98795623645829 0.397 0.039 6.09761909133014e-14
"SLC10A4" 3.27108010618408e-17 0.360161835472518 0.106 0.119 9.81324031855224e-14
"NKAPP1" 3.37772837082908e-17 1.17056143473352 0.121 0.077 1.01331851124872e-13
"AC099792.1" 4.87830294078886e-17 1.44777367252547 0.124 0.112 1.46349088223666e-13
"GMFG" 5.0076307345039e-17 1.58111926713936 0.121 0.057 1.50228922035117e-13
"IL1RAPL2" 6.38505364173489e-17 0.495129444805695 0.134 0.144 1.91551609252047e-13
"PRSS36" 6.94384367526561e-17 1.95404578306204 0.112 0.029 2.08315310257968e-13
"AC103591.3" 7.58442695591959e-17 2.50234148857366 0.112 0.054 2.27532808677588e-13
"CEP83-AS1" 1.27038645108425e-16 0.844795795922829 0.15 0.142 3.81115935325274e-13
"AP001172.1" 1.57329183980489e-16 0.582826281436002 0.143 0.11 4.71987551941467e-13
"PCDH9-AS1" 1.95562827401547e-16 0.62455446115273 0.114 0.029 5.86688482204641e-13
"LDHA" 3.00462363194969e-16 0.497856371174242 0.105 0.139 9.01387089584908e-13
"ADAMTS9" 3.1386525268022e-16 1.69162226312339 0.163 0.103 9.4159575804066e-13
"NMB" 3.16972828155213e-16 1.25772411282201 0.148 0.099 9.50918484465638e-13
"AC008277.1" 3.45354374262215e-16 2.36828114218588 0.128 0.06 1.03606312278664e-12
"AC010099.4" 5.95613737252494e-16 1.53123802239564 0.283 0.145 1.78684121175748e-12
"AC011462.1" 6.01598638638137e-16 2.03230083401861 0.118 0.032 1.80479591591441e-12
"PTH2R" 9.21088587143211e-16 4.1781834446242 0.211 0.077 2.76326576142963e-12
"MALAT1" 9.93877555210566e-16 2.1895963797558 0.548 0.394 2.9816326656317e-12
"PODNL1" 1.18255566529975e-15 0.537240367035675 0.128 0.033 3.54766699589926e-12
"AC103736.1" 1.28753819006232e-15 0.289658346358722 0.092 0.132 3.86261457018697e-12
"RPE65" 1.53265685114927e-15 1.31683001152024 0.105 0.073 4.5979705534478e-12
"SPATA5" 1.72002566991008e-15 1.40331921039983 0.099 0.108 5.16007700973023e-12
"PTGFR" 2.04526054650342e-15 0.990008183129646 0.1 0.031 6.13578163951025e-12
"PGF" 5.18086978068231e-15 1.61990824388626 0.152 0.193 1.55426093420469e-11
"SCUBE2" 5.55326058965997e-15 0.976241661947304 0.156 0.126 1.66597817689799e-11
"LINC01144" 6.03812312382678e-15 0.341383112156755 0.148 0.076 1.81143693714804e-11
"HGF" 9.32005838471304e-15 1.60084309050029 0.165 0.054 2.79601751541391e-11
"USP51" 9.68969741921978e-15 2.1073679853884 0.137 0.131 2.90690922576594e-11
"SPTY2D1OS" 1.14034436257396e-14 0.700303739784411 0.165 0.13 3.42103308772187e-11
"KLHL13" 1.41962923529199e-14 1.06077466565617 0.117 0.125 4.25888770587598e-11
"AOC2" 1.46255588035785e-14 0.389588626238728 0.127 0.074 4.38766764107356e-11
"AC025178.1" 1.86168770441712e-14 0.379613307456321 0.118 0.055 5.58506311325136e-11
"INTS6-AS1" 3.02300861314068e-14 0.455985268284142 0.126 0.063 9.06902583942205e-11
"OCLN" 3.62038678042846e-14 0.846863600283333 0.111 0.015 1.08611603412854e-10
"AP002989.1" 4.34387221054892e-14 2.63931284102271 0.17 0.071 1.30316166316468e-10
"AC091948.1" 4.88299724405118e-14 1.35154074585093 0.083 0.147 1.46489917321535e-10
"CBWD4P" 5.15957678628157e-14 0.729845751909567 0.18 0.091 1.54787303588447e-10
"LINC00632" 5.52716051880284e-14 0.735581174364601 0.11 0.133 1.65814815564085e-10
"PRRT3-AS1" 7.50663022448482e-14 0.953901837191975 0.101 0.065 2.25198906734545e-10
"CRH" 8.09667214397726e-14 1.20336915687988 0.172 0.051 2.42900164319318e-10
"AC132938.3" 1.19340077522964e-13 0.776026509477973 0.118 0.07 3.58020232568891e-10
"CDCA7L" 2.32664896969769e-13 4.35924252079761 0.391 0.139 6.97994690909307e-10
"AC091826.2" 2.4805358827262e-13 0.907831896493281 0.135 0.133 7.44160764817861e-10
"TH2LCRR" 3.27109638502591e-13 0.780566214358842 0.123 0.054 9.81328915507774e-10
"NELL1" 3.40929145486475e-13 0.698575814974264 0.175 0.126 1.02278743645942e-09
"AC005154.6" 4.57170999326728e-13 1.5607663971173 0.125 0.031 1.37151299798018e-09
"TTR" 5.41323549990816e-13 0.653796229227622 0.189 0.096 1.62397064997245e-09
"TNC" 5.6486632018931e-13 3.25375683231248 0.328 0.077 1.69459896056793e-09
"OTOF" 1.14305267531233e-12 2.11066177160555 0.199 0.07 3.42915802593699e-09
"C1QL1" 1.37680343485584e-12 3.43769659591034 0.369 0.07 4.13041030456751e-09
"SGO1-AS1" 1.4535069848991e-12 1.1050790142362 0.155 0.083 4.3605209546973e-09
"AC114803.1" 1.60388754142608e-12 0.868137772072952 0.136 0.167 4.81166262427824e-09
"STARD9" 1.96288546831075e-12 1.05328188295982 0.125 0.128 5.88865640493226e-09
"KCNA3" 2.0222750138623e-12 0.689986841752418 0.117 0.102 6.0668250415869e-09
"TMEM154" 2.14267375210056e-12 3.55423904235474 0.201 0.035 6.42802125630167e-09
"AL391121.1" 2.34728920963496e-12 0.85027214914046 0.112 0.076 7.04186762890488e-09
"SLC16A1-AS1" 3.41707903011525e-12 0.282409635844614 0.138 0.12 1.02512370903458e-08
"AC012313.2" 3.72399140332112e-12 1.56131214656495 0.123 0.028 1.11719742099634e-08
"GEM" 4.04514890163409e-12 3.35679628640818 0.18 0.058 1.21354467049023e-08
"RMST" 4.05789294272334e-12 0.554237674555482 0.093 0.126 1.217367882817e-08
"AL078581.3" 4.22661309161902e-12 0.814378330471241 0.134 0.063 1.26798392748571e-08
"AC053503.2" 6.49910982045902e-12 0.413404810107822 0.218 0.168 1.94973294613771e-08
"AC008040.5" 8.03017795316899e-12 1.95159156303598 0.138 0.031 2.4090533859507e-08
"MFSD2B" 1.02921505776201e-11 1.06723010174564 0.126 0.054 3.08764517328602e-08
"AC015802.6" 1.03028932019156e-11 1.73308198669384 0.13 0.083 3.09086796057468e-08
"CETN4P" 1.59738658290064e-11 1.52579600645865 0.174 0.095 4.79215974870191e-08
"CEP126" 1.61217430702347e-11 2.09187118776921 0.146 0.102 4.83652292107041e-08
"PKN2-AS1" 1.82007881029693e-11 0.334941391182552 0.156 0.175 5.46023643089078e-08
"TFEB" 2.51510656046454e-11 2.00650007993534 0.19 0.138 7.54531968139362e-08
"CAMTA1-DT" 2.69976861508619e-11 0.808002480236494 0.155 0.115 8.09930584525856e-08
"LINC01715" 2.89223618873977e-11 1.23967603436505 0.137 0.128 8.67670856621932e-08
"GATM" 3.02659586421278e-11 2.49255832854507 0.116 0.107 9.07978759263834e-08
"LSMEM1" 5.76976676175792e-11 1.05769586552668 0.13 0.079 1.73093002852738e-07
"CCDC7" 7.85233567896761e-11 0.339298102939809 0.097 0.141 2.35570070369028e-07
"SLC3A2" 8.53649843529339e-11 1.19717944437506 0.474 0.265 2.56094953058802e-07
"AL354920.1" 9.00807154128318e-11 0.312420428774871 0.144 0.105 2.70242146238495e-07
"AC008758.4" 1.05369416044975e-10 1.91687740919482 0.165 0.023 3.16108248134924e-07
"VGLL3" 1.17789062244467e-10 0.450994048102677 0.133 0.085 3.53367186733402e-07
"PURPL" 1.2442763258772e-10 0.812343815555801 0.11 0.135 3.73282897763161e-07
"LINC01004" 1.27877761245914e-10 0.40977398157646 0.121 0.145 3.83633283737742e-07
"TNFAIP8L3" 1.28393529415553e-10 0.532734192816541 0.111 0.104 3.85180588246658e-07
"AC091180.5" 1.44848005640752e-10 1.06986384104898 0.157 0.084 4.34544016922257e-07
"GREB1L" 1.65411673112841e-10 1.0822120462327 0.128 0.036 4.96235019338523e-07
"LINC02361" 1.6849327713882e-10 0.657001101243905 0.142 0.086 5.0547983141646e-07
"NPAS3" 1.82362666799699e-10 2.99634773099856 0.301 0.106 5.47088000399097e-07
"CA2" 1.84601686099335e-10 2.47990044266312 0.342 0.057 5.53805058298005e-07
"FAM181A-AS1" 2.1865231337308e-10 2.26350279689426 0.151 0.057 6.55956940119241e-07
"LRIG1" 2.28765709011999e-10 0.65399546535586 0.358 0.099 6.86297127035998e-07
"MADCAM1" 2.37230462880399e-10 0.491027656378366 0.106 0.143 7.11691388641198e-07
"NRTN" 2.52884626974314e-10 1.80108264569982 0.155 0.049 7.58653880922942e-07
"KCNQ5" 3.23232016405598e-10 0.660663123103143 0.102 0.084 9.69696049216795e-07
"NUPR1" 3.35317868939724e-10 2.75707100223446 0.165 0.082 1.00595360681917e-06
"SNX24" 4.32474820882126e-10 0.893322139658142 0.102 0.131 1.29742446264638e-06
"AC004852.2" 4.41375462426705e-10 1.05020643178539 0.114 0.123 1.32412638728012e-06
"AC109460.2" 4.61243924509444e-10 1.27511140816532 0.179 0.112 1.38373177352833e-06
"TGFB1" 6.53359728301397e-10 1.47548890641803 0.108 0.1 1.96007918490419e-06
"SGCD" 1.07255822738731e-09 1.84656680101791 0.186 0.12 3.21767468216194e-06
"AL359881.1" 1.20129222573426e-09 1.34166050806881 0.141 0.042 3.60387667720279e-06
"HELZ2" 1.77022595182755e-09 0.322565104368575 0.128 0.106 5.31067785548265e-06
"ADGRB3" 2.15247612173983e-09 0.902130902053862 0.384 0.206 6.45742836521949e-06
"SHMT2" 2.3774347615167e-09 1.86974180747999 0.251 0.168 7.13230428455009e-06
"APLF" 2.46057678775178e-09 1.21959882757829 0.129 0.074 7.38173036325535e-06
"AL442128.2" 3.12088331448746e-09 1.6161508432585 0.195 0.104 9.36264994346238e-06
"PLA2G10" 3.13384618225122e-09 1.60973632754665 0.211 0.074 9.40153854675365e-06
"SEPT1" 4.40328317888351e-09 0.414186316222406 0.169 0.161 1.32098495366505e-05
"ADGRE5" 7.19062649389597e-09 2.69377381820905 0.154 0.02 2.15718794816879e-05
"CAPN6" 7.28033376056138e-09 0.661303114035745 0.145 0.071 2.18410012816841e-05
"CEBPG" 9.59147711620353e-09 0.675340115890953 0.287 0.275 2.87744313486106e-05
"PROSER2" 1.1467575248764e-08 2.28444190961235 0.169 0.077 3.44027257462919e-05
"COL12A1" 1.2522128995846e-08 1.61795979642926 0.155 0.152 3.75663869875381e-05
"AC104333.3" 1.49947733590431e-08 1.09419213171757 0.126 0.174 4.49843200771292e-05
"RNF217-AS1" 1.90228711352969e-08 2.38172093154149 0.165 0.029 5.70686134058907e-05
"CDK18" 2.02686405571747e-08 0.363576229502289 0.183 0.153 6.08059216715241e-05
"AC008014.1" 2.97105515631512e-08 1.63880073122531 0.111 0.136 8.91316546894536e-05
"ZNF433-AS1" 3.26344005712768e-08 0.320087365561164 0.097 0.143 9.79032017138303e-05
"RNU2-63P" 3.33853621137302e-08 1.79671394028484 0.151 0.062 0.000100156086341191
"SEPT4-AS1" 4.0575528063004e-08 2.03686007946835 0.138 0.043 0.000121726584189012
"THSD7A" 4.22755788754884e-08 1.55242033863431 0.174 0.157 0.000126826736626465
"AC008741.1" 4.33537154812142e-08 1.97219620942335 0.166 0.034 0.000130061146443643
"C1QTNF1" 5.94076741572612e-08 2.43663925916323 0.169 0.06 0.000178223022471784
"AC010729.1" 5.96402501365584e-08 1.42897115783716 0.199 0.103 0.000178920750409675
"MIR34AHG" 7.38015073008095e-08 1.32139555462025 0.125 0.08 0.000221404521902429
"C8orf37-AS1" 8.45284067629825e-08 2.02449700758671 0.157 0.073 0.000253585220288947
"NECAB1" 1.02073086217719e-07 1.40171073531014 0.168 0.067 0.000306219258653157
"SQSTM1" 1.26536940597714e-07 4.02442873658123 0.426 0.208 0.000379610821793142
"GALNTL6" 1.35904721443303e-07 1.27424078284097 0.156 0.07 0.000407714164329909
"DM1-AS" 2.02549116454137e-07 1.60790386084777 0.181 0.065 0.000607647349362412
"WFDC2" 3.1499112235842e-07 1.21719969705884 0.179 0.091 0.00094497336707526
"ANXA2" 3.22729343386768e-07 1.29070653693854 0.166 0.066 0.000968188030160304
"TDRD12" 3.41206431849969e-07 1.35661163222555 0.135 0.035 0.00102361929554991
"LINC01798" 3.51358940066851e-07 1.82673440938967 0.195 0.062 0.00105407682020055
"MASP1" 3.6164839557337e-07 1.63345536872616 0.353 0.092 0.00108494518672011
"THAP9" 3.71877525994266e-07 0.910387560421871 0.136 0.097 0.0011156325779828
"ECHDC2" 3.97389784708752e-07 1.26353144254629 0.199 0.084 0.00119216935412626
"AC003682.1" 4.30732265114789e-07 1.48757881689408 0.187 0.093 0.00129219679534437
"HSPA1B" 4.60833424455016e-07 1.33614118596049 0.162 0.146 0.00138250027336505
"AC124944.3" 4.9886884014412e-07 1.74780387733036 0.225 0.098 0.00149660652043236
"LINC01980" 7.20969133185111e-07 0.9936455405483 0.099 0.126 0.00216290739955533
"FRY-AS1" 8.9522933283918e-07 1.8574266306383 0.127 0.031 0.00268568799851754
"H1F0" 1.17441333917586e-06 0.319733850434156 0.251 0.266 0.00352324001752758
"BNC2" 1.19193371802822e-06 1.20394813920679 0.139 0.113 0.00357580115408465
"AC025887.2" 2.46161307475056e-06 1.35505061990007 0.134 0.191 0.00738483922425168
"SLC11A1" 2.92292483255491e-06 1.94751242030527 0.216 0.064 0.00876877449766473
"AC105020.6" 3.5614452706745e-06 1.11299910779325 0.169 0.059 0.0106843358120235
"LGALS3" 3.75842070442504e-06 4.96324458770358 0.211 0.052 0.0112752621132751
"NPY" 4.02630487596882e-06 2.24815901807527 0.285 0.127 0.0120789146279065
"CDKN1A" 4.12310334587047e-06 1.67348676159326 0.188 0.15 0.0123693100376114
"AC121342.1" 4.2161644090941e-06 1.90486493571215 0.163 0.067 0.0126484932272823
"HES5" 5.07934827926011e-06 2.58860447603282 0.381 0.088 0.0152380448377803
"RNVU1-19" 5.61209874573925e-06 1.48513834758396 0.177 0.101 0.0168362962372178
"AKR1E2" 1.20145085759381e-05 1.04709719324445 0.128 0.081 0.0360435257278144
"SELENON" 1.30336741879703e-05 0.608047477866943 0.134 0.103 0.039101022563911
"ARF4-AS1" 1.57010288212988e-05 0.891574182061049 0.151 0.088 0.0471030864638965
"AC005520.2" 1.83464522715932e-05 3.44986751460527 0.189 0.016 0.0550393568147796
"AC092691.1" 2.12443893318535e-05 1.11444439577601 0.159 0.077 0.0637331679955606
"NES" 2.39755093580936e-05 4.32275115424102 0.39 0.196 0.0719265280742809
"AL359198.1" 2.80324787166688e-05 2.12558503668983 0.189 0.076 0.0840974361500064
"PCTP" 2.83327373614132e-05 2.25119365377429 0.182 0.094 0.0849982120842396
"LINC01521" 3.45084917425666e-05 0.685245935562298 0.142 0.082 0.1035254752277
"FAM21EP" 4.35131020460537e-05 0.767160816324248 0.15 0.078 0.130539306138161
"RCAN3" 5.08353418349055e-05 0.376128854033499 0.148 0.109 0.152506025504716
"DANT2" 5.26894686983095e-05 0.614939914571917 0.138 0.1 0.158068406094928
"KCNG1" 5.62758173290637e-05 1.2378075780336 0.307 0.111 0.168827451987191
"AK4" 5.91790676688817e-05 2.83466615257126 0.233 0.17 0.177537203006645
"SHC1" 6.21478030027916e-05 0.656323654626856 0.205 0.06 0.186443409008375
"SLC7A11" 6.53526302147624e-05 0.69245028399485 0.24 0.131 0.196057890644287
"RGR" 7.82328022355605e-05 2.09293398898918 0.18 0.058 0.234698406706681
"RPLP1" 7.98887216698726e-05 0.732169678676715 0.494 0.439 0.239666165009618
"TUBB2B" 0.000121524043464142 0.748328150579118 0.388 0.439 0.364572130392426
"AP001830.1" 0.000192753931422688 2.20191161818398 0.184 0.042 0.578261794268065
"FGF14" 0.000259647869395124 2.08767119763834 0.213 0.08 0.778943608185372
"TAF4B" 0.000275307651761929 1.86806577038719 0.148 0.051 0.825922955285788
"PRUNE2" 0.000377101742526999 0.513037833006583 0.199 0.09 1
"SYNPO2" 0.000422332803495048 1.59534505212724 0.179 0.032 1
"SNHG22" 0.000495374719578374 1.96403369040534 0.156 0.07 1
"GYPC" 0.000581771649512988 1.56205044353772 0.182 0.1 1
"SORCS1" 0.000644146405370009 0.911414191532947 0.162 0.109 1
"PSRC1" 0.00081752750862475 1.11688987689698 0.217 0.096 1
"AC011978.2" 0.000894290611212469 2.51634660559573 0.178 0.038 1
"TUBA4A" 0.00107204320931679 1.61396016218125 0.197 0.104 1
"FTH1" 0.00110416587232329 3.33682006417411 0.382 0.436 1
"ATAD2" 0.00170611291162989 2.22886405101511 0.272 0.133 1
"CD44" 0.00172457895534992 3.01053209644839 0.175 0.021 1
"RGCC" 0.00202149042131413 0.595307816310092 0.227 0.052 1
"UBE2R2-AS1" 0.00213749738479797 0.97059733077082 0.162 0.061 1
"POLD3" 0.00235394367888945 3.55449213845139 0.222 0.129 1
"CCDC170" 0.00476728378005159 1.77264340524515 0.195 0.026 1
"UTRN" 0.00695393430540508 2.03738665977342 0.226 0.098 1
"ABCA12" 0.00799247042353651 0.658682821961953 0.208 0.095 1
"P2RY1" 0.00883899342055505 4.74120494489517 0.261 0.068 1
"PRSS55" 0.0112827469190394 1.05409020686072 0.139 0.037 1
"GDF15" 0.0122931694419422 1.78852250204984 0.162 0.134 1
"RGS6" 0.0155528896559453 0.767854015973553 0.261 0.106 1
"TICAM1" 0.0167091591431473 1.59931917573428 0.208 0.06 1
"SPRY4" 0.0172147231605617 0.532939358768495 0.168 0.102 1
"AC099669.1" 0.0209162731298997 0.877229454552166 0.135 0.118 1
"WWC2" 0.0214310972144687 1.85131949389826 0.274 0.096 1
"AC087521.2" 0.0216042625131386 0.372114971880228 0.135 0.092 1
"LINC01965" 0.0252939211036757 2.16982462068492 0.314 0.089 1
"GADD45B" 0.0296200724638034 0.548405219184687 0.187 0.119 1
"HS3ST4" 0.0315355943669172 1.1646359836346 0.207 0.072 1
"PPP1R14A" 0.0327292228183623 1.11943045155252 0.207 0.09 1
"AC107214.2" 0.051767834317398 0.856186797311192 0.227 0.047 1
"ARID5B" 0.0530430335638533 1.50720651607047 0.281 0.12 1
"GPC6" 0.0531437871958409 1.77387796521078 0.321 0.12 1
"AKR1C3" 0.0544377608430936 3.994630363387 0.231 0.065 1
"BNIP3" 0.0550725908472579 1.20255020168532 0.384 0.327 1
"AL589740.1" 0.0678435410331631 3.44185840404637 0.328 0.139 1
"GRIN2D" 0.068778240907958 0.56601298027949 0.219 0.11 1
"SUMO2P1" 0.0777202779030918 0.710311529128413 0.168 0.056 1
"RPS19" 0.0830934266917492 0.525990713874148 0.47 0.435 1
"CHST9" 0.0883262265073261 1.03521313489599 0.235 0.063 1
"ANXA1" 0.0924782526504356 3.10232344131571 0.245 0.051 1
"MDM2" 0.0946014534002377 2.87761851503723 0.393 0.261 1
"STK17A" 0.11616446804947 2.4497490962964 0.306 0.092 1
"ESF1" 0.132213120249746 5.96055096838813 0.294 0.216 1
"MT-ND4" 0.145975832807843 0.261620469725192 0.462 0.446 1
"AL645728.1" 0.162044643914555 2.44284040326342 0.191 0.106 1
"PHEX" 0.200529513074427 1.97659454678478 0.208 0.067 1
"OR7E14P" 0.212346048996619 2.03449635727322 0.202 0.054 1
"TMEM97" 0.229964176256117 0.961873188597415 0.339 0.223 1
"SFRP2" 0.290358422950598 1.93078982138556 0.281 0.061 1
"CTNNA3" 0.34653063119402 0.908958749995627 0.189 0.129 1
"AC040169.1" 0.352232280440637 1.27587932649722 0.253 0.125 1
"KIF26B" 0.373783153619368 1.34006985379194 0.276 0.108 1
"SLC38A6" 0.397707910876032 0.856845652679171 0.196 0.112 1
"DOCK2" 0.439885749703513 1.61033354059023 0.286 0.307 1
"LIX1" 0.524354078834355 0.837415087679779 0.268 0.059 1
"MIR99AHG" 0.530116954819098 2.16633154671374 0.372 0.223 1
"AGBL1" 0.54157019660214 2.51048835222384 0.162 0.021 1
"ZNF81" 0.591913296633932 3.01970286858271 0.197 0.135 1
"PRKG1" 0.634246353910575 3.08969918282691 0.267 0.114 1
"RASAL2-AS1" 0.708263814282955 0.46318077372965 0.189 0.144 1
"AL161421.1" 0.717815877448724 0.285059844634633 0.224 0.086 1
"EEA1" 0.725402039546635 2.21344648944731 0.269 0.192 1
"PPM1H" 0.729810533920214 0.79673107690342 0.235 0.101 1
"EGF" 0.744224375452063 2.55842168058299 0.252 0.158 1
"MT3" 0.792010816888338 0.781332075565782 0.288 0.1 1
"ELP6" 0.963032406335223 3.24311129914275 0.168 0.122 1
"KCNH7" 0.994974988454593 0.896560699696447 0.244 0.138 1
