"p_val" "avg_log2FC" "pct.1" "pct.2" "p_val_adj"
"DLX6-AS1" 0 3.65320770794034 0.957 0.193 0
"SCGN" 0 2.26066235677734 0.791 0.188 0
"CALB2" 0 1.87452978558176 0.587 0.156 0
"DLX5" 0 1.98611860595202 0.69 0.186 0
"DLX1" 0 1.93044965489272 0.732 0.221 0
"SOX4" 0 1.93265562017291 0.903 0.431 0
"DCLK2" 0 2.96618797320679 0.778 0.271 0
"DCX" 1.26349600567178e-298 1.91047317632321 0.882 0.431 3.79048801701535e-295
"ST8SIA5" 3.09441597318409e-282 1.94516306550852 0.58 0.129 9.28324791955227e-279
"AC006994.2" 1.14762783227074e-276 0.308283119168276 0.33 0.061 3.44288349681222e-273
"COL25A1" 8.05252293690516e-272 2.44733053966146 0.422 0.079 2.41575688107155e-268
"PLS3" 2.98847461987808e-266 1.45033137355619 0.734 0.223 8.96542385963424e-263
"SYS1-DBNDD2" 6.91863142399787e-266 0.955106724048179 0.232 0.026 2.07558942719936e-262
"SLAIN1" 6.00982775896005e-264 3.30796488154815 0.685 0.277 1.80294832768802e-260
"SP9" 2.2217827283167e-260 1.94341292905561 0.574 0.162 6.66534818495011e-257
"PROX1" 1.03120011818513e-252 3.78164045839298 0.509 0.098 3.09360035455538e-249
"SH2D6" 1.06282722048506e-250 1.28291300496968 0.361 0.081 3.18848166145517e-247
"AC092143.2" 3.1035354691248e-250 0.494790770792131 0.416 0.12 9.31060640737439e-247
"PDZRN3" 9.57578022855486e-247 0.577696502319757 0.606 0.179 2.87273406856646e-243
"IL1RAPL2" 1.23688924757799e-244 3.39357359016334 0.464 0.095 3.71066774273398e-241
"AC004805.1" 6.27164312724849e-238 1.58843198551185 0.192 0.034 1.88149293817455e-234
"ABCC2" 2.30593933307236e-237 1.77371333233279 0.269 0.058 6.91781799921707e-234
"LINC02363" 1.026437501975e-234 0.583370101502249 0.165 0.031 3.07931250592499e-231
"AL137005.1" 5.59930737543401e-233 1.57484202385209 0.152 0.033 1.6797922126302e-229
"BTG1" 3.66121261878742e-230 0.958947201338227 0.762 0.349 1.09836378563623e-226
"ARX" 1.92808680678778e-229 4.64391488287223 0.578 0.2 5.78426042036333e-226
"AC008056.1" 2.38428099056365e-228 1.49657975438284 0.159 0.053 7.15284297169096e-225
"UCP3" 1.27222082907765e-227 1.80207892609671 0.164 0.051 3.81666248723294e-224
"LINC02487" 1.55846713672444e-227 3.17831432542669 0.447 0.087 4.67540141017333e-224
"AC092839.1" 2.68844138212282e-227 1.11190524841798 0.386 0.103 8.06532414636846e-224
"CPLX1" 9.05560339795311e-225 2.70081561271632 0.4 0.104 2.71668101938593e-221
"LINC02196" 2.02268696421027e-221 0.767628821624164 0.103 0.033 6.06806089263082e-218
"AC011912.1" 8.30511102818009e-221 0.761587786293894 0.268 0.05 2.49153330845403e-217
"CDH22" 4.98212328530616e-220 1.47269782899168 0.177 0.046 1.49463698559185e-216
"LINC01934" 1.00087066109244e-218 1.14209533624988 0.253 0.031 3.00261198327731e-215
"AC025283.3" 1.5243684588946e-218 0.479464666022244 0.284 0.091 4.57310537668381e-215
"TCAF1P1" 1.05305267078464e-216 0.830978332995743 0.206 0.07 3.15915801235392e-213
"LINC00862" 1.13468916892614e-215 1.76295913151337 0.162 0.053 3.40406750677843e-212
"LINC01170" 1.25607269348946e-213 0.742917219730522 0.315 0.114 3.76821808046839e-210
"CCDC88A" 1.30639841876569e-213 2.75328047203082 0.739 0.342 3.91919525629707e-210
"AC011477.3" 1.53119595020911e-212 1.36772267807369 0.147 0.048 4.59358785062732e-209
"DPY19L2P3" 1.59214646233509e-209 1.01342825471956 0.316 0.099 4.77643938700526e-206
"AC092329.3" 1.03887930668639e-207 1.15927509012262 0.251 0.072 3.11663792005917e-204
"TMEM81" 1.63742265134979e-206 1.4395285748936 0.283 0.086 4.91226795404937e-203
"SP8" 2.75702219837267e-205 2.05023002798783 0.494 0.15 8.27106659511801e-202
"PARM1" 1.40184425272298e-204 1.44901321247634 0.367 0.091 4.20553275816895e-201
"AC024901.1" 5.73618104882703e-203 0.675297630895457 0.183 0.047 1.72085431464811e-199
"AC078795.2" 1.34161688301265e-202 0.956063963090198 0.163 0.058 4.02485064903794e-199
"AC133552.1" 1.04928296723319e-201 0.872311097108023 0.177 0.028 3.14784890169957e-198
"AC005306.1" 2.80454078840242e-200 0.555685387431772 0.319 0.108 8.41362236520727e-197
"CPNE6" 6.87779256321987e-199 1.65738403404409 0.214 0.071 2.06333776896596e-195
"AC018462.1" 4.12168678110802e-198 1.6078253941081 0.155 0.034 1.23650603433241e-194
"MAP3K20-AS1" 5.80675360602558e-198 0.952552838692093 0.312 0.082 1.74202608180767e-194
"AP001160.1" 2.77342444350249e-197 1.44087972524313 0.26 0.095 8.32027333050746e-194
"ANP32BP1" 3.11466640821633e-197 0.969783970259648 0.219 0.066 9.34399922464899e-194
"AC124248.1" 1.71806613910897e-193 0.460347880194357 0.141 0.076 5.15419841732691e-190
"AC110774.1" 2.37932927015614e-192 1.6665861838392 0.337 0.079 7.13798781046842e-189
"NAPA-AS1" 3.32851381372578e-192 0.825110627479186 0.272 0.098 9.98554144117733e-189
"ANKLE1" 1.3116119676147e-191 1.29793986637264 0.258 0.088 3.93483590284409e-188
"AC022167.4" 3.57237260080607e-191 1.06511369904961 0.232 0.034 1.07171178024182e-187
"AQP1" 9.2922191354461e-190 2.58343414257915 0.361 0.082 2.78766574063383e-186
"AC008277.1" 9.50730070847191e-190 0.345028828684999 0.189 0.047 2.85219021254157e-186
"CD96" 3.13191258517459e-189 0.842133903200933 0.108 0.051 9.39573775552378e-186
"FAM78A" 4.56157091615959e-189 1.42842906090152 0.161 0.049 1.36847127484788e-185
"AC025211.1" 6.15831119299612e-188 2.5242030771122 0.222 0.08 1.84749335789884e-184
"AL358937.1" 1.98702863269165e-187 0.709569645131106 0.173 0.062 5.96108589807496e-184
"KCNQ1" 3.31690841845148e-186 0.474998697114628 0.249 0.089 9.95072525535443e-183
"ETS1" 6.43951557842609e-186 1.99267616092248 0.346 0.08 1.93185467352783e-182
"CLEC19A" 4.01186441128455e-185 2.21859643333768 0.339 0.061 1.20355932338536e-181
"AC080162.1" 8.49139154823736e-184 0.524893373384149 0.186 0.043 2.54741746447121e-180
"AOAH" 9.61183792997082e-184 0.438574766904933 0.229 0.095 2.88355137899125e-180
"AC004784.1" 2.30207127476135e-183 1.83664997090828 0.121 0.082 6.90621382428405e-180
"AC093901.1" 1.10966877889631e-182 0.252914930974233 0.141 0.073 3.32900633668893e-179
"HTR1E" 3.12067822486875e-181 0.324416364031398 0.16 0.064 9.36203467460626e-178
"RNU5E-1" 7.44516057151667e-181 0.789397181247583 0.38 0.146 2.233548171455e-177
"AC092100.1" 8.09173065266347e-181 1.46369663044541 0.192 0.092 2.42751919579904e-177
"AMBN" 1.20936919923113e-180 1.516325426904 0.416 0.1 3.62810759769338e-177
"EPB41L4B" 2.73375826664914e-180 0.477629868948195 0.214 0.081 8.20127479994743e-177
"ABCB5" 3.84137388953403e-180 1.07039513135301 0.106 0.033 1.15241216686021e-176
"TDH" 8.42694504326686e-180 0.91374739426591 0.151 0.041 2.52808351298006e-176
"RPP25" 5.04219591087716e-179 3.60392760799026 0.417 0.133 1.51265877326315e-175
"ZBTB16" 1.11453695501842e-178 4.6742986106187 0.439 0.096 3.34361086505527e-175
"SOX2-OT" 2.36214475134509e-178 1.47466633025789 0.633 0.262 7.08643425403528e-175
"RUNX1" 1.20219974062596e-177 0.7329591760149 0.258 0.091 3.60659922187789e-174
"AC231981.1" 1.06730770579102e-176 1.48588992387663 0.193 0.066 3.20192311737305e-173
"LINC01415" 1.68987390323497e-176 2.05363518473566 0.38 0.116 5.06962170970491e-173
"AC025178.1" 9.21379918506324e-174 1.07536051034226 0.161 0.046 2.76413975551897e-170
"AL034417.4" 4.73847763219856e-173 0.652235440897806 0.12 0.067 1.42154328965957e-169
"AC005329.1" 2.23399963702525e-172 0.863737499596526 0.215 0.072 6.70199891107576e-169
"EYA1" 1.67411795580936e-171 0.993687514643002 0.219 0.071 5.02235386742807e-168
"AC009226.1" 3.78263483856266e-171 0.839045553593476 0.162 0.05 1.1347904515688e-167
"TOX3" 1.19931211215096e-170 2.64001123543127 0.572 0.266 3.59793633645287e-167
"SEMA3F-AS1" 4.88324548105035e-170 1.82927126666406 0.129 0.022 1.4649736443151e-166
"TDRG1" 1.77958286235303e-166 2.7013659830661 0.18 0.049 5.33874858705908e-163
"AC103810.1" 2.1531859414276e-166 0.934964166712767 0.113 0.063 6.4595578242828e-163
"DNAH2" 8.56431170535469e-166 1.60602046951659 0.147 0.094 2.56929351160641e-162
"ERVMER61-1" 1.04042329579805e-165 0.969320274686917 0.162 0.086 3.12126988739415e-162
"SHBG" 9.25714855501662e-165 1.0708954047557 0.361 0.133 2.77714456650498e-161
"SEMA3D" 3.3322188266324e-164 0.693228813229277 0.136 0.051 9.99665647989721e-161
"AC067750.1" 5.09512617432987e-164 0.290757931262867 0.187 0.08 1.52853785229896e-160
"TCF4" 5.71427041327975e-163 1.75303688421237 0.732 0.387 1.71428112398393e-159
"SSTR1" 1.25018232472754e-162 0.849943514762689 0.131 0.044 3.75054697418262e-159
"ALK" 7.96727953231254e-162 0.306082546781907 0.271 0.073 2.39018385969376e-158
"AP003049.2" 3.55579094285731e-160 0.378508054176201 0.144 0.08 1.06673728285719e-156
"REP15" 2.08934548462098e-159 0.7052548151111 0.181 0.116 6.26803645386294e-156
"CPS1" 1.7744768576556e-158 0.763471380108761 0.105 0.043 5.32343057296681e-155
"KLHDC8A" 2.42997735613032e-158 3.54970619823932 0.452 0.146 7.28993206839096e-155
"RGN" 1.77455497964939e-157 3.5958957191739 0.392 0.078 5.32366493894816e-154
"TMEM123" 4.13061829155687e-157 3.16580548053034 0.623 0.282 1.23918548746706e-153
"DDX3P1" 6.56941789298752e-157 2.56683257194962 0.14 0.073 1.97082536789626e-153
"LGR5" 6.59279682709438e-157 0.737551172036726 0.166 0.097 1.97783904812831e-153
"PDE5A" 1.85339506886913e-156 1.98562421733215 0.263 0.093 5.56018520660739e-153
"KCNA5" 3.70173117764632e-156 2.87855556244518 0.251 0.056 1.1105193532939e-152
"SYNPR" 2.51746495256461e-155 2.41022034139329 0.355 0.086 7.55239485769383e-152
"PDZRN4" 1.034432485899e-154 2.05405161021005 0.387 0.129 3.103297457697e-151
"AC006480.2" 3.02625807009622e-154 0.73023228646815 0.187 0.114 9.07877421028867e-151
"AL160313.1" 1.21592025694757e-153 1.69894295574778 0.292 0.088 3.64776077084271e-150
"CHODL" 2.43048628301539e-153 1.40805639061705 0.124 0.067 7.29145884904616e-150
"LINC00487" 6.1271671236268e-153 0.857180661929661 0.237 0.105 1.83815013708804e-149
"RND3" 9.68852240830212e-151 1.34787054667051 0.613 0.295 2.90655672249064e-147
"LY6G6C" 5.56385164186151e-150 0.686127627472349 0.146 0.08 1.66915549255845e-146
"CTNNA3" 9.26764764548213e-150 1.31542863665246 0.317 0.106 2.78029429364464e-146
"AES" 7.86182649358224e-149 3.38305165825865 0.698 0.363 2.35854794807467e-145
"FER1L5" 1.70766310375596e-148 0.557859074979985 0.193 0.096 5.12298931126787e-145
"AL157871.4" 2.9273626323883e-148 1.63697902849342 0.116 0.02 8.7820878971649e-145
"ACVR1C" 1.13078639570113e-147 2.29386136718074 0.294 0.127 3.39235918710338e-144
"AP001269.4" 1.72818250639926e-146 0.523835044339579 0.177 0.076 5.18454751919779e-143
"ZNF804B" 1.63404377184482e-145 0.988788822940325 0.126 0.067 4.90213131553447e-142
"MLLT11" 5.70021469427707e-145 1.67662191515568 0.732 0.423 1.71006440828312e-141
"GRASP" 7.14364438160784e-145 2.31363048504123 0.223 0.039 2.14309331448235e-141
"ONECUT2" 1.72197725940943e-144 0.436467953940275 0.413 0.162 5.16593177822829e-141
"AC092171.3" 7.22498877290218e-144 0.495237667566949 0.308 0.124 2.16749663187065e-140
"COLEC11" 1.26659530448958e-143 0.272012556060435 0.131 0.053 3.79978591346874e-140
"CXCR4" 1.36272683351489e-143 1.11237392414109 0.339 0.133 4.08818050054468e-140
"TGFBR3L" 2.8598501609217e-143 1.07192183735232 0.227 0.066 8.57955048276511e-140
"AL139412.1" 5.20299324617081e-140 1.23532252622502 0.242 0.13 1.56089797385124e-136
"AP001453.2" 1.1095832925729e-139 0.683668904449792 0.294 0.112 3.32874987771871e-136
"LINC01305" 1.04745499074707e-138 1.79809113413719 0.34 0.079 3.1423649722412e-135
"AC092614.1" 2.59594046783811e-138 1.8065485946979 0.216 0.057 7.78782140351432e-135
"AP001468.1" 2.0583525987929e-137 1.01682057853259 0.164 0.105 6.1750577963787e-134
"SHROOM4" 2.57795463553312e-136 1.2028087857011 0.139 0.039 7.73386390659937e-133
"TBC1D32" 6.50202950297323e-136 0.838553515142994 0.325 0.13 1.95060885089197e-132
"GOLGA6L10" 8.95730660608738e-136 1.54244372051263 0.104 0.092 2.68719198182621e-132
"PCBP3" 9.48912895274669e-136 2.31773254287205 0.359 0.097 2.84673868582401e-132
"ELOVL2-AS1" 1.13540322312684e-135 0.918794754603535 0.237 0.102 3.40620966938052e-132
"PRKCA" 1.71465252278613e-135 2.20212617736807 0.495 0.233 5.1439575683584e-132
"AC012618.3" 3.65886260924573e-135 0.337896386746548 0.199 0.071 1.09765878277372e-131
"AL049749.1" 4.3865920795347e-135 0.748302739302757 0.104 0.061 1.31597762386041e-131
"LINC02134" 5.92883095480324e-135 1.89345319073288 0.245 0.066 1.77864928644097e-131
"TTN" 1.0191569738893e-134 0.962434433366418 0.195 0.105 3.0574709216679e-131
"GPD1" 1.45245163399898e-134 1.54139635450399 0.41 0.08 4.35735490199693e-131
"LINC01235" 6.14324805513135e-134 1.23173704042254 0.193 0.11 1.8429744165394e-130
"AL590004.4" 1.17912337690393e-133 3.25320182707592 0.34 0.041 3.53737013071179e-130
"SEPT5" 1.38388724230077e-133 2.09763480175656 0.269 0.106 4.15166172690231e-130
"PLCH2" 1.29688813312701e-132 0.53751315197823 0.259 0.095 3.89066439938103e-129
"NBAT1" 1.04844594181699e-131 1.10376526320546 0.231 0.126 3.14533782545097e-128
"PKN2-AS1" 1.79176913088007e-131 0.835745363945685 0.3 0.154 5.3753073926402e-128
"FAR2" 2.0670802950671e-131 0.877868831265337 0.244 0.138 6.2012408852013e-128
"ANKAR" 4.83274248489692e-131 1.30511075081799 0.283 0.11 1.44982274546908e-127
"PSMA1" 2.67784247245501e-129 1.48668782793137 0.302 0.124 8.03352741736502e-126
"GRIP2" 2.70940541863515e-128 2.47222021921296 0.341 0.092 8.12821625590545e-125
"MYO1B" 1.04470683166936e-127 1.30234096841851 0.293 0.124 3.13412049500808e-124
"PKD2L2" 6.32674104464714e-127 0.613734701815833 0.154 0.076 1.89802231339414e-123
"AC024940.2" 4.16636826691485e-126 1.55683219357083 0.299 0.098 1.24991048007446e-122
"ZNF354A" 8.84488556924412e-126 1.09337693347225 0.366 0.166 2.65346567077324e-122
"KCNH5" 7.75730704957281e-125 1.32585584229997 0.224 0.104 2.32719211487184e-121
"GADD45B" 8.67546927404975e-125 0.832503105607659 0.304 0.097 2.60264078221492e-121
"AGAP2-AS1" 2.70258478084375e-124 1.74333571586286 0.31 0.112 8.10775434253124e-121
"C11orf42" 4.10263080479911e-124 0.643244339415551 0.176 0.056 1.23078924143973e-120
"WNT9A" 1.01044516618945e-123 1.14319094931282 0.172 0.095 3.03133549856834e-120
"KIAA1211" 1.5773403796243e-123 3.33845069471427 0.537 0.295 4.73202113887289e-120
"BRINP1" 1.77394162283781e-123 2.14611702963907 0.387 0.095 5.32182486851343e-120
"AC008555.5" 5.87177084470716e-123 1.52483963953204 0.126 0.068 1.76153125341215e-119
"SDK2" 7.42577768074169e-123 2.21013636886162 0.364 0.114 2.22773330422251e-119
"SOCS3" 2.68489263169424e-122 1.88520710711473 0.214 0.045 8.05467789508273e-119
"PROX1-AS1" 3.32276063016693e-122 2.11658515711684 0.317 0.075 9.9682818905008e-119
"ZNF385D" 1.619709849512e-121 0.41719430462863 0.263 0.117 4.85912954853601e-118
"AC069257.3" 3.71924587733624e-121 0.739182936592197 0.117 0.089 1.11577376320087e-117
"LINC01818" 1.82263671917077e-120 1.98840388075197 0.303 0.065 5.4679101575123e-117
"AC093227.2" 3.80809438583413e-120 0.649041728589525 0.251 0.092 1.14242831575024e-116
"SYT17" 5.03707622906903e-119 2.50800534695503 0.344 0.107 1.51112286872071e-115
"AC008894.3" 1.23827813523643e-118 0.742605544106103 0.247 0.117 3.71483440570928e-115
"ARHGAP15" 2.6690491305997e-118 1.24468700393302 0.192 0.076 8.0071473917991e-115
"SLC10A4" 3.0384272812103e-116 2.2009027363973 0.155 0.112 9.11528184363089e-113
"TMSB10" 1.85872040029605e-115 0.596317667071512 0.767 0.458 5.57616120088815e-112
"AL672277.1" 3.24281481389957e-115 1.02111832062311 0.201 0.051 9.72844444169871e-112
"FGF22" 4.32811524957798e-115 0.42108914663757 0.215 0.066 1.29843457487339e-111
"FO393418.1" 8.29719458614516e-115 1.27769720813032 0.145 0.069 2.48915837584355e-111
"MYO1D" 3.10700806416417e-114 1.06054950335423 0.321 0.124 9.3210241924925e-111
"ETV4" 8.27271826666783e-114 1.04016584448571 0.17 0.075 2.48181548000035e-110
"AP001107.1" 1.95748291314442e-113 1.87206023496257 0.19 0.085 5.87244873943327e-110
"ARAP3" 5.50364376164196e-113 1.27368814214527 0.273 0.121 1.65109312849259e-109
"AP001458.2" 1.37160258862624e-112 1.50973558395543 0.204 0.128 4.11480776587873e-109
"GRIP1" 1.22544302289369e-111 0.847606039906999 0.312 0.128 3.67632906868107e-108
"PINLYP" 1.55290231751705e-111 2.22552305759022 0.159 0.081 4.65870695255116e-108
"AC110285.2" 1.75175589635818e-111 1.4541847668934 0.226 0.082 5.25526768907454e-108
"CALN1" 3.25053230456041e-111 0.775842565523662 0.135 0.091 9.75159691368124e-108
"DIRAS3" 4.90527749734398e-111 2.01402029734 0.325 0.096 1.4715832492032e-107
"AC114689.3" 1.86238634382858e-110 0.291897233875032 0.112 0.094 5.58715903148573e-107
"ACRBP" 3.01965986370389e-110 1.07475530201149 0.141 0.077 9.05897959111166e-107
"MCUB" 8.403997354883e-110 2.8605914897849 0.425 0.214 2.5211992064649e-106
"EPHA6" 8.52140049607663e-110 0.6184341835217 0.178 0.099 2.55642014882299e-106
"HCN2" 7.75306853438612e-109 1.75586387233698 0.177 0.088 2.32592056031584e-105
"LINC02223" 4.11662290510138e-108 2.05624729035913 0.214 0.073 1.23498687153041e-104
"PPP1R1A" 7.42131304746411e-108 2.78370100355911 0.28 0.104 2.22639391423923e-104
"TIMM23B" 4.49481133576871e-107 1.58420498432155 0.198 0.13 1.34844340073061e-103
"SRRM4" 4.88183004805204e-107 6.45408184968684 0.388 0.243 1.46454901441561e-103
"RFTN1" 1.09493853997852e-106 1.79268992137612 0.323 0.128 3.28481561993558e-103
"SLIT1" 1.12271101567923e-106 1.81760863926189 0.316 0.138 3.36813304703769e-103
"LINC02282" 3.37878493758546e-106 0.458620565859235 0.154 0.098 1.01363548127564e-102
"CDK18" 6.89987392073548e-106 1.0749274260159 0.282 0.137 2.06996217622065e-102
"LINC00639" 2.36889893850598e-104 2.61536038376083 0.19 0.084 7.10669681551793e-101
"FP325335.1" 9.39280729997221e-103 1.89488319284668 0.281 0.103 2.81784218999166e-99
"PDCD6IPP2" 2.04365652984282e-102 0.852141947038881 0.216 0.114 6.13096958952846e-99
"NTN4" 2.56993460905667e-102 1.00262523275301 0.311 0.103 7.70980382717002e-99
"DOK3" 3.62068607539712e-102 1.26218749655667 0.211 0.092 1.08620582261914e-98
"SNORD3A" 9.22096472112328e-102 2.4586552158743 0.317 0.132 2.76628941633699e-98
"AC055813.1" 4.04247646655711e-100 1.29740275134131 0.194 0.061 1.21274293996713e-96
"AC012313.5" 4.34584424550466e-100 1.47057233651947 0.107 0.05 1.3037532736514e-96
"ZEB2" 7.65077480963901e-100 2.54980225870735 0.571 0.294 2.2952324428917e-96
"ADAMTS4" 9.74781316673498e-100 2.79512039691594 0.199 0.067 2.92434395002049e-96
"CRMP1" 1.40925535709721e-99 1.18378384447222 0.66 0.404 4.22776607129162e-96
"KCNQ1OT1" 6.46173698684502e-99 1.48573403240389 0.275 0.131 1.9385210960535e-95
"AC245297.1" 7.01288623719559e-99 2.86899865016587 0.356 0.11 2.10386587115868e-95
"LINC01971" 7.4236781444356e-99 0.78835785244668 0.227 0.086 2.22710344333068e-95
"AC009053.1" 2.39058988576811e-98 0.684450449570061 0.118 0.101 7.17176965730434e-95
"AL031963.3" 2.80088232554525e-98 1.26374925886918 0.303 0.116 8.40264697663575e-95
"SZT2" 1.5423072570635e-97 1.68697553524866 0.302 0.127 4.62692177119051e-94
"CX3CL1" 4.50300247287513e-97 1.84143455788812 0.271 0.067 1.35090074186254e-93
"SYTL3" 6.025142284998e-97 1.16126671868738 0.255 0.117 1.8075426854994e-93
"WFDC2" 9.2361720191327e-97 0.33832847383897 0.076 0.102 2.77085160573981e-93
"LINC01456" 2.61046280570667e-96 0.416518421945417 0.248 0.145 7.83138841712001e-93
"CHRNA7" 2.97989521601859e-96 0.805312276688507 0.111 0.066 8.93968564805577e-93
"ADAM19" 3.73031338680028e-96 2.01714720361609 0.277 0.096 1.11909401604008e-92
"KITLG" 5.81768699552782e-96 2.52132415382011 0.361 0.121 1.74530609865835e-92
"SH2B3" 7.44838265494088e-96 1.05391558615606 0.185 0.108 2.23451479648226e-92
"SLC32A1" 4.54769926258044e-95 1.92123046674309 0.339 0.109 1.36430977877413e-91
"NNMT" 4.76537553772125e-95 1.72166634784641 0.201 0.054 1.42961266131637e-91
"NREP" 5.58898114375441e-95 0.443473073831602 0.67 0.412 1.67669434312632e-91
"Z93241.1" 6.2498225684159e-95 0.613748930451653 0.11 0.108 1.87494677052477e-91
"CNTN5" 6.9940993154582e-95 0.250420269179003 0.159 0.123 2.09822979463746e-91
"SELENON" 8.88571033628329e-95 0.687390971696582 0.079 0.11 2.66571310088499e-91
"AC012636.1" 1.22608170142257e-94 1.44716020414736 0.113 0.06 3.67824510426772e-91
"SPOCK3" 1.73182682774962e-94 0.880220102325181 0.144 0.067 5.19548048324886e-91
"SCG3" 2.92666831621752e-94 1.08090899028952 0.6 0.373 8.78000494865256e-91
"AC099522.2" 3.57983606001418e-94 0.936077225087594 0.114 0.109 1.07395081800425e-90
"HIST1H2BE" 3.74340677870962e-94 0.421362050442305 0.293 0.138 1.12302203361288e-90
"AL365361.1" 3.54375012809153e-93 1.61322205211545 0.284 0.111 1.06312503842746e-89
"AC017053.1" 9.78080247567084e-93 2.13204731769462 0.288 0.105 2.93424074270125e-89
"CMAHP" 1.56735686023634e-92 0.602433105495338 0.143 0.113 4.70207058070901e-89
"AC012368.1" 1.9423567396292e-92 2.57308765211738 0.277 0.101 5.82707021888761e-89
"MMP2" 2.5149623604413e-92 2.21100000321492 0.39 0.087 7.5448870813239e-89
"AP003086.2" 3.30606480624643e-92 0.641325319346636 0.171 0.121 9.91819441873928e-89
"ANKRD18CP" 8.94073711153249e-92 1.52885416291825 0.203 0.131 2.68222113345975e-88
"EFCAB5" 3.54450444068759e-91 1.83304933391348 0.243 0.107 1.06335133220628e-87
"NRXN3" 8.55169251470413e-91 2.0339137482404 0.315 0.135 2.56550775441124e-87
"AL445433.2" 1.68763893344894e-90 0.308361236985707 0.045 0.101 5.06291680034681e-87
"AC087564.1" 2.03226474007722e-90 0.821111970564766 0.211 0.102 6.09679422023166e-87
"KIAA1024" 3.78655455691883e-90 0.671116983720653 0.188 0.073 1.13596636707565e-86
"CCDC3" 4.31057863541385e-90 0.284949783841583 0.209 0.117 1.29317359062415e-86
"AC244517.11" 5.45919631531174e-90 1.8342896754396 0.251 0.062 1.63775889459352e-86
"AC022893.1" 8.37434166253928e-90 1.12970455999942 0.224 0.121 2.51230249876178e-86
"MADCAM1" 9.8881697123422e-90 0.579187670995752 0.227 0.126 2.96645091370266e-86
"PTCH2" 4.67816537961979e-89 1.02349850532018 0.25 0.142 1.40344961388594e-85
"FAM212B-AS1" 5.38911584114339e-89 2.66647662190428 0.343 0.135 1.61673475234302e-85
"CLSTN2" 6.12098950021155e-89 1.80135240988147 0.325 0.144 1.83629685006346e-85
"CEL" 7.67037579950589e-87 1.39514060468138 0.087 0.131 2.30111273985177e-83
"AC006030.1" 8.56368368734294e-87 0.987576740127187 0.101 0.085 2.56910510620288e-83
"DYNC1I1" 2.8711722889178e-86 2.43287257287413 0.323 0.133 8.61351686675339e-83
"AC245140.2" 8.30060972333843e-86 0.735122694414036 0.224 0.114 2.49018291700153e-82
"DPP10" 9.46930916653544e-86 0.490492832757912 0.201 0.117 2.84079274996063e-82
"ZEB2-AS1" 1.12698223209243e-85 0.648883810391247 0.255 0.124 3.38094669627728e-82
"AL450326.1" 1.4078493765227e-85 0.486054532846664 0.035 0.104 4.22354812956811e-82
"NAALADL2" 1.11494769942225e-84 0.707232109249643 0.212 0.145 3.34484309826674e-81
"AC021504.1" 2.26255678458171e-84 0.593110939007286 0.316 0.135 6.78767035374513e-81
"STXBP5-AS1" 2.60314133472287e-84 0.517891414715155 0.101 0.108 7.80942400416862e-81
"AC024560.3" 5.46284796499178e-84 0.422869774237645 0.144 0.143 1.63885438949753e-80
"DNAJC5B" 7.24774301509936e-84 0.490395737902215 0.236 0.123 2.17432290452981e-80
"AC023157.3" 8.19478066381222e-84 0.411397990922628 0.098 0.116 2.45843419914367e-80
"AC132807.2" 1.17382327510666e-83 1.43631741603051 0.152 0.107 3.52146982531999e-80
"SEPT1" 1.39476374939919e-83 1.02137749915161 0.261 0.146 4.18429124819756e-80
"AC099792.1" 1.40274822676371e-83 2.18452960638981 0.213 0.098 4.20824468029114e-80
"FHDC1" 5.68371065464858e-83 0.382532909483551 0.041 0.102 1.70511319639457e-79
"INA" 9.26572679741667e-83 2.92859621432931 0.553 0.354 2.779718039225e-79
"FBXL19-AS1" 9.94017913301008e-83 0.639809803777588 0.076 0.102 2.98205373990302e-79
"LINC00174" 2.44656980986455e-82 1.36395350757469 0.259 0.159 7.33970942959364e-79
"HIST1H2BG" 2.79079968914083e-82 0.539098413221029 0.31 0.19 8.37239906742248e-79
"AFDN" 5.21486588241495e-82 1.23542899056159 0.515 0.345 1.56445976472448e-78
"KCNJ2-AS1" 7.26322950499549e-82 1.17600978381671 0.141 0.082 2.17896885149865e-78
"AL021453.1" 8.23301829063199e-82 2.83581845675095 0.244 0.151 2.4699054871896e-78
"COL9A3" 1.97880902878322e-81 0.634642198655436 0.208 0.127 5.93642708634967e-78
"NOMO2" 4.21708192220592e-81 0.28751653625587 0.006 0.102 1.26512457666178e-77
"DAPK1" 9.00733643329924e-81 1.37761142123781 0.312 0.156 2.70220092998977e-77
"AC103736.1" 1.37534717004869e-80 1.15717784545916 0.289 0.104 4.12604151014608e-77
"AC005562.1" 1.33774325266371e-79 0.567155695641754 0.13 0.122 4.01322975799114e-76
"CALCB" 2.06532774448042e-79 0.45447291958798 0.099 0.106 6.19598323344127e-76
"AP002336.2" 2.40988249122685e-79 0.438698194904159 0.244 0.12 7.22964747368054e-76
"HCG23" 5.68336495630705e-79 0.605202798850639 0.183 0.117 1.70500948689211e-75
"MTSS1" 9.80949101982353e-79 1.90406619162851 0.517 0.332 2.94284730594706e-75
"MATN4" 1.21932391950567e-78 0.849061501479595 0.084 0.132 3.65797175851702e-75
"AC025048.2" 1.64888348266869e-78 2.03977733702576 0.289 0.126 4.94665044800608e-75
"ALPL" 3.46556640112426e-78 2.31725994139088 0.286 0.068 1.03966992033728e-74
"AC002310.4" 3.51721473115866e-78 1.15352778990823 0.121 0.092 1.0551644193476e-74
"DSCAML1" 4.52489988561161e-78 2.83981168938017 0.328 0.124 1.35746996568348e-74
"ZCWPW1" 5.7471571226895e-78 1.35626985227215 0.22 0.12 1.72414713680685e-74
"ADAMTS17" 1.31592086018411e-77 0.547019980133632 0.043 0.115 3.94776258055234e-74
"TIGD3" 1.43004684668995e-77 2.60586564481206 0.167 0.074 4.29014054006985e-74
"MAFK" 1.62844756032946e-77 0.480151220920229 0.156 0.116 4.88534268098839e-74
"PCSK5" 3.23654954518466e-77 0.413393634206797 0.105 0.076 9.70964863555397e-74
"MIR7-3HG" 3.54182867390557e-77 3.2068379459301 0.306 0.105 1.06254860217167e-73
"LINC01105" 4.6179719265799e-77 0.759500769129389 0.196 0.107 1.38539157797397e-73
"AC098936.1" 4.75644696096409e-77 1.60182215154921 0.281 0.149 1.42693408828923e-73
"G0S2" 2.60503213088059e-76 0.400249090939575 0.071 0.113 7.81509639264178e-73
"TTC36" 2.63874616546784e-76 0.859010549567865 0.071 0.132 7.91623849640352e-73
"CPNE8" 2.6936568029365e-76 0.545162970575575 0.223 0.084 8.08097040880949e-73
"CELF4" 4.15044408410573e-76 0.981054308669293 0.266 0.158 1.24513322523172e-72
"PXDNL" 5.25855966613453e-76 0.978474876862755 0.166 0.118 1.57756789984036e-72
"SPHKAP" 4.49682503316124e-75 1.09273825827965 0.22 0.107 1.34904750994837e-71
"MAFB" 5.19059935409287e-75 1.44647564152749 0.344 0.134 1.55717980622786e-71
"CRYGS" 2.06300690725441e-74 1.32617373765926 0.152 0.063 6.18902072176324e-71
"CKM" 2.94266028961344e-74 0.707909442103183 0.148 0.129 8.82798086884033e-71
"DPP10-AS1" 5.14067147799277e-74 1.24246600895183 0.184 0.092 1.54220144339783e-70
"PRR34" 2.11572534598641e-73 1.25998673991504 0.074 0.134 6.34717603795922e-70
"GPR153" 2.86628393108497e-73 2.06274437753378 0.32 0.128 8.5988517932549e-70
"ZNF837" 7.21161490858578e-73 0.978191329695921 0.092 0.118 2.16348447257573e-69
"LHFPL5" 9.89832416549004e-73 0.631998147003907 0.141 0.091 2.96949724964701e-69
"AL135999.1" 3.4664197330045e-72 0.630684389225188 0.136 0.139 1.03992591990135e-68
"CD24" 5.91226581745211e-72 0.676467337974651 0.607 0.409 1.77367974523563e-68
"LRRD1" 7.82173231604767e-70 0.358758387518078 0.068 0.13 2.3465196948143e-66
"KLHDC1" 8.00008152224614e-70 1.49036520949894 0.165 0.13 2.40002445667384e-66
"COL12A1" 8.91536296271576e-70 1.17568813493394 0.237 0.14 2.67460888881473e-66
"LINC01619" 1.18468207464024e-69 3.08273803998192 0.29 0.105 3.55404622392072e-66
"SNTG2" 6.25659498426569e-69 0.652484422146165 0.144 0.087 1.87697849527971e-65
"JPH3" 6.89570103672883e-69 1.01957308927471 0.273 0.168 2.06871031101865e-65
"CXCL13" 2.44800953511552e-68 0.439886827009058 0.074 0.105 7.34402860534657e-65
"POU3F4" 2.55369161885064e-68 3.65913090817663 0.369 0.173 7.66107485655191e-65
"FBXO2" 3.46668019606758e-68 0.496045481282533 0.14 0.13 1.04000405882027e-64
"AC103724.4" 5.82912521134037e-68 1.0162359092052 0.144 0.109 1.74873756340211e-64
"AL139294.1" 9.92510914958125e-68 0.311144529014227 0.097 0.107 2.97753274487438e-64
"DNAH10" 1.47422239269646e-67 1.6819487423676 0.154 0.134 4.42266717808939e-64
"ALCAM" 6.89938030880023e-67 0.896791283514336 0.027 0.119 2.06981409264007e-63
"AP001273.1" 7.96721912669786e-67 0.507860801135276 0.105 0.083 2.39016573800936e-63
"KAT6B" 1.14977982250891e-66 1.93393790947422 0.5 0.342 3.44933946752673e-63
"TEX101" 4.35866190094717e-66 2.64393375370147 0.273 0.11 1.30759857028415e-62
"NTNG1" 5.83729810755555e-66 1.08480767770912 0.141 0.11 1.75118943226666e-62
"AC012358.3" 3.00749886261356e-65 1.59597342111857 0.303 0.112 9.02249658784069e-62
"AC009163.7" 9.90032916445123e-65 1.30213160362255 0.157 0.101 2.97009874933537e-61
"SLC27A6" 1.91514233413555e-64 2.93152843172096 0.276 0.113 5.74542700240665e-61
"LINC01252" 2.69131619330788e-64 0.637874829193128 0.115 0.135 8.07394857992364e-61
"BAMBI" 3.25459091538493e-64 0.633128127073888 0.167 0.12 9.76377274615478e-61
"LRRN3" 4.19952773241211e-64 2.88456190133721 0.286 0.195 1.25985831972363e-60
"TEX15" 4.5133349432485e-64 1.86913078616751 0.199 0.067 1.35400048297455e-60
"ZNF704" 1.3151517721164e-63 1.68849776867501 0.479 0.3 3.9454553163492e-60
"CCDC92B" 2.27573163729685e-63 0.795905717175252 0.26 0.091 6.82719491189054e-60
"SGIP1" 3.10492635197571e-63 2.38228364673746 0.324 0.176 9.31477905592713e-60
"CRYAB" 5.65942206275823e-63 1.40043071409167 0.272 0.114 1.69782661882747e-59
"MYH14" 7.5501890035889e-63 1.42968941565552 0.226 0.07 2.26505670107667e-59
"DPF3" 8.57025321887435e-63 2.11893523808756 0.292 0.087 2.57107596566231e-59
"TNS2" 1.56472137259871e-62 1.56556390968749 0.245 0.107 4.69416411779614e-59
"GRPEL2-AS1" 4.99336208336066e-62 1.16357985142653 0.139 0.087 1.4980086250082e-58
"SRRM3" 8.43092815162337e-62 0.742380049961562 0.223 0.123 2.52927844548701e-58
"AC073332.1" 9.93217725934212e-62 0.416576106720115 0.201 0.158 2.97965317780264e-58
"AC022217.3" 5.12184017552736e-61 1.32068884059226 0.1 0.11 1.53655205265821e-57
"CLDN5" 1.09929987526681e-60 0.471310336490047 0.304 0.146 3.29789962580043e-57
"S100A4" 2.72315739688968e-60 0.898199860962588 0.144 0.04 8.16947219066903e-57
"SPINK5" 1.64163130942014e-59 1.09319043545736 0.211 0.113 4.92489392826041e-56
"CHD7" 4.31883799553694e-59 1.74447525146836 0.43 0.254 1.29565139866108e-55
"MYO3A" 4.48228096725383e-59 2.31395023581308 0.206 0.056 1.34468429017615e-55
"AP000708.1" 4.66197971685838e-59 1.39700072964171 0.219 0.109 1.39859391505751e-55
"AC233280.1" 7.86916328075093e-59 0.759584668734743 0.192 0.104 2.36074898422528e-55
"AC020558.1" 1.4531557933017e-58 0.492485872940179 0.224 0.156 4.35946737990511e-55
"FOXP2" 1.183093712996e-57 0.635150465114465 0.056 0.101 3.54928113898799e-54
"GPR75-ASB3" 1.96136689097748e-57 0.870712923371409 0.162 0.118 5.88410067293244e-54
"RNF215" 3.09330470625764e-57 1.23156880493887 0.19 0.138 9.27991411877293e-54
"TMEM161B-AS1" 3.2427653688651e-57 2.19891217535606 0.567 0.399 9.7282961065953e-54
"CDKN2A" 3.34864987402104e-57 1.29507327634038 0.157 0.08 1.00459496220631e-53
"MANEA-AS1" 4.87602569037509e-57 0.583928730182512 0.207 0.108 1.46280770711253e-53
"ATP1B1" 6.82409655990723e-57 0.889432340776486 0.434 0.291 2.04722896797217e-53
"MTUS1" 7.09826811667344e-57 1.96523088328202 0.263 0.133 2.12948043500203e-53
"AC009812.1" 2.3108042514119e-56 0.885316184519494 0.137 0.105 6.93241275423569e-53
"CRTAC1" 4.74692853347181e-56 1.19263543083825 0.211 0.081 1.42407856004154e-52
"AC135050.2" 1.04425295743409e-55 1.35417668154344 0.194 0.111 3.13275887230227e-52
"NPTX2" 1.27949997289571e-55 0.569138182814118 0.226 0.108 3.83849991868714e-52
"AC109326.1" 1.67840730131681e-55 0.750937782497294 0.224 0.147 5.03522190395044e-52
"LRRC9" 5.33503035419539e-55 0.821505219924061 0.177 0.12 1.60050910625862e-51
"IQSEC3" 6.40982141295889e-55 2.01047301352247 0.198 0.092 1.92294642388767e-51
"CLDN12" 7.2198629683169e-55 1.41610860065865 0.104 0.04 2.16595889049507e-51
"TLE2" 1.19375959652849e-54 2.27666353162976 0.275 0.111 3.58127878958546e-51
"AL137077.2" 2.02173410786788e-54 0.645187810554935 0.147 0.106 6.06520232360363e-51
"ZC3H12B" 2.86437072875457e-54 0.4579907522215 0.241 0.136 8.59311218626372e-51
"FAM133DP" 3.02141872477223e-54 1.03779705047671 0.133 0.11 9.0642561743167e-51
"AL591485.1" 1.67400424826898e-53 0.800795502503201 0.145 0.125 5.02201274480695e-50
"VASH2" 2.53521142508593e-53 3.17909564075085 0.211 0.166 7.60563427525778e-50
"AC090241.2" 3.63904156937105e-53 2.30674407176297 0.252 0.08 1.09171247081131e-49
"CAMK2N1" 4.08312653648372e-53 0.73032107503734 0.514 0.391 1.22493796094512e-49
"CERS3-AS1" 7.53424654586399e-53 2.48192608680991 0.268 0.111 2.2602739637592e-49
"PRKX" 2.71007051778621e-52 0.549666217687331 0.356 0.29 8.13021155335862e-49
"TRHDE" 2.75567119560046e-52 0.28452802136173 0.128 0.097 8.26701358680137e-49
"AC007405.1" 3.8873045307058e-52 1.71726705799017 0.213 0.055 1.16619135921174e-48
"NFKBIA" 4.5642625227095e-52 1.02672195325221 0.222 0.188 1.36927875681285e-48
"CACNA2D3" 4.92076014034405e-52 0.607764741648145 0.227 0.097 1.47622804210322e-48
"AP000721.2" 1.13471048297581e-51 0.797101840113678 0.172 0.114 3.40413144892744e-48
"SMARCA5-AS1" 1.87720736613603e-51 0.829924152091138 0.119 0.071 5.63162209840808e-48
"MEST" 1.02641184223136e-50 1.1352634810368 0.206 0.145 3.07923552669407e-47
"ATP7B" 2.30254706459024e-50 1.79171093138921 0.134 0.093 6.90764119377071e-47
"AC005833.2" 2.45152052017615e-50 0.580184056448465 0.18 0.092 7.35456156052846e-47
"AL031777.3" 3.14761392112822e-50 1.26084654859059 0.205 0.164 9.44284176338465e-47
"PPM1N" 3.41342634687017e-50 0.352770672549635 0.107 0.129 1.02402790406105e-46
"SPESP1" 4.40566619775588e-50 1.32550443969149 0.146 0.123 1.32169985932676e-46
"KCTD12" 6.07456109162552e-50 1.6157282437064 0.243 0.128 1.82236832748765e-46
"DPYSL3" 2.43302556398211e-49 1.09754992926513 0.582 0.407 7.29907669194633e-46
"LINC01715" 2.63375734148202e-49 1.21866469953425 0.244 0.111 7.90127202444606e-46
"AGBL4" 3.34926365481779e-49 0.29316644660301 0.168 0.101 1.00477909644534e-45
"BMP2" 1.44917041785756e-48 1.0866292295522 0.265 0.129 4.34751125357269e-45
"NDST4" 2.41761773777013e-48 1.40604933534811 0.214 0.084 7.25285321331039e-45
"KCNH8" 3.78772416659609e-48 1.09886473504248 0.236 0.136 1.13631724997883e-44
"PTMS" 7.85722414869461e-48 0.556036282024015 0.605 0.416 2.35716724460838e-44
"AC109460.2" 9.29064734293886e-48 1.31105433739815 0.167 0.11 2.78719420288166e-44
"SHTN1" 1.18509998848055e-47 2.51326465698895 0.473 0.342 3.55529996544164e-44
"ANKRD36C" 1.54922585541186e-47 2.19463174539186 0.247 0.162 4.64767756623557e-44
"AC025164.1" 2.08565111806657e-47 0.665856820183008 0.167 0.15 6.2569533541997e-44
"FO538757.1" 2.31776098913273e-47 1.43973308351764 0.137 0.114 6.95328296739819e-44
"C1QTNF4" 4.96206633496394e-47 1.95629923356425 0.226 0.118 1.48861990048918e-43
"DST" 1.20395957697687e-46 1.6049475350861 0.493 0.323 3.61187873093062e-43
"RUFY2" 2.33534752159097e-46 1.46068638238171 0.341 0.271 7.0060425647729e-43
"ZRSR2" 2.77246275315851e-46 1.25053969076473 0.25 0.177 8.31738825947554e-43
"ZNF525" 3.09509407462618e-46 2.12580775247169 0.165 0.135 9.28528222387853e-43
"TBC1D2" 3.44332888177869e-46 0.747828925833661 0.203 0.12 1.03299866453361e-42
"NMB" 4.16194193635835e-46 0.354034692095931 0.115 0.102 1.2485825809075e-42
"BCL11B" 5.26356170699745e-46 2.17411723569418 0.289 0.17 1.57906851209923e-42
"AC097478.1" 8.46738561959399e-46 0.265481696176437 0.128 0.123 2.5402156858782e-42
"C21orf91" 8.6360203681082e-46 0.47017932406021 0.169 0.156 2.59080611043246e-42
"FRG1HP" 1.48701841449903e-45 1.0598793450252 0.162 0.166 4.46105524349708e-42
"AC016705.2" 4.40184220051618e-45 0.75867758158007 0.224 0.127 1.32055266015485e-41
"PPP1R12B" 5.18921688401577e-45 2.1665727608076 0.271 0.136 1.55676506520473e-41
"LINC02482" 8.5450015037263e-45 2.10547543928973 0.244 0.155 2.56350045111789e-41
"SPON2" 1.26363885729466e-44 1.48057973653838 0.111 0.057 3.79091657188399e-41
"KIF26A" 6.19524896108191e-44 1.40849634502286 0.196 0.13 1.85857468832457e-40
"AL110118.2" 8.30910153760001e-44 0.665471569392999 0.177 0.093 2.49273046128e-40
"GNG2" 1.28077689189355e-43 1.5141646647118 0.586 0.389 3.84233067568065e-40
"LINC00324" 1.33381158598374e-43 1.30886228348574 0.13 0.086 4.00143475795121e-40
"AC008840.1" 1.8799658227968e-43 0.687991865626861 0.138 0.076 5.63989746839041e-40
"APCDD1" 3.44815564062566e-43 0.709368738302295 0.118 0.114 1.0344466921877e-39
"CPLX2" 3.88866152384089e-43 0.497874882062662 0.33 0.157 1.16659845715227e-39
"ZNF32-AS3" 3.95045364005787e-43 1.60528118267597 0.213 0.101 1.18513609201736e-39
"AC108134.2" 9.55352227490827e-43 0.276155998570879 0.092 0.106 2.86605668247248e-39
"TNRC6C" 1.00547787672855e-42 0.584993813011478 0.247 0.178 3.01643363018565e-39
"HELZ2" 1.06460204216061e-42 0.858664414913466 0.198 0.095 3.19380612648182e-39
"SVOP" 1.06515889464301e-42 3.52789449869091 0.249 0.108 3.19547668392904e-39
"MDGA1" 3.14971276226806e-42 2.32808956242086 0.269 0.098 9.44913828680417e-39
"LINC01748" 3.88951560513884e-42 1.21548112864581 0.176 0.108 1.16685468154165e-38
"AC007389.1" 6.70740148963798e-42 0.741632017758743 0.038 0.102 2.01222044689139e-38
"SCUBE2" 1.49648239973379e-41 0.621903504931163 0.189 0.12 4.48944719920138e-38
"HIST1H2AC" 1.54031948945074e-41 1.42989463940113 0.113 0.112 4.62095846835223e-38
"ADPRHL1" 1.69987822262516e-41 1.94159976325078 0.144 0.103 5.09963466787547e-38
"CNTNAP5" 3.34910579138621e-41 0.253991188975835 0.066 0.12 1.00473173741586e-37
"CCDC112" 3.8090398560622e-41 1.18297009199597 0.422 0.34 1.14271195681866e-37
"SGCZ" 4.06542611379736e-41 0.812722651115468 0.099 0.127 1.21962783413921e-37
"AC008443.1" 8.61049867171865e-41 1.4639361268368 0.051 0.118 2.5831496015156e-37
"RASSF3" 1.19610842839756e-40 0.346431301002422 0.181 0.15 3.58832528519268e-37
"AL357673.1" 1.27203996727165e-40 0.419830656952186 0.052 0.137 3.81611990181493e-37
"AC104806.2" 1.72855108908603e-40 2.11383369212464 0.213 0.091 5.18565326725808e-37
"VGLL3" 2.85821740348155e-40 1.54915594004048 0.103 0.086 8.57465221044464e-37
"MPP7" 3.21533599435365e-40 1.31467709549023 0.229 0.098 9.64600798306094e-37
"TUBB" 5.50732425670601e-40 0.869903570743551 0.6 0.435 1.6521972770118e-36
"C1QTNF2" 5.90511479589388e-40 1.215786046455 0.109 0.056 1.77153443876816e-36
"DUSP5" 9.27884822154495e-40 0.933785356221785 0.243 0.11 2.78365446646349e-36
"GLRA2" 1.07446292880895e-39 3.85294737250837 0.222 0.126 3.22338878642686e-36
"GCC2" 1.30971546974081e-39 2.34235814514451 0.197 0.166 3.92914640922242e-36
"AC027807.1" 1.37917331111289e-39 0.870369860687562 0.056 0.14 4.13751993333866e-36
"PCDHB9" 2.13228913828451e-39 1.10813511715982 0.252 0.138 6.39686741485352e-36
"CACNA1B" 4.24169687928501e-39 1.58942097788215 0.204 0.103 1.2725090637855e-35
"AC103876.1" 5.77611591560753e-39 0.524285986004958 0.15 0.15 1.73283477468226e-35
"WNT7A" 8.99641779470606e-39 1.22304280642916 0.227 0.128 2.69892533841182e-35
"PFN2" 9.71683383218957e-39 4.97006052025148 0.326 0.16 2.91505014965687e-35
"PDE4B" 1.02064321261674e-38 0.784475589895504 0.033 0.166 3.06192963785021e-35
"KCNAB1" 1.1769560416551e-38 1.03388779959719 0.069 0.105 3.5308681249653e-35
"SLCO5A1" 1.57813900880456e-38 0.606047140683589 0.187 0.146 4.73441702641367e-35
"AL139260.1" 3.81092512349354e-38 0.378333470123424 0.153 0.128 1.14327753704806e-34
"RAI2" 5.82281359152816e-38 2.09969805623799 0.254 0.107 1.74684407745845e-34
"PCSK1N" 1.93424727217562e-37 0.384204212646742 0.507 0.397 5.80274181652685e-34
"KCNA3" 2.2756605099749e-37 1.71279537013248 0.144 0.097 6.8269815299247e-34
"PPP1R15A" 2.91369895474788e-36 3.95414612608428 0.255 0.212 8.74109686424364e-33
"FBXO48" 5.54577658943559e-36 0.620181292365258 0.103 0.118 1.66373297683068e-32
"CSRNP3" 8.32326738769318e-36 1.81128312294351 0.209 0.237 2.49698021630796e-32
"TUBB2B" 9.91854966279108e-36 0.822775460386443 0.56 0.415 2.97556489883732e-32
"AC005618.1" 1.12219500051453e-35 1.95689345718938 0.109 0.083 3.36658500154359e-32
"GLCE" 1.30944266606607e-35 1.43384252112318 0.216 0.148 3.9283279981982e-32
"AC121342.1" 4.74775854151082e-35 0.972248760843325 0.124 0.068 1.42432756245325e-31
"NAA16" 7.5613761156996e-35 2.17847279293834 0.185 0.171 2.26841283470988e-31
"TTLL11" 7.58633301500956e-35 1.3516941659723 0.232 0.108 2.27589990450287e-31
"LBH" 1.2569348657753e-34 4.96401943628862 0.394 0.282 3.77080459732589e-31
"LINC00535" 1.81361081389069e-34 2.67820113576307 0.213 0.09 5.44083244167207e-31
"MT-ND1" 3.59338418283225e-34 3.38560948327289 0.567 0.404 1.07801525484967e-30
"AC135782.1" 1.95727401469996e-33 0.796200376819563 0.11 0.099 5.87182204409989e-30
"AC110285.6" 3.25947122848782e-33 0.449707701094564 0.135 0.095 9.77841368546345e-30
"BACH2" 3.31873967209321e-33 0.796817256658168 0.154 0.144 9.95621901627963e-30
"MIR17HG" 5.05810439076789e-33 0.988350916544418 0.096 0.143 1.51743131723037e-29
"BMPER" 8.54392842374947e-33 0.625302166382745 0.167 0.117 2.56317852712484e-29
"GRIA3" 1.61337316434683e-32 2.24681214349388 0.079 0.175 4.8401194930405e-29
"ADARB2" 2.76030693038663e-32 1.11110038663958 0.167 0.095 8.2809207911599e-29
"PRKCA-AS1" 4.39995101914297e-32 2.40284675078814 0.174 0.058 1.31998530574289e-28
"MT-ND2" 6.42803698285398e-32 0.42715987637134 0.561 0.411 1.92841109485619e-28
"C9orf147" 9.99822373836619e-32 1.82723437131535 0.224 0.106 2.99946712150986e-28
"ASIC4" 2.88479993745349e-31 0.94769165549515 0.198 0.043 8.65439981236048e-28
"AC073610.3" 3.01334892163599e-31 1.14006087298638 0.04 0.114 9.04004676490797e-28
"PCSK2" 3.84682879052864e-31 0.899811634200782 0.13 0.101 1.15404863715859e-27
"LINC02488" 6.46652976443314e-31 1.02065209510794 0.245 0.131 1.93995892932994e-27
"AKNA" 1.36933144910934e-30 1.92981208326627 0.224 0.133 4.10799434732801e-27
"CDKN1C" 1.5657592202462e-30 0.279102063877486 0.184 0.086 4.69727766073859e-27
"ZNF536" 1.67536297690871e-30 0.284584808230898 0.173 0.111 5.02608893072614e-27
"ZNF20" 1.88662638021715e-30 0.339742499190315 0.163 0.092 5.65987914065145e-27
"CCDC191" 1.13727621665604e-28 1.54150011269461 0.083 0.123 3.41182864996811e-25
"RBP1" 1.40208240167088e-28 1.40325448400506 0.249 0.108 4.20624720501264e-25
"MYCBP2" 1.58325553247747e-28 1.90639881608678 0.383 0.274 4.7497665974324e-25
"FOCAD" 2.42280377962925e-28 1.38146091266591 0.134 0.121 7.26841133888775e-25
"PIP5K1B" 3.68778546104878e-28 1.28071827880876 0.219 0.11 1.10633563831463e-24
"TNNI3" 4.07440942305239e-28 0.847068673272743 0.053 0.116 1.22232282691572e-24
"TAGLN3" 4.53422038070568e-28 1.32541843909205 0.472 0.356 1.3602661142117e-24
"PRPH" 8.10157294765242e-28 2.80118122078413 0.229 0.085 2.43047188429573e-24
"PTPRR" 1.03957538454758e-27 0.736213996617108 0.201 0.06 3.11872615364274e-24
"AC011477.4" 1.11903998979231e-27 0.442374179615573 0.02 0.119 3.35711996937692e-24
"NPTXR" 1.51711860023271e-27 0.850683257717216 0.247 0.194 4.55135580069812e-24
"AC005363.2" 2.26778755811637e-27 0.5539383823366 0.172 0.085 6.80336267434912e-24
"AC105036.3" 3.59513437493672e-27 1.42322671971026 0.152 0.12 1.07854031248102e-23
"HIST1H2BN" 3.84056438776897e-27 1.16883071111662 0.203 0.15 1.15216931633069e-23
"MYOT" 1.72731693845035e-26 2.65468188465319 0.214 0.073 5.18195081535106e-23
"ZFR2" 3.51089438461544e-26 0.74862949862657 0.12 0.125 1.05326831538463e-22
"ERC2" 3.79911535667252e-26 0.32410909742107 0.159 0.143 1.13973460700176e-22
"AC025887.2" 4.99852798055315e-26 0.854067266264085 0.136 0.193 1.49955839416594e-22
"PCDHB13" 3.83130097073024e-25 1.84611339055382 0.213 0.111 1.14939029121907e-21
"CATSPERE" 4.85188368046366e-25 0.351387942472895 0.061 0.116 1.4555651041391e-21
"AC092910.3" 1.66273765519757e-24 1.16691548742477 0.132 0.12 4.9882129655927e-21
"CCDC186" 2.09909926563881e-24 2.41361038270349 0.168 0.171 6.29729779691644e-21
"AC005726.1" 5.23105398824337e-24 0.462024395098721 0.115 0.11 1.56931619647301e-20
"ATP2B1" 7.22546134360855e-24 3.40597650450111 0.286 0.225 2.16763840308256e-20
"LINC01896" 7.44824461320945e-24 1.7129087341633 0.195 0.149 2.23447338396284e-20
"NXPH1" 8.00967509340857e-24 0.668333434368311 0.137 0.113 2.40290252802257e-20
"AP001486.2" 8.28390863302433e-24 1.21165546410143 0.151 0.124 2.4851725899073e-20
"AC138649.1" 8.876816288896e-24 0.358586121936712 0.108 0.121 2.6630448866688e-20
"H1FX" 1.15869926155649e-23 0.678947791146986 0.522 0.396 3.47609778466948e-20
"AL390719.1" 1.88500572265344e-23 0.410499112301377 0.143 0.093 5.65501716796033e-20
"AC010864.1" 7.24037317405877e-23 0.900685636096389 0.082 0.129 2.17211195221763e-19
"AC090229.1" 7.33291554176597e-23 1.12448617974349 0.173 0.269 2.19987466252979e-19
"PCDHB11" 1.64864679172902e-22 0.804174002973792 0.055 0.102 4.94594037518707e-19
"TMSB15A" 2.4877230140597e-22 1.00840810802504 0.544 0.386 7.4631690421791e-19
"GYPC" 2.66549360608815e-22 0.87632334880891 0.143 0.101 7.99648081826445e-19
"ST3GAL6" 3.57150441756576e-22 1.03450934063458 0.048 0.149 1.07145132526973e-18
"AC087521.3" 7.57505612051259e-22 1.45202256452278 0.16 0.114 2.27251683615378e-18
"KCNB2" 7.91984004122506e-22 0.437961419288152 0.175 0.136 2.37595201236752e-18
"AC008403.3" 1.24075141140039e-21 0.988526490877616 0.123 0.127 3.72225423420118e-18
"UNC79" 1.34725060124578e-21 1.54380553016841 0.196 0.14 4.04175180373733e-18
"AC245748.1" 2.26086338681303e-21 0.509989574188101 0.006 0.106 6.78259016043908e-18
"C1QTNF3-AMACR" 3.47608913848865e-21 1.20470145612135 0.156 0.112 1.04282674154659e-17
"AC004076.1" 3.53457165063323e-21 1.21952291930749 0.155 0.124 1.06037149518997e-17
"ARHGAP28" 5.42559077788542e-21 0.447709295026284 0.213 0.122 1.62767723336563e-17
"HECW1" 9.17063158239106e-21 0.879594943033814 0.167 0.139 2.75118947471732e-17
"AC026979.2" 9.22220124857138e-21 1.35334462296412 0.142 0.109 2.76666037457141e-17
"AL391121.1" 1.36412905617706e-20 0.633179124822039 0.108 0.075 4.09238716853117e-17
"ENOX1" 1.55783042948327e-20 2.35136350168223 0.216 0.18 4.6734912884498e-17
"CD27-AS1" 2.05634430627883e-20 2.55616977876657 0.196 0.097 6.16903291883648e-17
"ACSM3" 2.43302311752138e-20 0.899725712381484 0.066 0.103 7.29906935256415e-17
"NPB" 1.40014629100301e-19 2.11933323541903 0.103 0.116 4.20043887300903e-16
"NFIA" 1.70321801060289e-19 0.802421266368217 0.478 0.387 5.10965403180866e-16
"AC234782.2" 7.43471317862027e-19 0.958547442323637 0.099 0.163 2.23041395358608e-15
"TRIM67" 2.12207144423859e-18 0.686025616904438 0.142 0.201 6.36621433271576e-15
"KIAA0825" 2.92512571492423e-18 0.501918730515159 0.116 0.127 8.77537714477268e-15
"IDUA" 3.82178070393031e-18 0.638970573321428 0.172 0.112 1.14653421117909e-14
"ACVR1" 7.15987785843765e-18 2.18251384618198 0.245 0.131 2.14796335753129e-14
"PHF21B" 7.69345505734885e-18 0.554193879404008 0.264 0.176 2.30803651720466e-14
"CEP350" 1.40114048599767e-17 1.27563338733416 0.374 0.352 4.20342145799302e-14
"KLHL22" 1.50689691721265e-17 1.27145848709773 0.155 0.141 4.52069075163795e-14
"ANKUB1" 4.57199542309807e-17 1.22469080975083 0.146 0.123 1.37159862692942e-13
"EPHA4" 1.02762744037673e-16 1.93917936899799 0.173 0.175 3.0828823211302e-13
"HRH2" 2.30460304849892e-16 1.35355607490361 0.207 0.149 6.91380914549677e-13
"PGBD5" 4.53891699542773e-16 0.904307384322518 0.219 0.139 1.36167509862832e-12
"FAM214A" 9.77187557601474e-16 2.87364642650652 0.18 0.144 2.93156267280442e-12
"LINC01550" 2.49615562551086e-15 0.939825119689534 0.173 0.105 7.48846687653258e-12
"SATB1-AS1" 1.35798671776229e-14 0.557095600097645 0.162 0.195 4.07396015328688e-11
"ZNF578" 3.59530540796608e-14 0.946674546369378 0.167 0.092 1.07859162238982e-10
"RAP1GAP" 4.58096626712607e-14 1.79824049740589 0.186 0.122 1.37428988013782e-10
"TEX14" 7.78710576140101e-14 1.31503407548125 0.274 0.163 2.3361317284203e-10
"MIR124-2HG" 7.95210756441189e-14 2.11277216307336 0.176 0.167 2.38563226932357e-10
"EYS" 3.54725393693656e-13 1.32519786908497 0.088 0.11 1.06417618108097e-09
"IER2" 4.71412929243073e-13 0.756510119045315 0.074 0.205 1.41423878772922e-09
"DNAJC15" 6.37923124804089e-13 1.83658214366759 0.061 0.139 1.91376937441227e-09
"NOC3L" 7.76279166733167e-13 0.261282670814633 0.111 0.152 2.3288375001995e-09
"NSRP1" 9.26148728360914e-13 3.64894845959382 0.148 0.229 2.77844618508274e-09
"IFI16" 1.23899713609193e-12 1.82563852651356 0.184 0.113 3.71699140827578e-09
"ZFHX3" 1.32328931629471e-12 0.571045080330095 0.109 0.144 3.96986794888413e-09
"AL356489.2" 1.56917735673256e-12 1.38241122924927 0.154 0.135 4.70753207019769e-09
"AP001065.1" 1.94364872651767e-12 0.708186043797028 0.074 0.107 5.83094617955302e-09
"CSAD" 3.97438101033199e-12 1.3503012254841 0.191 0.152 1.1923143030996e-08
"AC099669.1" 6.40385475518518e-12 0.613194804208785 0.146 0.115 1.92115642655555e-08
"GSEC" 9.27691578786103e-12 0.779035383363876 0.17 0.136 2.78307473635831e-08
"HIP1R" 1.15681823660127e-11 5.06862174373885 0.206 0.131 3.4704547098038e-08
"BCL3" 4.65650878572932e-11 0.251393871457706 0.139 0.141 1.3969526357188e-07
"ZNF491" 4.91410712968791e-11 0.823885046903319 0.126 0.103 1.47423213890637e-07
"CFL1P1" 5.22510934760606e-11 1.22844342139523 0.197 0.161 1.56753280428182e-07
"IGFBP6" 7.83507102806213e-11 1.19065028537395 0.118 0.101 2.35052130841864e-07
"FBN2" 1.38779121386605e-10 1.72401198077541 0.239 0.127 4.16337364159814e-07
"LINC00632" 2.13984442490874e-10 0.773867358089209 0.105 0.135 6.41953327472622e-07
"VAX1" 2.28844673200562e-10 3.01789834497647 0.222 0.091 6.86534019601687e-07
"SLC6A1" 4.08770211993908e-10 1.94844318345906 0.186 0.097 1.22631063598172e-06
"MIR99AHG" 5.12569975769362e-10 2.02501849390474 0.104 0.255 1.53770992730809e-06
"MEIS2" 8.53041289685684e-10 1.032198988823 0.246 0.375 2.55912386905705e-06
"CCDC174" 1.57671722776768e-09 1.92130621709178 0.177 0.188 4.73015168330304e-06
"ZIC1" 2.80205480393957e-09 3.32876480741763 0.17 0.093 8.4061644118187e-06
"CDKN2B" 2.81964321740181e-09 0.674049608920775 0.067 0.104 8.45892965220544e-06
"ASAP3" 4.68780622605292e-09 1.76692065501917 0.159 0.137 1.40634186781588e-05
"PBX3" 6.18032030652791e-09 2.8120942873343 0.141 0.12 1.85409609195837e-05
"NWD2" 3.81089277413926e-08 0.809588093498245 0.126 0.091 0.000114326783224178
"AC022101.1" 4.18799900465638e-08 0.586459839421288 0.157 0.28 0.000125639970139692
"CCDC7" 7.72032950184495e-08 0.484246544202097 0.089 0.145 0.000231609885055348
"ARHGEF37" 1.88672908127292e-07 0.609222666008296 0.058 0.12 0.000566018724381877
"STARD9" 1.93694729584721e-07 1.30976449519145 0.181 0.119 0.000581084188754163
"PLK2" 3.86476764794627e-07 3.56067562183104 0.29 0.268 0.00115943029438388
"HIST2H2BE" 3.8923627492437e-07 1.40978890587396 0.103 0.164 0.00116770882477311
"AFF3" 5.14906488462567e-07 0.811341226662467 0.124 0.167 0.0015447194653877
"FAM222A" 7.87387390777831e-07 1.85879542081911 0.149 0.091 0.00236216217233349
"BSN" 1.05536025447504e-06 1.99873596881105 0.197 0.143 0.00316608076342511
"RPS6KA6" 1.27095913590671e-06 0.279787283558512 0.067 0.126 0.00381287740772014
"AC005609.5" 1.51984696679124e-06 0.843282820613334 0.118 0.125 0.00455954090037371
"AC007040.2" 2.63939998651496e-06 0.917815854667561 0.024 0.125 0.00791819995954487
"LMO4" 3.08068460540477e-06 0.530971067553007 0.25 0.333 0.00924205381621431
"PLEKHH2" 3.32648616938974e-06 1.86270517394198 0.089 0.106 0.00997945850816922
"BICDL1" 3.46428592306546e-06 1.33571165273401 0.166 0.111 0.0103928577691964
"TCEAL5" 3.54721347734869e-06 1.46619958625335 0.071 0.146 0.0106416404320461
"SHQ1" 3.83152109489752e-06 0.304413713989264 0.074 0.143 0.0114945632846926
"TFDP2" 5.814408006328e-06 1.23047898729646 0.113 0.244 0.017443224018984
"NRIP3" 8.18583280122967e-06 0.459721815862791 0.211 0.1 0.024557498403689
"ZNF454" 1.07283074406577e-05 0.746954312285942 0.126 0.152 0.0321849223219732
"ETV2" 3.11971817694992e-05 2.05073204330917 0.097 0.128 0.0935915453084977
"APOL4" 5.43565634205833e-05 1.17013950428526 0.113 0.12 0.16306969026175
"IFI44" 9.88429516097971e-05 0.5562007950073 0.095 0.14 0.296528854829391
"ZC2HC1A" 0.000114452257194794 2.60290241683109 0.446 0.384 0.343356771584382
"NANOS1" 0.000153214051743786 0.928553457378779 0.167 0.098 0.459642155231357
"HMGCR" 0.00017080274954694 4.4311103997566 0.267 0.315 0.512408248640821
"FGF9" 0.000729099986134767 2.61742038817068 0.175 0.144 1
"RAB3IP" 0.00078465103755361 0.742575655418172 0.108 0.127 1
"HIST1H2BD" 0.000875217215250481 1.27573162155426 0.145 0.162 1
"MEF2C-AS2" 0.00092209807219871 1.49902277613705 0.083 0.147 1
"AMOTL2" 0.00162106923648917 0.503727817594784 0.075 0.137 1
"ZGLP1" 0.00196016288074806 0.3173198571335 0.043 0.108 1
"CWF19L2" 0.0024511118500343 2.13288386793589 0.23 0.23 1
"CAB39L" 0.00314350606160535 6.65874817772431 0.234 0.226 1
"ZNF670-ZNF695" 0.00464557279993907 1.04748932845457 0.02 0.122 1
"AP000251.1" 0.0057751219331663 1.56638295000054 0.058 0.135 1
"FDFT1" 0.00936300657778269 2.73006204629987 0.327 0.348 1
"SH3BP5" 0.0188979737560735 1.27663985111211 0.219 0.23 1
"BRINP2" 0.0278160853983522 0.733488748978264 0.152 0.108 1
"TTC28" 0.0332686576762277 3.80228965754883 0.108 0.262 1
"UBE2F-SCLY" 0.0402768901820296 0.846667229787503 0.089 0.103 1
"ZNF804A" 0.0484060423728137 1.50855765367011 0.066 0.154 1
"TOX2" 0.0500385344210109 0.257834053656801 0.106 0.135 1
"PGM2L1" 0.0530607867323683 0.978036999606447 0.138 0.21 1
"ZBTB20" 0.0723681985788329 1.26581833762464 0.13 0.328 1
"FILIP1L" 0.109247877081697 1.34312371691938 0.12 0.108 1
"LINC01980" 0.114835718264956 0.58849610108496 0.055 0.134 1
"AC233296.1" 0.137706939587913 0.271717103309069 0.087 0.116 1
"SEMA3A" 0.194093981746123 1.90474826116533 0.084 0.184 1
"HSPA1A" 0.219815077261889 2.53217718389587 0.144 0.119 1
"ASXL3" 0.22818432690094 0.435431315722065 0.18 0.225 1
"SORCS3" 0.245972886612136 0.259409333626392 0.11 0.139 1
"NSG2" 0.265525996279227 0.292850091249697 0.299 0.369 1
"RASAL2-AS1" 0.299681976778236 0.644736895165309 0.068 0.16 1
"GRHL1" 0.309103269580292 1.4037165089073 0.096 0.101 1
"NPDC1" 0.386036582332752 1.08874436632545 0.035 0.107 1
"RAB11B-AS1" 0.468513407344468 2.28712051046492 0.07 0.104 1
"ZFHX2-AS1" 0.524522286694687 0.535858422109895 0.122 0.134 1
"TAF1D" 0.588843966178495 3.26295377263485 0.108 0.179 1
"CENPC" 0.75515443121701 4.35308048673017 0.094 0.151 1
"TXNDC16" 0.762167683351044 0.728867017601186 0.153 0.177 1
"KANTR" 0.799390249449597 1.67711252484129 0.111 0.15 1
"HIVEP1" 0.872607550168813 3.14499038725948 0.149 0.158 1
"FGD6" 0.883261297616854 1.77273037307876 0.092 0.119 1
"LRP8" 0.962763763084643 0.617544136016901 0.086 0.177 1
