"p_val" "avg_log2FC" "pct.1" "pct.2" "p_val_adj"
"TMEM158" 7.05203525427658e-226 6.14322337261984 0.806 0.178 2.11561057628297e-222
"EOMES" 3.1659875425026e-155 6.89825805563191 0.676 0.037 9.49796262750779e-152
"TMSB4X" 1.216798882085e-130 3.45781231080598 0.757 0.315 3.65039664625499e-127
"HES6" 5.63206668968631e-121 5.31290734339613 0.715 0.284 1.68962000690589e-117
"PRDX1" 6.48092791362473e-119 3.63580635322454 0.741 0.338 1.94427837408742e-115
"SMARCD3" 8.45831251036001e-85 3.59473757002424 0.65 0.276 2.537493753108e-81
"CNTNAP2" 5.70353817014301e-81 3.3666533398853 0.609 0.192 1.7110614510429e-77
"SOX4" 1.4396412566977e-76 1.14085513968824 0.844 0.471 4.3189237700931e-73
"GADD45G" 1.74911934745932e-72 2.89655458866822 0.658 0.317 5.24735804237796e-69
"GPM6A" 3.97806323738238e-70 1.93071783864237 0.682 0.381 1.19341897121471e-66
"NNAT" 1.92631399946901e-69 6.98981975908669 0.652 0.348 5.77894199840703e-66
"NHLH1" 1.1889744439088e-67 5.71542035029767 0.49 0.047 3.56692333172641e-64
"SYNE2" 1.72001255657059e-67 4.67218209426756 0.658 0.364 5.16003766971178e-64
"CNR1" 2.77565351652483e-67 1.47276088302057 0.604 0.276 8.32696054957448e-64
"MLLT3" 4.88391637692228e-61 5.38623417495889 0.607 0.299 1.46517491307669e-57
"NR2F1" 2.25449199472646e-59 2.03920454201222 0.644 0.342 6.76347598417938e-56
"LINC01158" 5.01723974717726e-57 2.75511082750065 0.65 0.358 1.50517192415318e-53
"NKAIN3" 2.95941371948194e-54 2.13398594549687 0.603 0.307 8.87824115844583e-51
"IVNS1ABP" 6.50097329765062e-53 5.78021578929772 0.525 0.301 1.95029198929519e-49
"NXPH4" 4.18280945699069e-52 3.49686023067807 0.404 0.095 1.25484283709721e-48
"ELAVL4" 1.53718187481157e-49 0.935831228754982 0.615 0.332 4.61154562443471e-46
"CCSAP" 1.30055373547902e-48 5.48518278189409 0.499 0.261 3.90166120643705e-45
"AC092506.1" 1.18099800690646e-44 1.61849909231343 0.27 0.078 3.54299402071939e-41
"PHLDA1" 5.26354912225142e-44 1.21336258735335 0.576 0.275 1.57906473667543e-40
"TTR" 7.30204308201017e-43 1.11540861441325 0.176 0.099 2.19061292460305e-39
"SGCG" 3.80412907179556e-41 3.4164980243936 0.299 0.085 1.14123872153867e-37
"ELAVL2" 1.87253338226456e-37 7.3882447071617 0.458 0.206 5.61760014679368e-34
"CLMP" 2.002102816363e-37 3.15143023548335 0.326 0.103 6.00630844908901e-34
"CXCL12" 1.59160185892039e-36 4.21579443625897 0.39 0.107 4.77480557676117e-33
"MEIS2" 8.2687436693539e-35 1.46530793047314 0.585 0.343 2.48062310080617e-31
"EMX2" 1.29249969699854e-33 5.43636110157443 0.35 0.138 3.87749909099563e-30
"MT-CO3" 3.71446862904403e-33 0.505745931839057 0.665 0.425 1.11434058871321e-29
"BNC2" 6.72018142095975e-33 0.396952463300151 0.035 0.121 2.01605442628793e-29
"ZBTB20" 7.67465606882976e-33 2.13495131134811 0.55 0.286 2.30239682064893e-29
"MT-CO1" 2.52818516461948e-32 0.57785961095179 0.641 0.445 7.58455549385844e-29
"NAALADL2" 3.35776337971755e-32 0.352544948771646 0.045 0.161 1.00732901391527e-28
"LINC02568" 3.92164232934683e-32 1.89102526154512 0.237 0.064 1.17649269880405e-28
"NEUROG2" 1.58312776592167e-31 5.56204575729074 0.426 0.092 4.74938329776501e-28
"BAZ2B" 6.36828893489681e-29 2.40253935782433 0.52 0.324 1.91048668046904e-25
"RASGRP1" 2.27400600707777e-28 6.60390575795301 0.394 0.095 6.82201802123332e-25
"VCAN" 2.34169394161052e-28 1.35345846421166 0.574 0.375 7.02508182483155e-25
"PPP1R17" 3.05048595381247e-28 5.75220510123927 0.378 0.039 9.15145786143742e-25
"LRP5L" 2.03342032033905e-27 1.03606008986015 0.145 0.074 6.10026096101715e-24
"AC010976.1" 1.75242387040769e-26 2.16345062715301 0.243 0.109 5.25727161122306e-23
"ZBTB18" 5.02697720634209e-26 0.95042302163078 0.512 0.31 1.50809316190263e-22
"ELMO1" 8.46672632920182e-26 3.23106548213106 0.299 0.136 2.54001789876055e-22
"CABP7" 4.6730333088112e-25 0.349828171272531 0.156 0.119 1.40190999264336e-21
"ZGLP1" 1.63614816663043e-23 0.45503668565398 0.161 0.096 4.90844449989128e-20
"ACSM3" 4.24707182312251e-23 0.278062819632417 0.011 0.104 1.27412154693675e-19
"DOCK2" 4.90602747033762e-23 1.24077968059526 0.159 0.315 1.47180824110129e-19
"AC092958.1" 8.47820969574954e-23 0.763283770205533 0.056 0.162 2.54346290872486e-19
"TMEM225B" 1.28276758932895e-22 2.83607754277243 0.178 0.038 3.84830276798684e-19
"MIR99AHG" 6.8972718613506e-22 0.507877324705394 0.469 0.221 2.06918155840518e-18
"LINC02133" 1.0613730774794e-21 1.18554873572887 0.167 0.047 3.18411923243821e-18
"TNNT1" 3.87768059362509e-21 2.16807832454958 0.111 0.129 1.16330417808753e-17
"DNAH2" 8.09086164527487e-21 2.3189721025947 0.141 0.099 2.42725849358246e-17
"HRK" 2.30811767342197e-20 2.16673706531697 0.227 0.089 6.92435302026592e-17
"AC087564.1" 2.76107454300746e-20 0.563682163815349 0.019 0.123 8.28322362902236e-17
"FAP" 8.51988118036246e-20 2.18398634580049 0.197 0.072 2.55596435410874e-16
"CPLX2" 1.34766285990119e-19 2.94397818881646 0.302 0.172 4.04298857970356e-16
"TXNDC16" 1.80821181019338e-19 1.91836367869799 0.219 0.171 5.42463543058015e-16
"POU3F2" 4.29610395191948e-19 4.53661898392813 0.496 0.269 1.28883118557585e-15
"AP1S2" 4.30874802300142e-19 1.15563232590606 0.571 0.395 1.29262440690042e-15
"NPW" 7.98096461577759e-19 1.13954312669367 0.148 0.078 2.39428938473328e-15
"PEX5L" 1.2142473554626e-18 1.5475297733778 0.172 0.115 3.64274206638779e-15
"FOXP2" 1.66578267024596e-18 1.49508801792816 0.235 0.087 4.99734801073789e-15
"CNGA4" 1.78491429450201e-18 0.488664428141282 0.127 0.089 5.35474288350603e-15
"LEMD1" 1.93766765875948e-18 0.937161444373976 0.288 0.116 5.81300297627845e-15
"DDX11-AS1" 2.62144091457692e-18 0.443330911414298 0.118 0.078 7.86432274373076e-15
"FABP6" 3.0130152076869e-18 0.411202999448076 0.184 0.083 9.0390456230607e-15
"LINC01967" 6.49089904380545e-18 3.67113697493011 0.231 0.068 1.94726971314164e-14
"AL031777.3" 8.74088583879423e-18 0.406625956874519 0.043 0.177 2.62226575163827e-14
"KCNQ3" 1.04304781824767e-17 3.41035643951227 0.339 0.189 3.129143454743e-14
"LINC02440" 1.18765842931195e-17 1.91302717719058 0.203 0.149 3.56297528793586e-14
"NR2F2" 2.29735435864415e-17 1.84201965648935 0.334 0.282 6.89206307593246e-14
"CNTNAP4" 3.65250295746582e-17 0.357986108280095 0.102 0.103 1.09575088723974e-13
"AC092471.2" 6.10343517120206e-17 0.931807282486536 0.189 0.096 1.83103055136062e-13
"KDM5B" 6.48297023278909e-17 0.586615851714557 0.541 0.393 1.94489106983673e-13
"CHODL" 1.45154308761317e-16 1.29281475396798 0.118 0.072 4.35462926283952e-13
"AL022313.4" 1.55059388338522e-16 0.625743231808364 0.105 0.06 4.65178165015566e-13
"RPS19" 2.96139174451079e-16 2.59021213765344 0.585 0.428 8.88417523353236e-13
"LAG3" 4.42741679934396e-16 0.998612063174377 0.126 0.093 1.32822503980319e-12
"AC093677.2" 4.87994249687067e-16 1.51140367416627 0.194 0.097 1.4639827490612e-12
"PAX6" 5.69213837081836e-16 1.97958701139272 0.362 0.226 1.70764151124551e-12
"RGS16" 1.33280472150876e-15 2.76898649348479 0.169 0.145 3.99841416452627e-12
"GRIK1-AS1" 1.47560562768531e-15 1.55709821937747 0.11 0.085 4.42681688305592e-12
"AC024560.3" 1.50916446157056e-15 1.3283350289386 0.189 0.14 4.52749338471167e-12
"NBAT1" 1.95317117400254e-15 0.352788228422821 0.024 0.148 5.85951352200761e-12
"MDK" 2.93412836736895e-15 2.49569291140685 0.456 0.257 8.80238510210685e-12
"TMC2" 2.98764614138998e-15 0.864178530284288 0.102 0.068 8.96293842416995e-12
"LRFN5" 3.58555284660919e-15 0.393617514165333 0.218 0.107 1.07566585398276e-11
"LHX9" 4.36121220242311e-15 1.81582149923292 0.141 0.093 1.30836366072693e-11
"LHFPL5" 5.35540559090361e-15 1.41079798819147 0.065 0.1 1.60662167727108e-11
"AL035681.1" 6.66916449054402e-15 0.808468270855082 0.118 0.113 2.00074934716321e-11
"AC113414.1" 7.48698362020122e-15 0.754241135447318 0.072 0.109 2.24609508606037e-11
"SVIL" 1.14981661814604e-14 4.73431548422063 0.243 0.129 3.44944985443813e-11
"CXCL13" 2.33530404981878e-14 0.91416292604859 0.056 0.104 7.00591214945634e-11
"ST6GALNAC3" 2.52267089114023e-14 2.66536039294712 0.032 0.142 7.56801267342068e-11
"INSM1" 3.12923278936303e-14 1.31726324718809 0.415 0.235 9.3876983680891e-11
"Z93241.1" 3.20103419783163e-14 0.839039374275153 0.04 0.112 9.60310259349488e-11
"AL162511.1" 3.29470242589174e-14 1.08307752001221 0.121 0.069 9.88410727767523e-11
"GAS2" 4.59888848721511e-14 2.53684962567732 0.157 0.102 1.37966654616453e-10
"EPB41L4B" 5.30256825858848e-14 0.587789409381111 0.11 0.098 1.59077047757654e-10
"SIX4" 5.71670767270981e-14 1.62518746416789 0.18 0.083 1.71501230181294e-10
"KIAA1024" 6.07403866096108e-14 0.986341060342525 0.11 0.087 1.82221159828832e-10
"SLCO5A1" 6.94913309625328e-14 0.399909494470369 0.25 0.145 2.08473992887598e-10
"CRYM" 7.92091323086611e-14 0.329145529937401 0.01 0.109 2.37627396925983e-10
"DDN-AS1" 9.8923433338957e-14 1.14776830078562 0.118 0.082 2.96770300016871e-10
"PLCB4" 1.00441351334083e-13 1.80447035322093 0.286 0.131 3.01324054002248e-10
"SPTY2D1OS" 1.31145855857175e-13 0.268970804945411 0.04 0.139 3.93437567571524e-10
"AC233296.1" 2.66508722368217e-13 0.728436644380579 0.161 0.109 7.9952616710465e-10
"AC087623.2" 2.73225906013573e-13 0.271096181025531 0.103 0.078 8.19677718040718e-10
"HIF1A-AS1" 3.13425268181727e-13 0.498397895791715 0.067 0.121 9.4027580454518e-10
"PTCH2" 3.88984259288893e-13 1.43606886084186 0.184 0.155 1.16695277786668e-09
"CKB" 3.98342615226526e-13 0.627189269252545 0.312 0.428 1.19502784567958e-09
"ETV2" 4.22388720431903e-13 1.534811420768 0.213 0.118 1.26716616129571e-09
"SNCAIP" 7.0158463718962e-13 0.611291774235883 0.324 0.197 2.10475391156886e-09
"AC244517.10" 9.05998689503671e-13 1.43148951273499 0.184 0.06 2.71799606851101e-09
"HECW1" 1.34111905273326e-12 2.3125598892954 0.291 0.133 4.02335715819978e-09
"IGFBPL1" 2.66550354130375e-12 2.33850613293687 0.313 0.141 7.99651062391125e-09
"SCG2" 4.8105304579624e-12 0.901691828424338 0.167 0.153 1.44315913738872e-08
"LHX2" 5.2847397213491e-12 1.46997184420144 0.464 0.294 1.58542191640473e-08
"TRHDE" 1.07612714769992e-11 0.460861218425437 0.081 0.102 3.22838144309975e-08
"ZNRF2" 1.14417512499985e-11 2.36937310443235 0.18 0.088 3.43252537499955e-08
"AFDN" 1.25881235053359e-11 1.47494674749725 0.486 0.36 3.77643705160078e-08
"CNTNAP5" 1.76109924867138e-11 0.345030934148721 0.127 0.112 5.28329774601414e-08
"AC015802.6" 1.96077203101803e-11 1.51856514776758 0.129 0.084 5.88231609305409e-08
"SIPA1L2" 2.16685138863591e-11 6.93576210955725 0.267 0.157 6.50055416590774e-08
"DHRS2" 3.43109671695026e-11 2.05343338660605 0.121 0.087 1.02932901508508e-07
"JPH3" 3.74348540929485e-11 1.00942096462575 0.191 0.181 1.12304562278846e-07
"AC008443.1" 4.89220941607408e-11 0.931808582286923 0.13 0.107 1.46766282482222e-07
"CALD1" 5.10336880937353e-11 2.87019486162814 0.399 0.23 1.53101064281206e-07
"LINC00639" 5.8180934174381e-11 0.542513782405807 0.051 0.101 1.74542802523143e-07
"FRG1-DT" 9.20967072627679e-11 1.06687208765548 0.175 0.145 2.76290121788304e-07
"CRHR2" 1.17433013354732e-10 3.90107479160356 0.145 0.057 3.52299040064195e-07
"EGF" 1.62213152504961e-10 1.16780299079182 0.137 0.168 4.86639457514883e-07
"AC092171.4" 2.18464021011453e-10 1.0385190071668 0.099 0.11 6.55392063034359e-07
"AC008056.1" 2.4789317239956e-10 1.03153296907012 0.1 0.065 7.43679517198679e-07
"AGBL4" 2.81896716045104e-10 0.473920489439822 0.116 0.11 8.45690148135311e-07
"ZNF20" 3.07804935133266e-10 1.11724714601481 0.056 0.104 9.23414805399799e-07
"KCNK1" 3.82075907801926e-10 0.997814014464725 0.091 0.102 1.14622772340578e-06
"TFDP2" 4.0756389320189e-10 3.80163843455056 0.399 0.215 1.22269167960567e-06
"ASS1" 4.09193113986782e-10 3.53971078759577 0.213 0.09 1.22757934196035e-06
"PLCL1" 4.11541801316597e-10 1.52143749391698 0.114 0.145 1.23462540394979e-06
"SORCS1" 5.17351826347117e-10 0.257358894500836 0.017 0.119 1.55205547904135e-06
"PGAP1" 6.27205382176945e-10 1.98891118928622 0.401 0.294 1.88161614653084e-06
"UNC5B" 7.52209879114185e-10 0.540412972442526 0.119 0.116 2.25662963734256e-06
"SSH3" 8.55494234231939e-10 1.8373193887971 0.122 0.096 2.56648270269582e-06
"TGFB1" 9.30609397239336e-10 2.3935790047685 0.175 0.096 2.79182819171801e-06
"STX16-NPEPL1" 1.12783071389269e-09 0.338949682381546 0.006 0.102 3.38349214167808e-06
"AC078923.1" 1.23900219154978e-09 0.858794746634217 0.17 0.117 3.71700657464933e-06
"CAMTA1-DT" 1.31629197325948e-09 0.780022370803367 0.013 0.125 3.94887591977844e-06
"EFCAB5" 1.3936952950904e-09 1.00431979991978 0.119 0.125 4.1810858852712e-06
"PLXDC1" 1.56020133225778e-09 0.887275737985256 0.121 0.134 4.68060399677333e-06
"SGCZ" 1.58726625069018e-09 0.865124941176235 0.159 0.121 4.76179875207055e-06
"LINC02268" 2.03179172159073e-09 0.557868372018669 0.086 0.108 6.09537516477218e-06
"TIMP3" 2.12102895078998e-09 2.87871890443039 0.229 0.092 6.36308685236993e-06
"DDIT4-AS1" 2.83192649922348e-09 0.614753990332586 0.135 0.101 8.49577949767043e-06
"PPM1F" 2.86156107484511e-09 1.71722077139662 0.189 0.146 8.58468322453533e-06
"CDKN2B" 3.13834037032307e-09 0.905965647342203 0.092 0.1 9.41502111096921e-06
"PLCB1" 3.20813806506573e-09 0.624133413065305 0.308 0.193 9.62441419519718e-06
"RUNX2" 3.51775209703327e-09 2.41346270047288 0.17 0.031 1.05532562910998e-05
"AP001458.2" 5.34009346790266e-09 0.727315342615954 0.029 0.145 1.6020280403708e-05
"SGIP1" 5.61578524005781e-09 1.83147358504743 0.194 0.195 1.68473557201734e-05
"AL139383.1" 6.03147900604542e-09 1.92889832750407 0.1 0.035 1.80944370181363e-05
"LINC01965" 7.35051785591741e-09 0.957120110143514 0.127 0.107 2.20515535677522e-05
"CCDC141" 1.25996557192994e-08 2.94693967650214 0.138 0.025 3.77989671578983e-05
"UBE2R2-AS1" 1.31430128210144e-08 0.833173459664987 0.165 0.064 3.94290384630433e-05
"EZH2" 1.34911053029747e-08 4.99158624851887 0.461 0.294 4.04733159089242e-05
"VRK2" 1.8470047969765e-08 0.359145322863215 0.107 0.083 5.5410143909295e-05
"AL390726.6" 2.12659420149237e-08 1.44167387735737 0.108 0.062 6.37978260447711e-05
"SERPINF1" 3.60702137242054e-08 2.28163699562052 0.18 0.066 0.000108210641172616
"TES" 4.07857322293853e-08 0.79591628812166 0.094 0.13 0.000122357196688156
"CRTAC1" 5.65137645401406e-08 0.439040004769733 0.006 0.104 0.000169541293620422
"TMEM132D" 6.20836935811931e-08 2.52320576684887 0.124 0.095 0.000186251080743579
"AC132807.2" 6.73096414401634e-08 1.22227423347808 0.141 0.111 0.00020192892432049
"SUMO1P3" 7.10224124147844e-08 2.27172906769985 0.135 0.04 0.000213067237244353
"CCDC191" 8.41909171114986e-08 1.15814692956048 0.054 0.122 0.000252572751334496
"UNC5D" 9.79378729467498e-08 0.437286014748038 0.261 0.15 0.000293813618840249
"LYPD1" 1.02810338195575e-07 5.88517951689764 0.277 0.063 0.000308431014586725
"CKM" 1.23390272212091e-07 1.76053064014097 0.245 0.124 0.000370170816636273
"AF117829.1" 1.25564347503048e-07 1.45003173978987 0.2 0.1 0.000376693042509145
"AL078644.2" 1.29420201317076e-07 2.11299080739741 0.135 0.099 0.000388260603951227
"SATB1-AS1" 1.37752575753126e-07 0.793175657525509 0.151 0.193 0.000413257727259378
"ELMOD1" 1.41760658757956e-07 0.502205055289831 0.103 0.091 0.000425281976273868
"BARX1" 1.6071066526884e-07 0.646879208171258 0.108 0.134 0.000482131995806521
"GLYATL1" 1.64504063842348e-07 0.946959780849776 0.105 0.094 0.000493512191527043
"KCNG1" 1.80964901757066e-07 0.828499531007938 0.235 0.12 0.000542894705271199
"NPTX2" 2.25938172567822e-07 1.16344301712875 0.126 0.124 0.000677814517703465
"SPESP1" 2.30006187420112e-07 1.73228401418056 0.083 0.129 0.000690018562260335
"AC040169.1" 2.78104571818056e-07 0.470025806221063 0.017 0.143 0.000834313715454167
"RXFP1" 3.33549117408471e-07 0.324230674098313 0.092 0.138 0.00100064735222541
"MAFB" 4.09430867435154e-07 1.15076564985148 0.046 0.169 0.00122829260230546
"AC114689.3" 4.6783035832076e-07 1.79756463417844 0.145 0.093 0.00140349107496228
"NRN1" 5.25860855605028e-07 1.154720216181 0.235 0.178 0.00157758256681509
"RNF217-AS1" 5.28237474157242e-07 1.25190736363128 0.108 0.036 0.00158471242247172
"NOMO2" 6.62189504960864e-07 1.25060398036777 0.137 0.086 0.00198656851488259
"AC020611.2" 8.62962605352664e-07 0.654511299767439 0.111 0.165 0.00258888781605799
"ETV6" 8.92894161625642e-07 1.26726056326921 0.032 0.128 0.00267868248487693
"AC112236.1" 1.17470172194428e-06 1.49630102081143 0.138 0.065 0.00352410516583285
"WNT7B" 1.19581595014651e-06 2.04018996572834 0.226 0.088 0.00358744785043952
"ZFHX2-AS1" 1.34756438032924e-06 1.30531755263372 0.073 0.136 0.00404269314098772
"SAMD12-AS1" 1.62551781102956e-06 2.69647535843747 0.143 0.032 0.00487655343308868
"AC233992.3" 1.73214583258555e-06 2.7096426122774 0.121 0.091 0.00519643749775665
"TBC1D2" 2.28083278771259e-06 0.646852388180317 0.137 0.131 0.00684249836313777
"LINC01990" 2.33139359101831e-06 0.901377159333901 0.181 0.071 0.00699418077305493
"LINC00624" 2.81436991583134e-06 1.16388091503433 0.154 0.121 0.00844310974749402
"LINC01619" 3.41176523623561e-06 0.535536417677573 0.059 0.134 0.0102352957087068
"FSIP2" 4.18572305781594e-06 3.29458949510389 0.221 0.139 0.0125571691734478
"TMEM97" 4.48957512832832e-06 0.986694995058678 0.202 0.234 0.013468725384985
"RPS6KA6" 5.67465511379562e-06 0.927306253889512 0.11 0.119 0.0170239653413869
"EFNA5" 5.81661392150931e-06 1.28957186767875 0.1 0.09 0.0174498417645279
"AC098936.1" 5.89585017682289e-06 2.51035012160336 0.157 0.166 0.0176875505304687
"ARL4C" 6.45762852911255e-06 1.86203726269944 0.351 0.307 0.0193728855873376
"AC021504.1" 7.01574979049237e-06 0.530223456168491 0.033 0.166 0.0210472493714771
"TNFRSF10D" 9.00851663650796e-06 0.907043400061994 0.13 0.161 0.0270255499095239
"PCDH7" 1.12111741222644e-05 2.43424385468679 0.211 0.101 0.0336335223667932
"AC104041.1" 1.12552750815368e-05 1.70027792804646 0.092 0.117 0.0337658252446103
"OSBPL7" 1.17382419162617e-05 1.80828833314879 0.203 0.148 0.035214725748785
"LINC02525" 1.20210116509709e-05 0.716059077224628 0.084 0.123 0.0360630349529127
"AC096992.2" 1.29184469404984e-05 1.17681126372356 0.119 0.095 0.0387553408214951
"TUBB2B" 1.36725187448527e-05 0.268172004156457 0.52 0.429 0.041017556234558
"SUMO2P17" 1.50927050606048e-05 1.32665665957207 0.032 0.103 0.0452781151818143
"AATK" 1.71693367436068e-05 0.359337823725944 0.113 0.14 0.0515080102308203
"AC092839.1" 2.91708664476795e-05 0.904403806298061 0.1 0.143 0.0875125993430385
"PCDHB2" 3.40453106414596e-05 0.389263134284609 0.362 0.237 0.102135931924379
"FARS2" 3.4747270794382e-05 3.1892124068615 0.213 0.151 0.104241812383146
"PRSS23" 3.47965392921537e-05 1.23964134067121 0.184 0.133 0.104389617876461
"MMP16" 4.19820370271501e-05 3.59719014548689 0.181 0.139 0.12594611108145
"WNT2B" 4.23307735721786e-05 0.925661789711983 0.138 0.063 0.126992320716536
"ZFPM2" 4.5789742438502e-05 0.907071019933307 0.065 0.101 0.137369227315506
"AL160313.1" 4.58804597618548e-05 1.26297807856648 0.092 0.117 0.137641379285564
"HSPD1P4" 4.6083837465663e-05 0.999965419980878 0.035 0.105 0.138251512396989
"EDN2" 4.824376690736e-05 0.97413933177933 0.083 0.117 0.14473130072208
"CACNA1A" 5.13752398013074e-05 2.33165135058477 0.102 0.114 0.154125719403922
"ZNF837" 5.20001454538132e-05 0.301799421709198 0.037 0.12 0.15600043636144
"NRP2" 5.25502212893787e-05 2.24660472801693 0.118 0.113 0.157650663868136
"MST1R" 5.26901166595665e-05 1.11498626969069 0.118 0.08 0.1580703499787
"AL606807.1" 6.55135830268071e-05 1.96232507070002 0.141 0.04 0.196540749080421
"PPP2R2B" 6.55604078391516e-05 0.649555249476195 0.348 0.237 0.196681223517455
"THAP9" 6.6658855159947e-05 2.49630638991392 0.18 0.096 0.199976565479841
"XACT" 6.92802311016392e-05 0.8733650666023 0.102 0.089 0.207840693304918
"AC244517.11" 8.36680481973522e-05 0.728648557967368 0.129 0.084 0.251004144592057
"SLC35F4" 9.25881789879693e-05 2.2613380085245 0.119 0.144 0.277764536963908
"FAM229A" 9.2702437178474e-05 1.80997348185936 0.149 0.048 0.278107311535422
"AC008691.1" 9.89412603012414e-05 0.455488465684471 0.108 0.093 0.296823780903724
"AC012349.1" 0.000102272848041553 0.913691596986657 0.151 0.065 0.306818544124659
"MPP7" 0.000116956182722185 1.11050721314781 0.078 0.117 0.350868548166555
"AL135999.1" 0.000135038245928948 0.678983937549885 0.137 0.139 0.405114737786843
"AP000251.1" 0.000140951471254889 0.544945859523981 0.148 0.123 0.422854413764667
"SORBS2" 0.000149973422657141 2.31454058984957 0.181 0.178 0.449920267971422
"ZMAT4" 0.000154095114054739 0.925067681182158 0.173 0.077 0.462285342164218
"ERO1B" 0.000155985514782654 0.707670450066393 0.135 0.149 0.467956544347963
"PARM1" 0.000162748720117939 1.46809529233641 0.113 0.128 0.488246160353818
"AC055811.1" 0.000191389815543301 1.78300120981265 0.118 0.089 0.574169446629902
"PTH2R" 0.000198060617355907 1.78127033844632 0.105 0.087 0.59418185206772
"NTN4" 0.000201823145099144 0.741487300593658 0.016 0.138 0.605469435297431
"FAM155B" 0.000230646845729331 1.84339627283898 0.237 0.164 0.691940537187994
"MIR210HG" 0.000232177876140569 1.02203679465187 0.121 0.164 0.696533628421706
"AL355304.1" 0.000303477439816933 1.51618236725747 0.129 0.046 0.910432319450798
"FAM53A" 0.000335461143859419 2.13175330569356 0.161 0.102 1
"KCNH7" 0.000469793081530101 1.66445319479366 0.183 0.145 1
"DEPDC7" 0.000486437770675498 1.58361245116733 0.129 0.116 1
"AGBL2" 0.000495334368555398 1.89664305531215 0.124 0.046 1
"AL049780.2" 0.000521284392379032 1.36421139037043 0.14 0.097 1
"AC093901.1" 0.000583651354071494 0.382604231148187 0.146 0.078 1
"GCNA" 0.000606482943782738 1.09223879247869 0.102 0.072 1
"PDE1A" 0.000627171227771128 1.29227588041915 0.137 0.139 1
"AC234775.3" 0.000631242345078304 0.938605096300265 0.04 0.126 1
"AL353807.2" 0.000632783032378311 0.96300901343368 0.11 0.068 1
"AC009053.1" 0.00064274069182625 0.572928827247098 0.083 0.104 1
"STK32A" 0.000648933170167863 0.845433267447017 0.161 0.088 1
"MT-TL1" 0.000661550546641587 0.579240019134224 0.108 0.168 1
"ANKHD1-EIF4EBP3" 0.000735047587861222 2.10797556040866 0.183 0.053 1
"GUSBP2" 0.000808447187380092 0.525122961997106 0.111 0.079 1
"KLHL29" 0.000815531756291851 1.08373223893793 0.07 0.11 1
"FAM160A1" 0.000927356599970935 1.33534537633465 0.122 0.039 1
"AC016705.2" 0.00105570102603102 0.323638665107387 0.07 0.144 1
"SCUBE2" 0.00106352270211177 1.04164239919453 0.1 0.131 1
"DANT2" 0.00108424553684947 1.06129882768056 0.03 0.108 1
"KCTD14" 0.00116243299253529 0.325460708208999 0.108 0.106 1
"HTATIP2" 0.00118332583875053 0.385439926010825 0.078 0.101 1
"SCOC-AS1" 0.00138870252122654 0.640810877987153 0.038 0.119 1
"LURAP1L" 0.00153574740104738 0.424896920803926 0.111 0.116 1
"AC004852.2" 0.00163018031803349 0.959891686179915 0.075 0.125 1
"SZT2" 0.00165047625948578 1.85948319762709 0.035 0.158 1
"FAAH2" 0.00172925239158316 1.77140121259877 0.13 0.131 1
"DLEU2" 0.00179554876182227 1.97126349663685 0.291 0.179 1
"AC124045.1" 0.0020297284128835 1.14414691826999 0.113 0.064 1
"SYT2" 0.00227259628827055 3.08100157165549 0.148 0.038 1
"AL137003.1" 0.00239734701398867 0.811057671373256 0.154 0.059 1
"ANKRD12" 0.00256853698951645 1.60220742018237 0.256 0.318 1
"ZNF883.1" 0.00272542218594968 1.39762886891229 0.161 0.107 1
"GSG1L" 0.00275523780728173 0.334310004857294 0.111 0.059 1
"AL589935.1" 0.0030919375271322 2.21531520262604 0.11 0.024 1
"CAPS" 0.00322907825352793 0.714080628481353 0.18 0.097 1
"PURPL" 0.00356811908082699 2.71188633198665 0.103 0.135 1
"BNIP3L" 0.00378096429637496 1.9527483010139 0.378 0.417 1
"MIAT" 0.00407722443212912 2.43337334200993 0.132 0.157 1
"UPP2" 0.00427872238191858 0.83875242097521 0.1 0.173 1
"AC037459.3" 0.00472259340350129 0.982247587672271 0.118 0.084 1
"KDM4D" 0.00549904216153618 0.495912883615635 0.043 0.157 1
"NFKBIA" 0.00557650459288871 1.17518683554604 0.176 0.193 1
"KIAA2012" 0.00577796063212808 1.61041361784777 0.111 0.032 1
"KLHDC1" 0.00618091879610596 1.1404018435622 0.092 0.137 1
"AC060765.1" 0.00641953584046343 3.33400361357498 0.129 0.042 1
"LINC00504" 0.00672797246069268 1.13095039030495 0.084 0.106 1
"AMOTL2" 0.00709462941319347 1.18783023437491 0.07 0.133 1
"DLL1" 0.00731949572081687 1.59146069545028 0.107 0.103 1
"HELQ" 0.00755957844901503 2.23374203117106 0.073 0.143 1
"AC104985.1" 0.00759411796966693 0.71155546013634 0.1 0.064 1
"RCAN2" 0.00806910867247188 0.623716800087282 0.081 0.128 1
"SLCO4C1" 0.00819808551741127 3.27977080373927 0.178 0.034 1
"ST8SIA4" 0.008590170422325 2.24956837145741 0.107 0.155 1
"ADGRB3" 0.00880090215549889 0.644071895660385 0.17 0.224 1
"SPINK5" 0.00928931763299516 1.16823491910549 0.089 0.128 1
"ZBTB20-AS5" 0.010345531821107 1.27862037958192 0.199 0.127 1
"RGR" 0.0105464783409949 2.34313305115562 0.141 0.064 1
"AP002495.1" 0.0112607454691927 0.993295674816427 0.103 0.124 1
"DENND4A" 0.0119504809266365 3.06186748195567 0.126 0.153 1
"RUNX1T1" 0.011969308381247 0.518396320535206 0.119 0.239 1
"CTSK" 0.012660258237615 2.09596895284169 0.1 0.069 1
"MSX1" 0.0128996094333128 0.426623424288998 0.084 0.118 1
"MXRA8" 0.0144465064425969 1.15819780867473 0.192 0.129 1
"AC005520.5" 0.0147565633956149 1.41132251313655 0.102 0.104 1
"ANKAR" 0.0155308667556298 1.41350410450774 0.118 0.133 1
"AP001486.2" 0.015732721108164 0.433791167837642 0.016 0.135 1
"LINC01424" 0.0165484052508218 0.292756241087117 0.086 0.117 1
"SRGAP1" 0.0166926831019856 5.17905592509755 0.277 0.31 1
"H1F0" 0.0174906902941145 0.66413056504385 0.246 0.266 1
"AL589740.1" 0.0195753098415003 1.62529203796101 0.254 0.149 1
"AC005306.1" 0.0203244176368262 0.860920111977771 0.113 0.137 1
"RPL35P2" 0.0207857903224707 0.274946342271155 0.019 0.108 1
"NANOS1" 0.0221318774308323 0.501142630561707 0.035 0.112 1
"BTG2" 0.0236290120003154 3.16903257351301 0.253 0.14 1
"ZFP37" 0.0245602116616775 1.88326320547023 0.102 0.157 1
"AC010320.3" 0.0274651537111041 0.92701604007458 0.089 0.104 1
"LINC01980" 0.0281658319777745 1.67363154884918 0.121 0.124 1
"TTC36" 0.0282241807862472 1.05938728713702 0.087 0.126 1
"PICK1" 0.0297578525219255 1.16895725811116 0.089 0.113 1
"STC1" 0.0310527754240442 0.418636496635784 0.148 0.149 1
"AC005609.5" 0.0347772670346548 1.67302936125278 0.067 0.128 1
"AC097478.1" 0.035827946040311 1.77124288919084 0.072 0.127 1
"LINC01830" 0.0366235735510923 0.698217834272544 0.191 0.07 1
"WFDC2" 0.0369533651681335 1.70379269800655 0.164 0.094 1
"FHDC1" 0.0382398535154573 2.25512213622078 0.148 0.091 1
"TNFRSF25" 0.0385972517220885 1.38314314142376 0.079 0.116 1
"GNG8" 0.0392779328971221 0.413720392432493 0.046 0.106 1
"NR2F2-AS1" 0.039548628587993 1.81728257273197 0.114 0.123 1
"HIST1H2BN" 0.0489715236497592 0.982819428207314 0.102 0.16 1
"TENM4" 0.0514398261501521 3.17660936187046 0.218 0.161 1
"AP001065.1" 0.0529180310579423 0.53336284275764 0.108 0.102 1
"LRP3" 0.0543789095269147 1.80210354329396 0.057 0.114 1
"AC104985.2" 0.0606818825867257 0.718527569425323 0.1 0.028 1
"KCNB2" 0.0608980137959899 0.923599129935301 0.046 0.147 1
"TCEAL5" 0.0658951664006015 0.706582525259602 0.086 0.14 1
"AC010729.1" 0.0661894605728826 1.32513729814696 0.124 0.11 1
"CRABP1" 0.0683241273470657 1.30089441063079 0.121 0.064 1
"AL139021.2" 0.0695216901669832 1.67089942558239 0.149 0.111 1
"FLRT3" 0.0785332148065924 2.85671949472648 0.159 0.115 1
"OR7E14P" 0.0807354370570167 1.11073000217163 0.186 0.059 1
"AL023806.1" 0.0881911744003588 2.12930992528024 0.111 0.084 1
"LINC01232" 0.0882669709371063 1.65813658289997 0.122 0.064 1
"INPP5D" 0.0885593060618018 2.34573760787882 0.13 0.141 1
"BRINP2" 0.0916234103890861 3.06152321309562 0.091 0.115 1
"PFKFB1" 0.0951031405997131 0.308303974731819 0.057 0.116 1
"AC068722.1" 0.100228944977069 0.375521171832235 0.122 0.094 1
"LINC01170" 0.104639611924748 1.27141216253849 0.046 0.147 1
"SLC35F3" 0.105050080092715 2.22947921584953 0.102 0.137 1
"NEUROD4" 0.10816730386866 5.96309033287509 0.157 0.017 1
"FDFT1" 0.112965261586953 2.34228473440735 0.37 0.343 1
"CDK18" 0.117424126334951 0.304388684205266 0.105 0.159 1
"LINC01748" 0.122954473967616 1.40516410083075 0.108 0.118 1
"FN1" 0.138162941292779 1.48962178709961 0.124 0.085 1
"CHST9" 0.154726596817123 0.976890787325273 0.108 0.076 1
"AC109322.1" 0.155793348171305 0.471901677332729 0.108 0.091 1
"DPY19L2P3" 0.157847876805261 1.00499598243814 0.04 0.134 1
"ZNF491" 0.165898789204892 2.26041704457669 0.081 0.108 1
"ZSCAN23" 0.166802841819361 1.40174730631878 0.162 0.121 1
"AC008415.1" 0.171251485695728 1.40091346223608 0.122 0.114 1
"AC006547.2" 0.171368069524704 1.29929030381561 0.065 0.11 1
"CDK6" 0.172997946085353 1.92712399440113 0.199 0.106 1
"AC008758.6" 0.17359231476244 1.20111657920653 0.118 0.14 1
"AC092910.3" 0.175343632869377 0.728325502356421 0.072 0.125 1
"AP001172.1" 0.181713214846875 1.43161711090033 0.126 0.112 1
"CATSPERE" 0.192688099134951 0.258625956895317 0.1 0.109 1
"GDF15" 0.19785911944697 2.30946873939874 0.078 0.14 1
"EPHA4" 0.198132832148999 0.327908563554647 0.137 0.177 1
"IDUA" 0.201888460186817 0.654698307614145 0.137 0.119 1
"LYPD6B" 0.206336925531616 2.28906041384213 0.127 0.107 1
"AC010186.3" 0.220521457382521 0.389852315754462 0.103 0.055 1
"RASD2" 0.226231903663423 2.41045037124389 0.111 0.053 1
"ZNF578" 0.243041413497269 0.44328800890913 0.043 0.105 1
"GCG" 0.245111323779801 1.3727901913641 0.114 0.056 1
"NSG2" 0.246323335196114 1.3894802758589 0.297 0.364 1
"CNBD1" 0.248118692402244 1.62036173771466 0.126 0.031 1
"COL25A1" 0.271280398293849 1.89688614485171 0.17 0.121 1
"AC104109.2" 0.280287289803665 0.741142119044714 0.121 0.099 1
"LINC02055" 0.291764356325275 2.3352315190983 0.165 0.135 1
"AC015912.3" 0.294715818995468 1.4303532405007 0.111 0.113 1
"AC017053.1" 0.302234145846353 0.623435661302651 0.154 0.128 1
"C20orf204" 0.305220671078023 0.324472528596049 0.135 0.074 1
"ANAPC5" 0.310763887276566 1.1534110185687 0.297 0.275 1
"ASCL1" 0.327572207596707 2.38715824306891 0.323 0.256 1
"AC006460.1" 0.340131571379517 1.87644161390586 0.105 0.067 1
"AC023886.1" 0.353497590492162 1.36726652822895 0.092 0.133 1
"ZFHX3" 0.359431143394288 0.298275706645094 0.105 0.142 1
"AC009283.1" 0.360539939705903 1.74476470345553 0.121 0.068 1
"GOLGA6L10" 0.36098475954531 0.653766193385566 0.13 0.091 1
"AC005562.1" 0.380172492824416 0.747805542647727 0.135 0.122 1
"HCG17" 0.384148312576071 0.621817975147868 0.083 0.126 1
"CHGB" 0.385748705867677 3.1228015135545 0.108 0.176 1
"KIF26B" 0.396446300701876 4.27882774719333 0.302 0.111 1
"LATS2" 0.416411582060447 0.508145470101448 0.105 0.077 1
"SPOCK1" 0.421901004807486 1.9601943566047 0.134 0.161 1
"HIST1H2BG" 0.449051680460351 0.603762945743301 0.18 0.208 1
"HMGN3" 0.449323555238894 0.621020371688061 0.407 0.372 1
"GPC6" 0.454841917044061 2.76630362986755 0.156 0.136 1
"AC025164.1" 0.465569937335104 0.406008196830589 0.126 0.154 1
"PLEKHH2" 0.470702926393506 0.34750608782533 0.121 0.103 1
"AC145422.1" 0.474577251080507 1.59863424236006 0.111 0.054 1
"SLA" 0.477444088294473 1.31375809331048 0.296 0.257 1
"TMEM123" 0.492346106644414 1.82716769784507 0.305 0.328 1
"PENK" 0.492521138734542 2.98036418957416 0.242 0.093 1
"GAS1RR" 0.50183676811148 2.42775306484592 0.173 0.071 1
"CHRNA3" 0.50332136357382 3.76539583957998 0.189 0.05 1
"SLC17A8" 0.508883116323161 1.19949394983806 0.126 0.147 1
"AL354920.1" 0.512373331831626 0.510283716871305 0.064 0.112 1
"MAP3K20-AS1" 0.512975147116687 1.5637041739236 0.019 0.119 1
"ANKRD18CP" 0.520717817707702 0.52662158946819 0.151 0.139 1
"PRKX" 0.521764678911946 0.882511628219359 0.324 0.297 1
"GNG5" 0.521901114426486 0.795064640916199 0.385 0.341 1
"ZNF525" 0.530808606785434 0.920424257209813 0.095 0.141 1
"ABRACL" 0.536971088714571 2.21879896962086 0.326 0.306 1
"AC231533.1" 0.578827836112461 1.20519794975489 0.113 0.095 1
"GRIN2D" 0.60394744995597 0.324038243491731 0.043 0.124 1
"UBE2F-SCLY" 0.615215935252533 0.554770890211259 0.068 0.103 1
"CFAP61" 0.617012364504867 0.762359461488407 0.083 0.106 1
"AC244517.1" 0.619833153852928 1.00535700870279 0.072 0.12 1
"AC003006.1" 0.628718322075118 1.76967103700992 0.161 0.052 1
"AC137723.1" 0.628862534956027 0.848650399163803 0.102 0.05 1
"HSPB8" 0.65988701873058 0.324187384375287 0.156 0.053 1
"AL137077.2" 0.669419310522747 1.26964519376919 0.097 0.113 1
"AC091551.1" 0.679114297804554 0.602195595689187 0.033 0.122 1
"AC025048.4" 0.681635845806301 0.508905676902526 0.01 0.112 1
"RUNX1" 0.682291635074333 1.65156737589865 0.043 0.117 1
"ARHGAP15" 0.692936553486196 0.720912731900363 0.124 0.089 1
"NEUROG1" 0.693556407706617 5.38357902210388 0.172 0.026 1
"AL139412.1" 0.698332118534869 0.273902402929828 0.127 0.146 1
"AC019077.1" 0.699480271036042 0.744127393884677 0.1 0.124 1
"FOS" 0.709098303741278 2.1053962620068 0.153 0.169 1
"TAC3" 0.722234659761429 3.1913665640857 0.151 0.072 1
"ZBTB46" 0.724945069516227 1.69653031398276 0.114 0.135 1
"ZNF57" 0.736913485919207 0.908656285799971 0.114 0.108 1
"BBC3" 0.756895644722364 0.884358651211986 0.141 0.178 1
"SRP54-AS1" 0.775868770300469 0.421452248794848 0.092 0.147 1
"AL133227.1" 0.784745367039944 1.7306541215303 0.114 0.062 1
"HNRNPA2B1" 0.793665716079961 0.351665587692711 0.423 0.418 1
"CHRNA7" 0.79382758857796 1.19931160351351 0.121 0.068 1
"AC011290.1" 0.802147073095083 0.44684126023262 0.119 0.105 1
"FAM47E" 0.814071600809237 1.35684953988224 0.107 0.075 1
"AC104806.2" 0.820611035553739 0.530423797623023 0.057 0.111 1
"AC005726.1" 0.838164106914904 1.80473386262072 0.191 0.106 1
"MFAP4" 0.849069609523429 2.91339858967876 0.137 0.072 1
"AL353194.1" 0.876386191457826 1.22406162864718 0.129 0.123 1
"LCMT1-AS1" 0.891359862542615 0.391330337251407 0.038 0.125 1
"AC099522.2" 0.937262883645248 1.09289350811521 0.11 0.11 1
"AL139142.1" 0.961338722742474 2.60415390798336 0.121 0.061 1
"FAM162A" 0.98316474208169 0.863390616090237 0.229 0.304 1
"ABCA12" 0.996152905407399 1.30780746265829 0.086 0.106 1
