"p_val" "avg_log2FC" "pct.1" "pct.2" "p_val_adj"
"APOE" 1.64371719491434e-38 5.09641635394746 1 0.125 4.93115158474302e-35
"AQP4" 2.54809947525587e-36 4.12036177601792 0.984 0.123 7.64429842576762e-33
"NTRK2" 3.5866873010465e-36 6.66420521817435 0.984 0.184 1.07600619031395e-32
"CLU" 4.42823668789277e-35 4.21576864953841 0.984 0.204 1.32847100636783e-31
"S100B" 8.32286907858763e-35 6.90336008928706 0.967 0.106 2.49686072357629e-31
"EDNRB" 4.60337887717516e-34 9.00005932484099 0.934 0.069 1.38101366315255e-30
"GABBR2" 1.87654012459633e-30 12.2162162359143 0.902 0.101 5.629620373789e-27
"SCD" 9.99598565759006e-29 8.48809440251794 0.934 0.307 2.99879569727702e-25
"CST3" 1.47294005628442e-28 3.69260641285995 0.934 0.247 4.41882016885327e-25
"SPARC" 2.66426352748052e-28 4.68827160979036 0.934 0.176 7.99279058244155e-25
"PLP1" 3.19931839490138e-27 7.34530752146735 0.885 0.143 9.59795518470416e-24
"NUPR1" 1.94061708431428e-26 4.2912686009656 0.869 0.084 5.82185125294285e-23
"B2M" 2.31718030657929e-26 1.39193422372023 0.951 0.287 6.95154091973788e-23
"ATP1B2" 1.65020504570273e-24 2.67562753058032 0.951 0.185 4.9506151371082e-21
"S100A10" 1.8223071001988e-23 6.33854128915837 0.82 0.111 5.46692130059641e-20
"NQO1" 3.62871731884666e-23 4.14826997560429 0.869 0.095 1.088615195654e-19
"FTH1" 3.73787750078771e-23 4.47124538780691 0.934 0.428 1.12136325023631e-19
"GPM6B" 4.54641136643797e-23 7.50995874467278 0.852 0.314 1.36392340993139e-19
"GJA1" 5.9987833656577e-23 2.24883088974608 0.869 0.155 1.79963500969731e-19
"BCAN" 3.88069313693497e-22 3.52240916603256 0.852 0.202 1.16420794108049e-18
"FTL" 1.28752538803987e-21 3.71723591534171 0.902 0.404 3.86257616411961e-18
"ADD3" 2.35621483519358e-21 6.18467493568572 0.82 0.189 7.06864450558073e-18
"PTN" 6.04609081798111e-21 2.9060076362182 0.82 0.207 1.81382724539433e-17
"ITM2C" 6.89096274268319e-21 10.0750394429687 0.787 0.171 2.06728882280496e-17
"ZFP36L1" 3.83714088413416e-20 4.0794821042303 0.82 0.207 1.15114226524025e-16
"NR2F1-AS1" 5.03127170170721e-20 11.9024709865264 0.836 0.173 1.50938151051216e-16
"METRN" 5.80918999131034e-20 3.95435016587134 0.852 0.205 1.7427569973931e-16
"NRP2" 8.17002777489309e-20 4.73412066246044 0.787 0.11 2.45100833246793e-16
"MT2A" 1.25074006613112e-19 2.72852689359471 0.852 0.178 3.75222019839335e-16
"HSPB8" 6.20221208285449e-19 8.46692003417628 0.77 0.055 1.86066362485635e-15
"CD99" 2.89053770553277e-18 1.28668153811989 0.82 0.203 8.67161311659833e-15
"PON2" 3.91334644602527e-18 1.69766297412653 0.672 0.158 1.17400393380758e-14
"SAT1" 5.60247320067129e-18 3.69249782198635 0.787 0.24 1.68074196020139e-14
"RSPO2" 6.4122851068363e-18 9.86268749484509 0.787 0.079 1.92368553205089e-14
"MT-RNR1" 7.46574365968262e-18 2.15399368960463 0.918 0.441 2.23972309790479e-14
"TTYH1" 1.57094750303964e-16 4.32679569562668 0.738 0.224 4.71284250911892e-13
"DCLK1" 1.68791584447516e-16 1.24889523061272 0.836 0.334 5.06374753342547e-13
"PI15" 1.93450160008458e-16 8.40929605381617 0.787 0.288 5.80350480025373e-13
"BSN-AS2" 2.09354242753195e-16 1.08418251128007 0.049 0.1 6.28062728259584e-13
"CLSTN2" 2.14583632248893e-16 0.665400390328394 0.098 0.168 6.43750896746679e-13
"C1orf61" 4.58286602286809e-16 4.23422389240767 0.787 0.352 1.37485980686043e-12
"RPE65" 6.03450729913299e-16 4.96171445150559 0.738 0.072 1.8103521897399e-12
"SPARCL1" 6.82053693813577e-16 5.9816821396269 0.803 0.153 2.04616108144073e-12
"PLOD2" 2.33993909602731e-15 2.66573121700266 0.705 0.226 7.01981728808192e-12
"KCTD14" 4.64506515878208e-15 2.81711994672266 0.049 0.106 1.39351954763463e-11
"CNTNAP2" 4.86587741002078e-15 5.31075904632933 0.787 0.214 1.45976322300623e-11
"ATP1A2" 1.00420635153373e-14 3.4719618093451 0.721 0.112 3.01261905460118e-11
"NKAIN4" 1.52229396462625e-14 4.70631097640043 0.689 0.118 4.56688189387874e-11
"LUZP2" 2.32404639006426e-14 4.01139428022886 0.705 0.104 6.97213917019277e-11
"TPD52L1" 2.64615672435123e-14 6.89535860448305 0.705 0.105 7.93847017305368e-11
"LSAMP" 2.99833254191051e-14 5.39771240517496 0.738 0.18 8.99499762573154e-11
"ADM" 4.36931487524047e-14 4.82539977529913 0.672 0.218 1.31079446257214e-10
"GFAP" 9.1956046320161e-14 5.97627310507321 0.705 0.081 2.75868138960483e-10
"ANOS1" 1.04258559555837e-13 2.21952831716137 0.623 0.106 3.1277567866751e-10
"ID4" 1.16899000845398e-13 4.18423306752864 0.639 0.303 3.50697002536195e-10
"ADAMTS17" 1.25401736855508e-13 3.57589824094204 0.098 0.106 3.76205210566525e-10
"CD81" 1.28150735451777e-13 8.55366294169483 0.803 0.389 3.84452206355332e-10
"LRMDA" 2.81882366851708e-13 0.321518459933182 0.115 0.08 8.45647100555124e-10
"TNFRSF11B" 3.2686944701053e-13 1.86527869844591 0.098 0.135 9.80608341031591e-10
"CTSH" 4.99928496992524e-13 7.36381841186427 0.705 0.11 1.49978549097757e-09
"SPON1" 7.579052816831e-13 3.79280161479906 0.705 0.146 2.2737158450493e-09
"BMP2" 1.10738772140088e-12 2.2215396015238 0.066 0.147 3.32216316420264e-09
"AC091153.3" 1.18427558678268e-12 2.13565248915705 0.131 0.074 3.55282676034804e-09
"IGFBP5" 1.39694947275325e-12 4.67290227588342 0.689 0.21 4.19084841825976e-09
"KCNH5" 2.39182413026182e-12 1.24899977606527 0.033 0.12 7.17547239078545e-09
"GSTP1" 2.6488419184522e-12 2.52777480603332 0.787 0.4 7.94652575535659e-09
"TIMP3" 5.57538875741158e-12 3.69992029136502 0.738 0.097 1.67261662722348e-08
"GDF15" 6.71458646324991e-12 0.977026774207225 0.098 0.137 2.01437593897497e-08
"DOCK10" 7.1104640902829e-12 3.73345461848802 0.721 0.213 2.13313922708487e-08
"AP000317.2" 1.67439252059637e-11 2.32797189890452 0.18 0.321 5.02317756178911e-08
"ASAP3" 2.00591737683919e-11 0.855618505667961 0.066 0.14 6.01775213051758e-08
"AL356489.2" 3.36427913880903e-11 2.50296436847215 0.049 0.138 1.00928374164271e-07
"BHLHE40" 4.15623963870689e-11 4.21468248263349 0.557 0.152 1.24687189161207e-07
"MUM1L1" 4.29722275279359e-11 1.70140476995881 0.098 0.105 1.28916682583808e-07
"SLC27A6" 4.812724102943e-11 2.92602885650691 0.082 0.134 1.4438172308829e-07
"MXRA8" 4.89620785867617e-11 1.92121273751946 0.148 0.132 1.46886235760285e-07
"FAM89A" 5.32023563249968e-11 7.5483992784629 0.672 0.08 1.5960706897499e-07
"MATN2" 5.58929915817095e-11 4.64220511954193 0.148 0.039 1.67678974745128e-07
"PRTG" 1.37278419099882e-10 1.31582546991684 0.164 0.052 4.11835257299646e-07
"MT-CO3" 1.40265192964535e-10 0.282152420102837 0.098 0.441 4.20795578893605e-07
"RASSF3" 1.71605243132613e-10 1.60619368429107 0.098 0.155 5.14815729397839e-07
"MGST1" 2.53006200630684e-10 10.4104966050377 0.689 0.071 7.59018601892052e-07
"MT-ND5" 2.56073363540704e-10 3.61903424329792 0.738 0.453 7.68220090622111e-07
"MSMO1" 3.10720383332071e-10 6.77880036813301 0.689 0.333 9.32161149996212e-07
"AMPD3" 3.95972348598047e-10 4.67720641154956 0.541 0.086 1.18791704579414e-06
"SYTL2" 4.09944333088659e-10 3.80516731401041 0.574 0.131 1.22983299926598e-06
"NPAS3" 5.21730106825611e-10 4.947064865752 0.525 0.12 1.56519032047683e-06
"MSX1" 9.75210061785347e-10 5.82386322039491 0.607 0.113 2.92563018535604e-06
"CNN3" 9.87960876600253e-10 0.554401819517704 0.672 0.376 2.96388262980076e-06
"PTPRT" 1.1369965212504e-09 0.414155483624594 0.639 0.125 3.41098956375119e-06
"SQSTM1" 1.24715099722437e-09 1.69865678941077 0.738 0.224 3.74145299167312e-06
"UBB" 2.76525283213558e-09 0.600647299125171 0.754 0.402 8.29575849640674e-06
"TFPI" 3.03973907784216e-09 6.32460108689351 0.59 0.115 9.11921723352649e-06
"SLC17A8" 3.43331681932381e-09 5.95852018560889 0.148 0.145 1.02999504579714e-05
"PCSK2" 3.86742606701633e-09 2.80382440432382 0.049 0.105 1.1602278201049e-05
"LHFPL6" 4.09856686873023e-09 5.91549227297108 0.705 0.157 1.22957006061907e-05
"ACTA2" 4.41911800137422e-09 1.65007728091911 0.18 0.088 1.32573540041227e-05
"PTPRE" 4.89921335822687e-09 3.73097797044177 0.508 0.077 1.46976400746806e-05
"IFITM3" 5.52573872867532e-09 7.4247915938339 0.672 0.113 1.6577216186026e-05
"IGFBP7" 6.37478989924829e-09 6.29020282437915 0.639 0.063 1.91243696977449e-05
"HSPB1" 6.76415777292234e-09 2.43803176971521 0.738 0.268 2.0292473318767e-05
"GRIK1" 7.32068375897680e-09 3.59108113021933 0.623 0.078 2.19620512769304e-05
"GYPC" 7.80126707380991e-09 6.54046770868334 0.656 0.104 2.34038012214297e-05
"ST6GALNAC3" 1.04449849845678e-08 3.48361181487302 0.115 0.135 3.13349549537035e-05
"LRIG1" 1.06564431791665e-08 1.86979268667269 0.607 0.118 3.19693295374996e-05
"LAMA2" 1.15289379883583e-08 5.21700263268639 0.508 0.104 3.4586813965075e-05
"AC097478.1" 1.2085642368444e-08 0.340513091743214 0.098 0.124 3.6256927105332e-05
"TESC" 1.27834642753538e-08 7.68487594376736 0.623 0.098 3.83503928260614e-05
"GAPDH" 1.30860583857773e-08 2.25654972864671 0.672 0.389 3.9258175157332e-05
"GALNT10" 1.81854184008579e-08 2.64888987905189 0.148 0.126 5.45562552025736e-05
"CAPS" 1.86228874219613e-08 3.19391440229635 0.082 0.102 5.58686622658838e-05
"SESN3" 2.04372257989689e-08 6.76723987976986 0.705 0.303 6.13116773969066e-05
"RGS2" 2.05348047021205e-08 4.25807524311196 0.164 0.159 6.16044141063616e-05
"SOX13" 2.57655549764491e-08 3.85642985674273 0.197 0.048 7.72966649293473e-05
"CPE" 3.55550829191573e-08 3.79321395082154 0.689 0.388 0.000106665248757472
"TNC" 3.670941858066e-08 5.16602448266635 0.541 0.096 0.00011012825574198
"HMGCS1" 4.80068738440474e-08 5.07631405678536 0.59 0.326 0.000144020621532142
"VCAM1" 4.86744352991826e-08 6.49075670744172 0.607 0.086 0.000146023305897548
"PLA2G5" 5.43619599860043e-08 2.86819195213737 0.197 0.059 0.000163085879958013
"DBI" 6.05908408753746e-08 2.04508800091457 0.721 0.299 0.000181772522626124
"CKS2" 9.64625066574112e-08 2.06219111461709 0.164 0.168 0.000289387519972234
"WLS" 9.74337290392435e-08 7.69149688573237 0.656 0.155 0.000292301187117731
"ZMYND10" 1.11172818442948e-07 4.77284460133197 0.607 0.082 0.000333518455328843
"EGF" 1.33074242442682e-07 3.0948500238629 0.246 0.166 0.000399222727328046
"AC097634.3" 1.63728218483307e-07 4.0543644754276 0.557 0.047 0.00049118465544992
"MT-ND4" 1.64254039773284e-07 1.70209383868883 0.689 0.446 0.000492762119319853
"AC124854.1" 1.78696436219951e-07 5.30743172878818 0.59 0.025 0.000536089308659852
"BNIP3" 1.91027110237866e-07 2.55503811863823 0.656 0.33 0.000573081330713599
"KCNQ4" 1.96454387388724e-07 3.91854667368891 0.59 0.048 0.000589363162166173
"RBP1" 2.20841152511001e-07 4.91662592225459 0.574 0.124 0.000662523457533003
"BHLHE41" 2.70742033439779e-07 4.35151288729973 0.607 0.055 0.000812226100319336
"AC096887.1" 2.99531648422309e-07 2.65234704675906 0.033 0.161 0.000898594945266927
"RSPO3" 3.02367844204473e-07 7.74710221363348 0.672 0.078 0.00090710353261342
"SLFN11" 3.23068191537416e-07 4.52638556545798 0.213 0.071 0.000969204574612247
"DPY19L2P3" 3.54345669883104e-07 3.91076719887927 0.574 0.125 0.00106303700964931
"PKM" 3.70173374511268e-07 6.86918827773971 0.672 0.386 0.0011105201235338
"EDN2" 3.85737288897306e-07 1.09036435933073 0.082 0.115 0.00115721186669192
"OLFM3" 3.95992146687494e-07 1.73234630918206 0.164 0.079 0.00118797644006248
"GATM" 4.83662595798447e-07 3.36009437302995 0.607 0.105 0.00145098778739534
"AL391069.2" 5.0552693998653e-07 3.07014827696413 0.131 0.044 0.00151658081995959
"AC093677.2" 5.1073261431042e-07 0.483034088763899 0.115 0.103 0.00153219784293126
"ENO1" 7.00719170549254e-07 2.43992037369117 0.656 0.362 0.00210215751164776
"AL356488.3" 7.91214799326748e-07 4.0469352166769 0.623 0.062 0.00237364439798024
"VWC2L" 8.35688728081279e-07 3.03728674518889 0.115 0.057 0.00250706618424384
"FALEC" 9.7183034859532e-07 0.952669782970478 0.115 0.13 0.00291549104578596
"FBXO2" 1.03166293264278e-06 7.86095386636931 0.607 0.129 0.00309498879792835
"FAM171B" 1.45342893163801e-06 0.273749260593697 0.59 0.354 0.00436028679491403
"MAN1C1" 1.49131470179852e-06 4.46253729736853 0.59 0.095 0.00447394410539557
"CRYGS" 1.59418135799741e-06 3.29527019964182 0.18 0.074 0.00478254407399224
"HSPA5" 1.6433682404366e-06 2.84799214335813 0.656 0.328 0.00493010472130981
"CDK18" 1.92526563057336e-06 3.04500274610764 0.049 0.156 0.00577579689172008
"AL691403.1" 1.94147202488083e-06 4.45395025349407 0.508 0.156 0.00582441607464249
"ZIC1" 2.07029343394214e-06 5.05196389078109 0.525 0.101 0.00621088030182642
"MDK" 2.17577121582864e-06 0.462553909611793 0.607 0.267 0.00652731364748593
"SPAG6" 2.2243924823379e-06 2.08296648446714 0.082 0.142 0.00667317744701371
"TGFBI" 2.64725164907272e-06 8.09122664497388 0.607 0.054 0.00794175494721815
"MT-TE" 2.75504347291154e-06 3.65546026852129 0.721 0.398 0.00826513041873462
"AC022400.8" 2.76017145875113e-06 3.10549041415229 0.098 0.116 0.0082805143762534
"LINC00624" 2.7675947234249e-06 3.60784481818365 0.59 0.12 0.00830278417027469
"AC099791.2" 2.85876987507597e-06 3.23676819083783 0.574 0.053 0.00857630962522789
"DDIT4L" 3.20639256200828e-06 2.35751377550608 0.197 0.115 0.00961917768602485
"AC244230.2" 3.38933209839732e-06 4.49829983644968 0.574 0.024 0.010167996295192
"PINLYP" 3.51081911743953e-06 4.10983526922073 0.541 0.089 0.0105324573523186
"ZMAT4" 3.63424538778477e-06 0.292064969380956 0.525 0.08 0.0109027361633543
"GADD45B" 3.8909159192768e-06 0.726258386330228 0.213 0.124 0.0116727477578304
"AC012213.1" 4.08568703148827e-06 3.13822645403664 0.164 0.066 0.0122570610944648
"CA3-AS1" 4.44517325345293e-06 4.5032798749624 0.574 0.022 0.0133355197603588
"GPC3" 5.01111550431925e-06 2.12372719234985 0.213 0.083 0.0150333465129578
"HSBP1L1" 5.57702393611376e-06 6.44253962133927 0.607 0.078 0.0167310718083413
"CLDN10" 6.22119150061561e-06 3.84279769646623 0.574 0.086 0.0186635745018468
"ANXA2" 6.45903117390216e-06 7.52938672083248 0.574 0.071 0.0193770935217065
"AC090825.1" 6.54196456393319e-06 1.13510071457596 0.525 0.072 0.0196258936917996
"PRSS23" 6.59300061880048e-06 2.43620163731535 0.213 0.136 0.0197790018564015
"C1QL1" 6.94931335196219e-06 5.00270815208265 0.246 0.094 0.0208479400558866
"BARX1" 7.23017789197013e-06 2.96433427499799 0.426 0.131 0.0216905336759104
"CA3" 8.12252790390122e-06 2.97884486663594 0.148 0.048 0.0243675837117037
"SNCG" 8.50447708511675e-06 8.74282570437361 0.59 0.132 0.0255134312553503
"ID3" 8.51118167437197e-06 3.90493748857565 0.246 0.119 0.0255335450231159
"RASSF9" 1.14409298460786e-05 6.63419746288971 0.23 0.033 0.0343227895382358
"SLC4A4" 1.57326651279643e-05 5.14760493545314 0.623 0.135 0.0471979953838928
"PARM1" 1.75565125087736e-05 3.43060345393435 0.262 0.127 0.0526695375263207
"PPP1R3G" 1.9256583796644e-05 5.22553731564695 0.213 0.031 0.0577697513899319
"MASP1" 1.93481460135689e-05 5.869923498256 0.623 0.111 0.0580444380407066
"ZNF630" 1.95454755691413e-05 3.54247805150653 0.557 0.121 0.0586364267074238
"C9orf147" 2.01643314448998e-05 2.41255556118221 0.557 0.119 0.0604929943346993
"AP1S2" 2.05146423035591e-05 0.452724055483075 0.23 0.406 0.0615439269106774
"VEGFA" 2.31340847281497e-05 3.66092070194489 0.508 0.266 0.0694022541844492
"LAYN" 2.43332674960513e-05 5.06350240214663 0.18 0.059 0.0729998024881539
"SLC3A2" 2.5870712889279e-05 1.37859220707126 0.623 0.281 0.0776121386678369
"INTU" 2.66064720486256e-05 6.57013550828118 0.574 0.17 0.0798194161458767
"FAM107A" 2.75361931698188e-05 1.13672210387597 0.574 0.13 0.0826085795094565
"PPM1H" 3.32303984045851e-05 2.21608536058237 0.18 0.112 0.0996911952137553
"MYBPC1" 4.05850815050042e-05 6.32694035787312 0.541 0.042 0.121755244515013
"SPRY1" 4.40916206559142e-05 2.75579654123561 0.41 0.116 0.132274861967743
"KISS1R" 4.76157551148465e-05 3.61994404532185 0.443 0.115 0.14284726534454
"CPNE8" 4.82066217066883e-05 3.19976884779459 0.541 0.099 0.144619865120065
"TRH" 5.55806357737387e-05 4.32523338945252 0.164 0.046 0.166741907321216
"NEAT1" 7.17676640094865e-05 4.01492484071285 0.23 0.144 0.21530299202846
"PRX" 7.41024448034958e-05 4.71686279610202 0.541 0.034 0.222307334410487
"GPM6A" 7.4609688944333e-05 2.17360982336063 0.672 0.397 0.223829066832999
"ARL4A" 7.56607427735261e-05 7.59981543795586 0.557 0.117 0.226982228320578
"TLL2" 8.94319875569386e-05 4.09098991346339 0.525 0.046 0.268295962670816
"SCG5" 9.3044244211196e-05 1.56613827331166 0.492 0.115 0.279132732633588
"PIP5K1B" 0.000118740822334548 4.41883538428515 0.525 0.122 0.356222467003645
"VTRNA1-1" 0.000119243976464792 4.18009262280299 0.508 0.05 0.357731929394376
"TAF4B" 0.000137540290112919 4.10047263559635 0.18 0.059 0.412620870338756
"AC073941.1" 0.000144801362996857 6.32878787179854 0.557 0.038 0.434404088990572
"CGNL1" 0.000154208557320992 2.88196107616217 0.23 0.066 0.462625671962976
"OMG" 0.000154326646553457 1.28909830671757 0.459 0.109 0.46297993966037
"RGCC" 0.000162459109131191 3.94090645329967 0.508 0.064 0.487377327393572
"CFAP52" 0.000235096285264558 5.82342226617788 0.295 0.081 0.705288855793674
"SEMA3D" 0.000252864567230727 3.59026663606915 0.541 0.059 0.758593701692181
"LINC00609" 0.000305392852882263 2.41670432067721 0.508 0.061 0.916178558646789
"LINC00504" 0.000321046244868748 3.42402249012051 0.098 0.105 0.963138734606245
"PHEX" 0.000336247214377762 2.51503699998702 0.262 0.078 1
"KCNC4" 0.000363263263102931 3.24020092794919 0.23 0.08 1
"CYR61" 0.000377307412548171 2.58049951870789 0.246 0.105 1
"MT1G" 0.000412602867834323 4.69197586597363 0.246 0.134 1
"SIX3" 0.000441450302748002 4.79183999713524 0.541 0.04 1
"AC233296.1" 0.000477211237010796 3.193979010465 0.115 0.112 1
"SULF2" 0.000562152746786451 4.51307005885962 0.574 0.09 1
"SMOC2" 0.000577670138900401 5.530971863765 0.426 0.088 1
"AL357060.1" 0.000600196327134577 2.62704163915621 0.082 0.101 1
"BMS1P16" 0.00060640273306711 3.16853184482858 0.475 0.072 1
"FHIT" 0.000678102914562761 5.44308513045948 0.18 0.13 1
"CHPF" 0.000718495018989406 5.1444725785892 0.59 0.163 1
"ANGPTL4" 0.000831547812140026 4.50649248922778 0.41 0.141 1
"SLIT2" 0.000853543072232491 4.64077377386913 0.541 0.117 1
"SERPINE2" 0.000922251007410704 4.0519046405881 0.607 0.151 1
"NR2F1" 0.000979187411496322 5.61430556998341 0.574 0.359 1
"FRMPD3" 0.00102419891287301 3.45933505801034 0.492 0.048 1
"AC035140.1" 0.0010591666001597 4.0824452542071 0.475 0.022 1
"RPS2" 0.00144502683166888 1.19074915083463 0.295 0.434 1
"ADRA1A" 0.00151585748476472 3.24151762826264 0.279 0.105 1
"SLC2A1" 0.00156878448860179 1.084154100813 0.492 0.215 1
"AL358790.1" 0.00167953484500081 3.74587497898053 0.508 0.112 1
"MEST" 0.00185693769642309 3.59826072385746 0.557 0.151 1
"AC009159.3" 0.00188088949254865 5.48213622151281 0.508 0.011 1
"EGLN3" 0.00188965769027224 0.767269640108641 0.525 0.237 1
"KCNK1" 0.0019873368964795 0.642188072550351 0.082 0.102 1
"AC016773.1" 0.00202719928011251 2.12378133197458 0.492 0.062 1
"GAS5-AS1" 0.00216681252300819 4.61640662880963 0.525 0.05 1
"DCT" 0.00222907717095196 0.513425031042345 0.262 0.098 1
"CFAP126" 0.00240872766213381 6.906869475263 0.508 0.032 1
"TTR" 0.00241633831809198 4.70505925989998 0.393 0.102 1
"AC078778.2" 0.00263911379865462 4.68052658002542 0.492 0.058 1
"MYL6" 0.0026878030958584 7.6172299952504 0.59 0.413 1
"MT-CYB" 0.00276572807732516 0.7079682172017 0.59 0.464 1
"LINC00271" 0.003007493562892 2.75719095655775 0.459 0.1 1
"SULT2B1" 0.00301660757377354 3.91236489040126 0.475 0.09 1
"AL359198.1" 0.00318568033266959 0.254159300093542 0.213 0.085 1
"LIX1" 0.00321171847033504 0.68098209676163 0.262 0.075 1
"FABP5" 0.0034716392106715 4.70665019382427 0.492 0.252 1
"MSTN" 0.00353870219025368 3.76743841859218 0.475 0.066 1
"NR3C2" 0.00376170947551848 3.74889010779175 0.492 0.046 1
"SERPINF1" 0.00408346710735447 5.40803891616407 0.459 0.071 1
"TACR1" 0.00436455769013741 6.81327147351123 0.246 0.078 1
"GLIS3" 0.00444887353784063 3.63821131450542 0.525 0.14 1
"HSP90B1" 0.00457811689977668 1.44718556160609 0.508 0.328 1
"WSCD2" 0.00545164920814247 1.50916968758932 0.426 0.075 1
"CCK" 0.00611588184533175 7.21446857366208 0.492 0.141 1
"CRYAB" 0.00662703639262828 5.51293218282042 0.557 0.133 1
"CHRNA7" 0.00701075052105593 1.32518824432832 0.279 0.07 1
"CAVIN1" 0.00746594722825004 6.11809813254917 0.475 0.077 1
"ADGB" 0.00794498278154217 4.34195123393032 0.475 0.059 1
"FN1" 0.0086497182049437 4.26335241934062 0.492 0.085 1
"RMST" 0.00889400094671141 4.2984488747561 0.508 0.121 1
"MGAM" 0.00964112426417428 3.95268216797726 0.492 0.04 1
"CA4" 0.00972789671719723 9.71724375186982 0.492 0.067 1
"TAGLN" 0.00985332183391577 2.69884081872294 0.295 0.081 1
"WFDC2" 0.0100924634197001 3.35000019594099 0.23 0.098 1
"ASS1" 0.0113010830367768 4.25009153002013 0.426 0.095 1
"AC104109.2" 0.0132006811957505 3.40879167108336 0.475 0.098 1
"MET" 0.0134802587132306 0.813934669231623 0.066 0.108 1
"ZNF19" 0.0139135311562792 2.75097726839612 0.475 0.053 1
"PLAC9" 0.0147522475135492 4.10659043784424 0.393 0.037 1
"CAMTA1-DT" 0.015508482104751 3.14799330627019 0.246 0.118 1
"LINC01980" 0.0156825148063407 0.270030201646195 0.475 0.122 1
"PGM5" 0.0158013210544026 6.46021223278528 0.459 0.07 1
"AC013472.2" 0.0158169132131743 3.67572363050193 0.492 0.058 1
"AC114803.1" 0.0172582119880478 3.29886000397949 0.213 0.164 1
"AL391261.2" 0.0182014910174839 4.29337365437193 0.23 0.011 1
"KRT8" 0.0183410630143165 7.30335717512779 0.475 0.084 1
"GCC2" 0.0183536073490048 5.98961574500679 0.279 0.17 1
"AL035681.1" 0.0197913228807689 3.75114296386046 0.41 0.111 1
"AC119674.2" 0.0203555741262923 0.762629949958676 0.459 0.049 1
"APLF" 0.0206690137619765 2.26171235832573 0.262 0.078 1
"OTX2" 0.0219701202148021 3.70588203745006 0.459 0.055 1
"IQGAP2" 0.022678413490468 2.23775797933197 0.328 0.134 1
"B4GALT4-AS1" 0.0232363756888657 4.24338561765012 0.475 0.062 1
"AC133552.1" 0.0233303078129297 4.38334461621755 0.475 0.045 1
"LINC01497" 0.0241069355083306 4.60084032454488 0.475 0.033 1
"RIIAD1" 0.0262070725085504 4.77406570841415 0.41 0.097 1
"AGT" 0.0269560145512544 4.48755262511798 0.328 0.112 1
"NAPA-AS1" 0.0288066513041419 2.97096745352061 0.148 0.121 1
"AC079296.1" 0.0290161145891735 2.92040761229289 0.393 0.107 1
"GPNMB" 0.032589539341275 7.38257796892426 0.475 0.113 1
"SERINC5" 0.0359085903272705 7.17881205365906 0.508 0.217 1
"CCL2" 0.0364311657794916 5.51439108374462 0.393 0.038 1
"BAMBI" 0.0386861705370662 2.86279243986966 0.492 0.124 1
"CXCL14" 0.0404098637603322 3.20268819972563 0.475 0.099 1
"AC006064.2" 0.0414581213235307 3.56784378697059 0.311 0.109 1
"ANXA3" 0.0423183780336483 6.21618559538824 0.443 0.053 1
"SFTPD" 0.0428452171351532 4.2870825858561 0.262 0.037 1
"RAMP1" 0.0469431242672093 4.11672629632229 0.508 0.075 1
"STYX" 0.0505571618776141 7.05636887514026 0.426 0.146 1
"FOLR1" 0.0530548138259907 4.34340746403929 0.295 0.072 1
"NDUFA4L2" 0.0580876953345887 4.55558116229252 0.328 0.15 1
"LRFN5" 0.0583402769008647 2.78159424036488 0.197 0.114 1
"AC002429.2" 0.0588028826326847 3.2436803573497 0.328 0.098 1
"GRIA4" 0.0600302918079914 3.83441982489661 0.443 0.115 1
"LURAP1" 0.0601513089367927 2.38980030156422 0.311 0.058 1
"CA2" 0.062364429020706 7.28877146160225 0.426 0.079 1
"AP003064.1" 0.0646414128753739 4.41865909264574 0.246 0.043 1
"HIF1A-AS1" 0.0646812183174253 4.00939839448866 0.443 0.116 1
"HGF" 0.065800724344028 3.46857639366974 0.377 0.061 1
"ERMN" 0.0691680106178516 7.14982595932777 0.311 0.086 1
"SATB1-AS1" 0.0757992103622283 3.30891897991687 0.475 0.189 1
"PCDHB11" 0.0772119964719642 3.06574859046401 0.262 0.095 1
"LINC00461" 0.0873988527193487 1.12884407889995 0.41 0.418 1
"ACAP1" 0.0885798120133377 2.56958256288793 0.393 0.089 1
"LDHA" 0.0897735989796945 2.67558996293768 0.213 0.135 1
"FRZB" 0.0935237576418455 7.53405060852003 0.475 0.078 1
"ARHGAP10" 0.0965388418494 3.71564034990321 0.328 0.049 1
"CCND1" 0.100023227355092 3.32427117530234 0.344 0.052 1
"EMX2" 0.10162136681018 0.670902161819517 0.475 0.148 1
"SLC13A4" 0.105336966475043 7.8130840745342 0.426 0.065 1
"TSHZ2" 0.113944755849378 3.48203205452437 0.262 0.177 1
"MT-ATP6" 0.114964184829996 1.4573083293364 0.475 0.434 1
"KCTD8" 0.119279187469008 4.64735880130286 0.328 0.062 1
"AKAP9" 0.121394784243096 2.86607199766275 0.426 0.381 1
"CPXM2" 0.127209783400638 6.69303804650448 0.344 0.048 1
"AC009163.7" 0.130576374020119 3.24679354416168 0.361 0.107 1
"CD44" 0.136032836507465 2.90681280584899 0.459 0.032 1
"HMOX1" 0.138905289884401 2.23675657412682 0.459 0.04 1
"MSH4" 0.151333528248843 3.13334183972342 0.148 0.113 1
"FBLN2" 0.154284507720122 5.55089061289476 0.328 0.014 1
"OCLN" 0.161498198604424 7.28548697482782 0.459 0.021 1
"SLC43A1" 0.162233983111456 4.36118059218947 0.279 0.019 1
"RPLP1" 0.16456568085402 0.998321525799264 0.492 0.443 1
"AC120049.1" 0.165518291209215 3.36321583238596 0.377 0.091 1
"SYT9" 0.16642968998551 3.3070113262335 0.41 0.049 1
"PDIA2" 0.16718883520141 1.85606837510544 0.295 0.076 1
"CALCB" 0.168636393468015 4.02570759882342 0.426 0.104 1
"NOL3" 0.177907591826686 2.35843446047941 0.295 0.117 1
"TRPM3" 0.180185649454292 4.80078915289178 0.459 0.117 1
"HTR2C" 0.190988746354875 6.11049349264905 0.41 0.061 1
"ZFP36L2" 0.194216177497651 1.23140996408197 0.459 0.138 1
"NRG3" 0.204862592201559 1.27337993802618 0.279 0.125 1
"IQCH" 0.209055390016716 3.20954991351531 0.41 0.078 1
"AQP1" 0.211001281770207 4.3982271286877 0.443 0.117 1
"AL157871.4" 0.22131040103536 4.03983476510811 0.262 0.031 1
"SCG3" 0.226082888107206 6.03121802468226 0.361 0.403 1
"FOCAD" 0.234246526814175 1.16929410389321 0.328 0.122 1
"SLC24A4" 0.236650397242644 3.58376640220995 0.213 0.062 1
"PDZRN4" 0.244995027480905 0.791211220164387 0.246 0.163 1
"AC121342.1" 0.258474199583441 3.78028591874742 0.295 0.074 1
"AL358852.1" 0.284833295158251 4.28964174260334 0.443 0.066 1
"GCNA" 0.304939333351916 0.496088140363604 0.197 0.073 1
"CCDC170" 0.314588779679765 6.04420124808169 0.311 0.039 1
"ZNF385C" 0.336818596961838 2.00525907745123 0.393 0.074 1
"LINC02525" 0.352011140460726 2.26731515385242 0.23 0.12 1
"MBP" 0.36590143292836 3.63100589388605 0.426 0.048 1
"USP51" 0.369026487920576 3.32433661358137 0.443 0.13 1
"MT-ND4L" 0.370809974283547 0.414386453788274 0.459 0.424 1
"SFRP2" 0.377037087740869 5.62131716631466 0.344 0.078 1
"PRSS36" 0.383720720972343 4.84462904141874 0.361 0.034 1
"SGO1-AS1" 0.396997317722835 3.00061466349957 0.328 0.087 1
"MT-RNR2" 0.402917192343025 0.958509202260656 0.377 0.455 1
"MIR99AHG" 0.408481863669726 0.290617318870629 0.295 0.235 1
"TINCR" 0.409657903478847 4.20183620700047 0.393 0.035 1
"CSMD3" 0.410018331692985 2.03964135704527 0.213 0.123 1
"AC004594.1" 0.428919827087027 4.15956280417997 0.311 0.058 1
"WNT7B" 0.431280476214252 6.65210225253914 0.443 0.095 1
"NTS" 0.445639593437015 7.58917899730468 0.459 0.183 1
"AC132938.3" 0.45029546297795 3.16663760353519 0.393 0.072 1
"LYPD1" 0.45573215490071 4.36463245089713 0.197 0.075 1
"AC233992.3" 0.461848918506395 4.00833280413043 0.328 0.092 1
"HYDIN2" 0.471844997829236 4.54963150116765 0.361 0.097 1
"PCP4" 0.478881085911171 5.57365292594555 0.328 0.105 1
"B3GAT2" 0.491231047460249 0.517517885197921 0.23 0.147 1
"SH3D19" 0.515151336326736 2.28580640627621 0.41 0.121 1
"SPP1" 0.526519494854542 3.42425662098 0.426 0.053 1
"TNFAIP8L3" 0.551243379876002 3.96023939728704 0.311 0.104 1
"IER3" 0.557618913224646 1.72619939181358 0.164 0.119 1
"NWD1" 0.559495853841307 4.09646290616906 0.426 0.064 1
"CDKN1A" 0.560577905375983 1.44096623495073 0.361 0.152 1
"MT3" 0.561147813007064 5.28371681451652 0.393 0.114 1
"TNFRSF12A" 0.562316999389249 1.53186493208078 0.377 0.087 1
"AC113414.1" 0.566604508272258 0.806377429657763 0.377 0.105 1
"NECAB1" 0.567549851153729 3.62344580434167 0.377 0.074 1
"LGALS3" 0.574505414257141 0.872675538786659 0.311 0.064 1
"STEAP2-AS1" 0.57882239037047 4.3522385869198 0.41 0.01 1
"MT-CO2" 0.590257405863248 4.46046572227262 0.443 0.456 1
"FAM156A" 0.614592815227049 3.34985354215344 0.279 0.106 1
"NR2F2" 0.618164680959937 0.536126742773706 0.393 0.284 1
"MT1E" 0.62090924213215 2.5519846238543 0.361 0.103 1
"DCN" 0.630135850773609 4.95566384138117 0.443 0.108 1
"NALCN-AS1" 0.631744468967657 4.07535331334692 0.344 0.041 1
"WSB1" 0.642417003138437 1.78566398130647 0.41 0.404 1
"GUCY1A1" 0.65293509833996 4.90845817161893 0.344 0.104 1
"CALD1" 0.683531794589087 5.59487060294618 0.377 0.239 1
"FAM135B" 0.685240627851972 2.72058302724572 0.344 0.159 1
"IRS1" 0.687884719775009 2.21288199169504 0.377 0.115 1
"AL137003.1" 0.694620951140174 3.18635902491508 0.426 0.063 1
"AC145422.1" 0.698279872265157 2.10702685659207 0.279 0.056 1
"SPTB" 0.699876999408312 2.82662620574772 0.197 0.078 1
"FGF22" 0.704268055044748 3.48780260052476 0.311 0.084 1
"LINC02253" 0.732837871850834 4.44623637380662 0.311 0.047 1
"UNC80" 0.740795052382301 3.71344174669614 0.328 0.135 1
"SORCS2" 0.745528338544868 2.68282075751574 0.393 0.101 1
"CLDN5" 0.751009177387656 7.0133491759377 0.393 0.165 1
"ANKRD37" 0.755377209571003 1.86128406376015 0.246 0.163 1
"MT-TP" 0.769982386397925 4.32690528236123 0.311 0.34 1
"OR7E14P" 0.776910798201177 3.45711149476916 0.361 0.065 1
"GDA" 0.790853048847739 3.23119997423398 0.361 0.12 1
"NT5E" 0.794846753119602 0.766408188049228 0.311 0.038 1
"ITGB4" 0.794846753123741 3.43944554400236 0.344 0.021 1
"TUBA4A" 0.806335797470775 0.606619592117262 0.311 0.111 1
"AC008443.1" 0.827294804066271 4.321352150312 0.311 0.108 1
"TNNI3" 0.876766065755131 0.253824871012972 0.279 0.107 1
"STRADA" 0.883205120116978 3.18462491430671 0.311 0.062 1
"AL021068.1" 0.900189348345793 3.49504433926646 0.295 0.033 1
"AC104333.3" 0.906956085370875 3.94195774806708 0.344 0.169 1
"ACOXL" 0.911482206332487 3.94170373950002 0.344 0.044 1
"CALB1" 0.913461200787458 6.66298181670419 0.393 0.06 1
"SULF1" 0.925346012003091 4.5779616621681 0.41 0.074 1
"CDKN1C" 0.93082416822186 3.41374602780911 0.23 0.098 1
"NUS1P2" 0.936591527396147 4.24939485942655 0.344 0.029 1
"SGCD" 0.943287835838363 4.26169796669249 0.426 0.124 1
"SNRPN" 0.949668206038628 3.44295748230401 0.295 0.048 1
"NMB" 0.955479012673464 3.1939285326046 0.41 0.102 1
"ECEL1" 0.958680197569872 2.18316511349285 0.328 0.075 1
"TWISTNB" 0.967798627611642 1.49458509939939 0.426 0.161 1
"DDIT3" 0.978321157855177 1.57035579276255 0.361 0.189 1
