"p_val"	"avg_log2FC"	"pct.1"	"pct.2"	"p_val_adj"
"AC020558.1"	1.41623542816708e-55	3.14849280326001	0.013	0.935	4.24870628450124e-52
"SPRY4"	9.87637039515737e-52	9.56307045051383	0.026	0.931	2.96291111854721e-48
"AC064807.4"	1.65906164669987e-46	8.33575739637093	0.026	0.949	4.97718494009962e-43
"FST"	1.14240721254804e-45	5.56071353685503	0.059	0.898	3.42722163764413e-42
"AL139412.1"	2.73675275194624e-45	5.77114548614815	0.013	0.875	8.21025825583872e-42
"AL023806.1"	4.28507490457801e-44	9.89072080779225	0.013	0.856	1.2855224713734e-40
"AC244230.2"	5.49786902156223e-44	3.60784588635673	0.033	0.935	1.64936070646867e-40
"AC021504.1"	7.2530223672156e-44	1.57930221025633	0.046	0.727	2.17590671016468e-40
"APOA1"	1.09781472264336e-43	11.7780027384175	0.033	0.894	3.29344416793007e-40
"LINC01235"	1.54967592402698e-43	0.729369806610391	0.026	0.917	4.64902777208095e-40
"AC008014.1"	7.30566425471041e-43	0.449888408218327	0.02	0.815	2.19169927641312e-39
"AC023157.3"	2.03058713562096e-42	7.89988314562018	0.026	0.75	6.09176140686289e-39
"ACTA2"	4.39993427033854e-42	2.18590924769676	0.046	0.861	1.31998028110156e-38
"AC093227.2"	1.22759052298987e-41	12.8711335519198	0.013	0.898	3.6827715689696e-38
"FAM155B"	1.50217196127273e-41	5.64902274183698	0.013	0.708	4.50651588381819e-38
"NBAT1"	3.49832749697926e-41	6.65885487010109	0.026	0.796	1.04949824909378e-37
"METTL7B"	5.51186197440636e-41	2.20801563418965	0.078	0.94	1.65355859232191e-37
"AC113349.2"	2.2578473567296e-40	12.4432744445908	0.013	0.88	6.77354207018881e-37
"VTRNA1-1"	4.99135510463859e-40	11.9950637507579	0.013	0.806	1.49740653139158e-36
"G0S2"	6.75901103799693e-40	0.896008070133429	0.046	0.824	2.02770331139908e-36
"AC132807.2"	1.20542080003888e-39	4.71654692645917	0.02	0.722	3.61626240011664e-36
"TATDN2P2"	5.93628237967751e-39	12.9304434289008	0.013	0.815	1.78088471390325e-35
"SCGB1B2P"	8.32241333515145e-39	7.69122974942336	0.013	0.796	2.49672400054543e-35
"NT5E"	9.7247497097026e-39	1.66353410942133	0.059	0.917	2.91742491291078e-35
"AL356488.3"	2.37446736770068e-38	2.14493535373192	0.013	0.843	7.12340210310204e-35
"AGBL3"	3.97545091449008e-38	11.6291247990144	0.052	0.657	1.19263527434702e-34
"FAM212B-AS1"	4.9465758756643e-38	8.47660485281715	0.033	0.648	1.48397276269929e-34
"OR7E14P"	5.55272227818321e-38	8.16367712149622	0.02	0.787	1.66581668345496e-34
"FAR2"	6.64551448378471e-38	0.39789121089494	0.072	0.727	1.99365434513541e-34
"AC073050.1"	2.4151585574226e-37	3.00700006026832	0.065	0.704	7.24547567226781e-34
"AL359198.1"	2.47739422774074e-37	-2.92973789405974	0.033	0.713	7.43218268322222e-34
"ANXA2"	6.58080834859098e-37	7.730261622814	0.033	0.806	1.97424250457729e-33
"CTSH"	8.47365652371159e-37	4.12604214312214	0.065	0.866	2.54209695711348e-33
"FGD6"	1.05016203065577e-36	2.88221448584421	0.065	0.671	3.1504860919673e-33
"CEP126"	1.3857251536155e-36	1.84400758795214	0.059	0.417	4.15717546084651e-33
"IL1RAPL2"	8.83941281459045e-36	4.69305538359577	0.026	0.5	2.65182384437713e-32
"AL356441.1"	1.33227860436555e-35	12.1625390585075	0.085	0.838	3.99683581309666e-32
"NDST1-AS1"	5.25424938109204e-35	12.0948437062775	0.013	0.745	1.57627481432761e-31
"PCSK5"	1.05803397946699e-34	1.17300341220731	0.039	0.736	3.17410193840096e-31
"DLC1"	1.31889130972187e-34	-0.698262738788722	0.078	0.861	3.95667392916562e-31
"CETN4P"	2.0980294731342e-34	6.9219655382191	0.02	0.722	6.29408841940259e-31
"LRRC9"	3.58494271352506e-34	2.33912888604893	0.039	0.856	1.07548281405752e-30
"AC025219.1"	4.35394160522152e-34	11.9605843846413	0.013	0.75	1.30618248156646e-30
"FAM155A"	6.9010013313491e-34	2.27103531214438	0.026	0.301	2.07030039940473e-30
"AC231533.1"	8.07609782313478e-34	3.56894006053634	0.007	0.685	2.42282934694043e-30
"PLLP"	9.33629321036348e-34	5.77268936037837	0.02	0.417	2.80088796310905e-30
"CXCL2"	3.46241256605078e-33	0.963869951295955	0.013	0.13	1.03872376981523e-29
"PCDH15"	3.8103530153292e-33	5.09046751121408	0.02	0.486	1.14310590459876e-29
"MFAP4"	7.52361777474898e-33	3.37476791080296	0.046	0.648	2.25708533242469e-29
"PTH2R"	1.36294412774825e-32	-6.85379940507938	0.039	0.667	4.08883238324474e-29
"SULF1"	1.53446467532751e-32	6.42208345840906	0.02	0.759	4.60339402598252e-29
"AP000317.2"	1.94445833356578e-32	13.0132653136509	0.052	0.653	5.83337500069735e-29
"AC015912.3"	2.6438166593639e-32	0.888836164369081	0.02	0.843	7.9314499780917e-29
"AC005498.3"	4.08913873600466e-32	1.25020775660006	0.033	0.574	1.2267416208014e-28
"AP001462.1"	9.62949998989286e-32	-3.52987115114207	0.02	0.639	2.88884999696786e-28
"PRRT4"	2.62378265522032e-31	9.42798537803553	0.02	0.731	7.87134796566097e-28
"NTN4"	2.94677743418553e-31	7.36163506971567	0.039	0.523	8.84033230255659e-28
"GADD45B"	3.63066237513987e-31	-2.32480072229497	0.02	0.704	1.08919871254196e-27
"AC022101.1"	3.67300090470478e-31	11.9169068717651	0.052	0.653	1.10190027141143e-27
"POLR2J4"	3.93733207067144e-31	12.9179821870477	0.013	0.708	1.18119962120143e-27
"CHKB"	4.07649426759748e-31	11.7021629195925	0.013	0.796	1.22294828027924e-27
"IQCC"	1.44797983678777e-30	-9.86376564450024	0.013	0.319	4.34393951036332e-27
"DOCK10"	1.71962842014511e-30	2.68105803315649	0.046	0.509	5.15888526043534e-27
"FBXO2"	1.75946163268001e-30	2.02569420832817	0.065	0.852	5.27838489804004e-27
"KCNQ1OT1"	1.99558595117629e-30	4.67486383674069	0.052	0.657	5.98675785352886e-27
"PCTP"	2.13734588570259e-30	1.19191994083173	0.046	0.792	6.41203765710778e-27
"LINC01424"	2.47973992989055e-30	11.9278545586714	0.007	0.704	7.43921978967164e-27
"SPP1"	3.45228288684712e-30	11.2959171762532	0.026	0.593	1.03568486605413e-26
"ARC"	3.69651376735955e-30	-5.26708247046189	0.007	0.551	1.10895413020787e-26
"FBXO48"	5.19988373684937e-30	7.58828209547274	0.052	0.486	1.55996512105481e-26
"AL117348.2"	5.75943362714848e-30	2.74800353405531	0.013	0.708	1.72783008814454e-26
"FBN2"	1.09823752237487e-29	0.66152018848308	0.026	0.167	3.2947125671246e-26
"NWD1"	1.11071296967035e-29	10.9709398720412	0.02	0.694	3.33213890901104e-26
"HSPB8"	1.64827674321218e-29	7.03046741394695	0.007	0.616	4.94483022963654e-26
"MATN2"	1.72420516001315e-29	1.17186340109343	0.007	0.727	5.17261548003946e-26
"LINC02253"	2.2081984753903e-29	10.7014714497282	0.007	0.741	6.62459542617089e-26
"AC010210.1"	2.70274330726705e-29	10.0414388236335	0.157	0.699	8.10822992180115e-26
"SHC1"	4.32560174812765e-29	3.86279289919643	0.02	0.759	1.2976805244383e-25
"PLA2G5"	6.11405285904596e-29	1.91842557393936	0.039	0.787	1.83421585771379e-25
"PTPRT"	6.46441464879428e-29	-1.38339579537862	0.046	0.616	1.93932439463828e-25
"C4orf47"	7.06687223591946e-29	4.70034926508285	0.033	0.569	2.12006167077584e-25
"ZNF883.1"	7.14593960149446e-29	11.9003180337253	0.007	0.727	2.14378188044834e-25
"GMFG"	7.38861195667193e-29	1.06039967570845	0.007	0.736	2.21658358700158e-25
"ANXA1"	1.39125421069574e-28	2.8962934317143	0.072	0.833	4.17376263208721e-25
"AC040169.1"	1.89633099498321e-28	5.87452123091044	0.078	0.787	5.68899298494964e-25
"LATS2"	2.02625489625369e-28	-6.9001369299429	0.033	0.778	6.07876468876107e-25
"MIR29B2CHG"	2.23788942672287e-28	12.9777591095161	0.078	0.759	6.71366828016862e-25
"RASSF9"	2.36474799130401e-28	5.25897165099861	0.013	0.699	7.09424397391203e-25
"C19orf18"	5.75900796961205e-28	7.06163490692829	0.007	0.648	1.72770239088362e-24
"MXRA8"	6.56719374049634e-28	2.15405101671873	0.026	0.616	1.9701581221489e-24
"LINC00271"	1.34887418173231e-27	0.856106445779108	0.02	0.81	4.04662254519692e-24
"TTR"	1.52016409405659e-27	1.83215888875241	0.013	0.13	4.56049228216978e-24
"SORCS2"	1.67622234522278e-27	4.17069543318876	0.059	0.625	5.02866703566835e-24
"AC008074.3"	1.71300386650038e-27	0.977884663991108	0.007	0.431	5.13901159950114e-24
"AC116565.1"	1.73169366344701e-27	7.50199088027682	0.033	0.694	5.19508099034104e-24
"HIST1H2BN"	1.84815561943757e-27	1.87143546137404	0.059	0.463	5.5444668583127e-24
"GATM"	2.75878779687789e-27	1.89389603363878	0.111	0.861	8.27636339063369e-24
"GRHL1"	3.0078726683259e-27	5.05095585825165	0.013	0.463	9.02361800497771e-24
"RBP1"	5.15559376255208e-27	1.02011951144295	0.02	0.421	1.54667812876562e-23
"ZNF630"	8.62853283472107e-27	11.1492660259853	0.013	0.69	2.58855985041632e-23
"PICK1"	1.96202095735145e-26	0.922354868990299	0.033	0.463	5.88606287205435e-23
"RNU6-6P"	2.37540647552576e-26	0.404667723860032	0.085	0.477	7.12621942657729e-23
"S100A10"	3.44199491933091e-26	-2.03181282634655	0.02	0.292	1.03259847579927e-22
"AC008403.3"	4.34299012602242e-26	12.3498048306249	0.02	0.653	1.30289703780673e-22
"PKN2-AS1"	4.77569311467783e-26	-3.01144762899035	0.02	0.532	1.43270793440335e-22
"AC021088.1"	6.28071839547128e-26	1.91903938154276	0.02	0.741	1.88421551864138e-22
"IGSF21"	7.66969920957746e-26	1.55451510366318	0.033	0.481	2.30090976287324e-22
"NPAS1"	1.66434850631505e-25	5.24660492235797	0.046	0.579	4.99304551894514e-22
"MAZ"	1.86663373564293e-25	6.72320671687382	0.007	0.514	5.59990120692879e-22
"CD101"	2.07158882319902e-25	2.64284431451904	0.013	0.384	6.21476646959705e-22
"UTRN"	4.55809689957586e-25	-5.98740923557255	0.17	0.759	1.36742906987276e-21
"PPM1H"	1.0390755410993e-24	8.47366249678524	0.039	0.782	3.11722662329791e-21
"AC105285.1"	2.88520097133335e-24	2.16158861517415	0.026	0.662	8.65560291400005e-21
"TNFRSF12A"	2.94448287499662e-24	1.19121860342078	0.059	0.639	8.83344862498986e-21
"CPNE8"	3.39433435497868e-24	5.47413297051939	0.078	0.171	1.0183003064936e-20
"CERS3-AS1"	3.79499269788606e-24	5.82657313418742	0.052	0.606	1.13849780936582e-20
"SPOCK3"	3.83363571009219e-24	6.20586649066714	0.007	0.583	1.15009071302766e-20
"TNFAIP3"	4.28559800548418e-24	1.5979062047718	0.02	0.713	1.28567940164526e-20
"DDN-AS1"	6.22932666301474e-24	10.5316009464239	0.007	0.634	1.86879799890442e-20
"ZNF19"	1.32407203388188e-23	6.92418005075206	0.026	0.727	3.97221610164564e-20
"FALEC"	1.53858227842343e-23	8.23836720047006	0.013	0.542	4.61574683527029e-20
"AC083864.2"	3.69630351841888e-23	11.9888176928431	0.039	0.625	1.10889105552566e-19
"ADGB"	3.80788682186062e-23	-0.272203516431135	0	0.653	1.14236604655819e-19
"AL357673.1"	3.84584772956389e-23	12.9995380076292	0.039	0.583	1.15375431886917e-19
"APLF"	4.28866337422041e-23	1.87158974570206	0.033	0.519	1.28659901226612e-19
"CCDC92B"	4.64211651666765e-23	2.78672979462185	0.013	0.394	1.3926349550003e-19
"C1orf162"	5.82691403646631e-23	10.2714952334957	0.007	0.625	1.74807421093989e-19
"PLAC8L1"	5.88475643506671e-23	12.953697657148	0.02	0.727	1.76542693052001e-19
"GPC3"	6.36813045366406e-23	11.6963702623579	0.013	0.593	1.91043913609922e-19
"AC034236.2"	6.55931882423447e-23	2.89798694092617	0.026	0.593	1.96779564727034e-19
"AC002429.2"	1.34387113627531e-22	0.826533365252201	0.209	0.972	4.03161340882594e-19
"FARS2"	1.38391920023436e-22	0.486216980778911	0.085	0.519	4.15175760070309e-19
"PIK3CD"	1.52613750710426e-22	9.52957732132259	0.046	0.597	4.57841252131277e-19
"DDIT4L"	4.0373804250558e-22	0.49635625959089	0.013	0.667	1.21121412751674e-18
"AC012313.6"	4.23752126581125e-22	2.75773426308871	0.013	0.792	1.27125637974337e-18
"CAPN6"	9.61064042498475e-22	-1.82314012583392	0	0.616	2.88319212749543e-18
"LRRC4C"	1.02778368512032e-21	-7.33850541960144	0.046	0.287	3.08335105536095e-18
"LINC00467"	1.14201634795277e-21	-5.67699726155346	0.02	0.102	3.42604904385832e-18
"FLT3"	1.15300326013913e-21	13.0007798012039	0.013	0.708	3.45900978041738e-18
"TLL2"	1.18658882115038e-21	11.9839364212599	0.007	0.671	3.55976646345115e-18
"SLC11A1"	1.1980065006071e-21	11.9982846848718	0.033	0.718	3.59401950182129e-18
"NOL3"	1.23288858616439e-21	11.3272860018192	0.059	0.556	3.69866575849318e-18
"AL031777.3"	1.52137145177831e-21	8.49875243284944	0.052	0.486	4.56411435533493e-18
"SYTL2"	1.73874029764267e-21	3.45732164705915	0.229	0.699	5.216220892928e-18
"PCBP3"	4.70539074752793e-21	2.68918338039207	0.007	0.384	1.41161722425838e-17
"TRMT9B"	7.32187557999141e-21	2.87654204029574	0.039	0.444	2.19656267399742e-17
"GRIA4"	7.53091489780937e-21	3.65622984067764	0.065	0.296	2.25927446934281e-17
"AL160314.2"	1.21366510804455e-20	0.553190295706889	0.02	0.519	3.64099532413364e-17
"UNC5B"	1.56090364335819e-20	7.32431585139302	0.039	0.671	4.68271093007458e-17
"AC119674.2"	1.8452473260138e-20	1.01648333577479	0.02	0.713	5.53574197804139e-17
"DIRC3"	2.18072547564964e-20	5.16518912549867	0.013	0.44	6.54217642694891e-17
"AL163051.1"	3.3064475618056e-20	-5.48676674496443	0.007	0.241	9.91934268541681e-17
"TFP1"	3.65948958856661e-20	5.41370760305556	0.02	0.5	1.09784687656998e-16
"DPF3"	3.79689399104315e-20	1.38106399117346	0.033	0.329	1.13906819731295e-16
"AL356481.1"	4.35909199776969e-20	3.89729515081792	0.02	0.435	1.30772759933091e-16
"ST7-AS1"	4.39937161432093e-20	1.8770060154749	0.052	0.657	1.31981148429628e-16
"UBAP1L"	4.56422552472959e-20	5.23967698622323	0.007	0.523	1.36926765741888e-16
"MAN1C1"	4.86747332165495e-20	5.24212186094017	0.013	0.574	1.46024199649648e-16
"PPP1R3G"	5.53504565418816e-20	4.11833244530164	0.013	0.625	1.66051369625645e-16
"NTRK3-AS1"	7.41967305736741e-20	12.5859968953713	0.013	0.616	2.22590191721022e-16
"EYS"	1.10835255944111e-19	10.5751610513597	0.013	0.486	3.32505767832332e-16
"TMEM45A"	1.14942836703154e-19	4.13698283266628	0.19	0.597	3.44828510109463e-16
"AC073987.1"	1.17052683339952e-19	12.1117763592923	0.007	0.537	3.51158050019855e-16
"NPR2"	1.40372215327054e-19	8.52827165102631	0.013	0.616	4.21116645981163e-16
"ZFPM2"	1.41652412784843e-19	1.12130275393811	0.033	0.278	4.2495723835453e-16
"AC005726.1"	1.66756982278109e-19	9.89093257989127	0.007	0.454	5.00270946834327e-16
"MDGA2"	2.18716101789032e-19	1.05288315652037	0.072	0.12	6.56148305367097e-16
"PLD1"	2.91818399840136e-19	4.89950306650499	0.007	0.579	8.75455199520408e-16
"AL162412.1"	3.68592050601242e-19	12.3072032224923	0.013	0.574	1.10577615180373e-15
"AC012510.1"	3.82054933032724e-19	13.4567057339959	0.02	0.722	1.14616479909817e-15
"CRYM"	4.14148244743615e-19	2.43233212110126	0.007	0.333	1.24244473423085e-15
"LUZP2"	6.08205753902352e-19	-0.406899317666435	0.176	0.657	1.82461726170706e-15
"GADD45A"	7.87349749385521e-19	7.02589142442184	0.15	0.644	2.36204924815656e-15
"DPP10-AS1"	8.83710635808285e-19	0.409610185358702	0.013	0.472	2.65113190742485e-15
"SIX3"	9.91664827657961e-19	3.38338094300994	0.098	0.801	2.97499448297388e-15
"AC004594.1"	1.23731457689075e-18	0.451854489988099	0.007	0.708	3.71194373067224e-15
"AP001825.1"	1.30467908194602e-18	11.8713687753293	0.15	0.616	3.91403724583805e-15
"SGO1-AS1"	2.06255872259711e-18	-3.75529096323759	0.007	0.532	6.18767616779134e-15
"STX16-NPEPL1"	2.21260385182271e-18	9.21525380637833	0.007	0.574	6.63781155546814e-15
"SULF2"	2.45812620112324e-18	7.32037720840359	0.046	0.296	7.37437860336973e-15
"ZNF385D"	3.08609734084273e-18	1.68227345319424	0.052	0.398	9.2582920225282e-15
"ANK3"	3.42701611831764e-18	1.04577625994633	0.137	0.231	1.02810483549529e-14
"CNTNAP4"	3.64278572584879e-18	11.9408729086687	0.039	0.648	1.09283571775464e-14
"TOX2"	4.81275452547359e-18	2.75993482875644	0.046	0.477	1.44382635764208e-14
"AC129102.1"	7.42200457550114e-18	6.65312958838216	0.02	0.63	2.22660137265034e-14
"TAGLN2"	8.59523825315364e-18	-6.4483828368397	0.235	0.361	2.57857147594609e-14
"HSBP1L1"	9.36887738996911e-18	4.70976220901903	0.026	0.324	2.81066321699073e-14
"RASSF3"	1.26578479779195e-17	-0.278287915769532	0.007	0.569	3.79735439337586e-14
"CDH7"	1.42719877972252e-17	7.40802778371321	0.007	0.569	4.28159633916755e-14
"NRP2"	1.54152147535533e-17	3.7046362265324	0.026	0.301	4.62456442606599e-14
"AL137779.2"	1.73754785709248e-17	2.94817147259929	0.013	0.31	5.21264357127744e-14
"HELZ2"	1.89244496299003e-17	1.70634500112887	0.013	0.694	5.67733488897009e-14
"SEMA3A"	1.92501946336812e-17	-4.64914838420356	0.098	0.13	5.77505839010437e-14
"SLC27A6"	2.24421419024914e-17	5.38117496626374	0.013	0.44	6.73264257074743e-14
"MIPOL1"	3.60986655605328e-17	-1.07947317829109	0.039	0.301	1.08295996681599e-13
"SEMA3E"	3.7977805106574e-17	-6.8572814177544	0.007	0.102	1.13933415319722e-13
"AC007619.1"	3.92836707730555e-17	12.1668453504522	0.013	0.56	1.17851012319167e-13
"GRIK1"	3.96163612092903e-17	9.09849023271692	0.072	0.671	1.18849083627871e-13
"CACNA1B"	4.72994365414687e-17	1.52266244687287	0.039	0.264	1.41898309624406e-13
"SATB1-AS1"	5.98682914833878e-17	-1.52329249198966	0.046	0.671	1.79604874450163e-13
"IRS1"	6.67728931932129e-17	3.2844326857452	0.026	0.255	2.00318679579639e-13
"AC104806.2"	7.4461300864674e-17	1.59866041196484	0.013	0.56	2.23383902594022e-13
"TEX15"	7.57195501090372e-17	4.4323171691256	0.02	0.102	2.27158650327112e-13
"SGIP1"	8.37194102935965e-17	0.938083860780772	0.137	0.125	2.51158230880789e-13
"CYB5D1"	1.08448224250635e-16	13.1041924735019	0.013	0.644	3.25344672751906e-13
"AC131934.1"	1.16890925736654e-16	12.1190482038217	0.007	0.634	3.50672777209962e-13
"CD27-AS1"	1.28093672399214e-16	0.725128018421038	0.033	0.185	3.84281017197643e-13
"DM1-AS"	1.46301194299804e-16	-3.17408263278044	0.013	0.574	4.38903582899411e-13
"LCMT1-AS1"	1.52497093463569e-16	2.38886950792768	0.046	0.634	4.57491280390706e-13
"VGLL3"	1.5376709255893e-16	-1.53618871811895	0.02	0.463	4.6130127767679e-13
"C1QL1"	1.5376709255893e-16	-6.32570383211657	0.137	0.208	4.6130127767679e-13
"AC105036.3"	2.03739712738242e-16	-1.177280750817	0.007	0.19	6.11219138214726e-13
"CYR61"	2.74124110122853e-16	3.13841713346084	0.275	0.94	8.22372330368559e-13
"UNC13C"	2.74125222376017e-16	3.47311082723165	0.033	0.458	8.22375667128051e-13
"AP001486.2"	2.78671498266459e-16	12.1928200068644	0.02	0.421	8.36014494799378e-13
"AP003086.2"	2.80972425044339e-16	-11.1226477256854	0.124	0.023	8.42917275133016e-13
"WFDC3"	3.47822154726553e-16	13.7275267100222	0.02	0.667	1.04346646417966e-12
"FAM21EP"	3.80626403026331e-16	-9.35001411129273	0	0.13	1.14187920907899e-12
"AC010320.3"	4.33841689870208e-16	-2.93747408205119	0.013	0.37	1.30152506961062e-12
"PRICKLE2"	5.27691184509631e-16	7.28254266240533	0.02	0.389	1.58307355352889e-12
"TMEM100"	5.81849613328942e-16	-1.50653371813234	0.02	0.37	1.74554883998683e-12
"ZCWPW1"	6.41482178629217e-16	4.07828742797595	0.033	0.56	1.92444653588765e-12
"ADARB2"	6.46714910788715e-16	1.93787619954369	0.052	0.44	1.94014473236614e-12
"CCDC170"	6.57301670852616e-16	2.32121560326546	0.02	0.644	1.97190501255785e-12
"MAGI1"	6.6266676410923e-16	1.22557868510477	0.248	0.421	1.98800029232769e-12
"AC005258.1"	8.79986688337564e-16	11.9001758638371	0.007	0.583	2.63996006501269e-12
"AL592295.4"	1.26501386255226e-15	12.4481935364313	0.013	0.556	3.79504158765678e-12
"ZFR2"	1.43857545726646e-15	2.25147883770602	0.065	0.231	4.31572637179938e-12
"AC007066.2"	1.53394928130031e-15	5.38447411716835	0.065	0.667	4.60184784390093e-12
"SMAD5-AS1"	1.77189915870212e-15	-11.5285930903511	0	0.111	5.31569747610636e-12
"ADGRL3"	1.85902298462643e-15	0.332886959749092	0.124	0.176	5.57706895387928e-12
"ARHGEF7-AS2"	2.07904743300775e-15	10.6503560618844	0.007	0.551	6.23714229902324e-12
"DIO2"	2.18102885526702e-15	0.258453390563938	0.137	0.773	6.54308656580106e-12
"PROSER2"	2.30622616802307e-15	2.28270937369313	0.013	0.444	6.9186785040692e-12
"AP005203.1"	2.32468106690612e-15	12.6841106256497	0.013	0.514	6.97404320071835e-12
"GPX3"	2.5988528413114e-15	-3.56076692413281	0.203	0.56	7.7965585239342e-12
"ADAMTS13"	3.35071590864057e-15	2.44256012427558	0.007	0.449	1.00521477259217e-11
"GABRA2"	3.35072851685832e-15	0.635828724575322	0.072	0.653	1.0052185550575e-11
"PFN4"	3.894506656974e-15	13.5563625470482	0.02	0.602	1.1683519970922e-11
"AC027796.4"	3.98805025286314e-15	12.1320543153139	0.007	0.542	1.19641507585894e-11
"AC010336.5"	4.21482309127029e-15	-0.922451439711987	0.02	0.472	1.26444692738109e-11
"AC002310.5"	5.8216235146513e-15	13.1290078157057	0.013	0.63	1.74648705439539e-11
"C1QTNF4"	6.24803417514368e-15	3.16326526169764	0.02	0.208	1.8744102525431e-11
"LRFN5"	6.49803542001786e-15	-5.52664708842201	0.059	0.505	1.94941062600536e-11
"PPP1R12B"	9.23970111594195e-15	-1.563333660507	0.078	0.153	2.77191033478258e-11
"TMEM154"	1.01456823683976e-14	-0.860376512944732	0.007	0.532	3.04370471051927e-11
"WFDC2"	1.1313505622263e-14	2.70047255538085	0.007	0.431	3.3940516866789e-11
"GYPC"	1.21331545084664e-14	3.30084722590959	0.02	0.62	3.63994635253993e-11
"NTNG1"	1.28107688225727e-14	4.46674370061664	0.092	0.681	3.84323064677181e-11
"NQO1"	1.5429021808323e-14	-6.46436520655553	0.288	0.704	4.6287065424969e-11
"AL589740.1"	1.87158562492195e-14	-6.27731099279056	0.196	0.292	5.61475687476586e-11
"FSIP2"	2.87825873322426e-14	-0.359962221527487	0.085	0.106	8.63477619967278e-11
"CATSPERE"	2.87825873322426e-14	2.46969996489372	0.013	0.597	8.63477619967278e-11
"CACNB2"	3.35403957475657e-14	10.1387747429343	0.072	0.657	1.00621187242697e-10
"HCG23"	4.05862254422414e-14	3.81869017655916	0.013	0.528	1.21758676326724e-10
"AL133346.1"	4.18413569398673e-14	11.5253859338365	0.013	0.472	1.25524070819602e-10
"CNTN5"	5.02132554679922e-14	6.33530809907482	0.013	0.449	1.50639766403976e-10
"PIP5K1B"	5.02132554679922e-14	-6.00652570985394	0.02	0.31	1.50639766403976e-10
"UNC80"	5.05957062072798e-14	1.49365267273834	0.033	0.569	1.51787118621839e-10
"RFTN1"	5.58359849076553e-14	-2.80646079009254	0.176	0.546	1.67507954722966e-10
"KCNQ4"	6.74564802886967e-14	12.0407282643674	0.007	0.542	2.0236944086609e-10
"HIVEP1"	6.90013717680034e-14	-2.02649727659775	0.072	0.13	2.0700411530401e-10
"LINC00513"	7.00509656155401e-14	12.0239424730656	0.007	0.495	2.1015289684662e-10
"STAG3L4"	7.6684649068764e-14	0.528296333415355	0.059	0.407	2.30053947206292e-10
"HCN1"	8.33057878928e-14	-4.0972699776056	0.229	0.051	2.499173636784e-10
"STK32A"	8.78085262741141e-14	3.92843239978704	0.013	0.13	2.63425578822342e-10
"DPY19L1"	1.0203333799319e-13	0.307351167230775	0.15	0.12	3.06100013979571e-10
"GALNTL6"	1.13314280896023e-13	5.77402397465504	0.007	0.449	3.39942842688068e-10
"HCG18"	1.3456390516948e-13	0.405669765236693	0.007	0.671	4.0369171550844e-10
"AP001107.1"	1.56191037270421e-13	1.46615438773285	0.02	0.241	4.68573111811264e-10
"HIF1A-AS1"	1.77232808878776e-13	11.9964577808542	0.007	0.5	5.31698426636327e-10
"AC006547.2"	2.10188833123116e-13	5.76509050075687	0.007	0.551	6.30566499369347e-10
"LINC00643"	2.28010009279875e-13	7.04636172906613	0.013	0.421	6.84030027839624e-10
"RNF215"	2.45494106056832e-13	12.0435183512677	0.039	0.431	7.36482318170496e-10
"TBC1D2"	2.56609807539037e-13	4.15217214673735	0.026	0.282	7.69829422617111e-10
"LGALS3"	2.58509881087044e-13	3.97207193641836	0.092	0.218	7.75529643261131e-10
"INPP5D"	2.88724683908559e-13	8.75898309312728	0.007	0.657	8.66174051725677e-10
"AC022639.1"	3.03988303116092e-13	1.87162301340492	0.007	0.569	9.11964909348275e-10
"DCT"	3.1769409261598e-13	2.23087718127912	0.033	0.648	9.53082277847941e-10
"GTF2IRD2P1"	3.95900722121736e-13	-6.04442231350193	0.007	0.602	1.18770216636521e-09
"AC022893.1"	3.98809478842609e-13	7.72239657024886	0.033	0.296	1.19642843652783e-09
"AL133216.2"	5.30184084003394e-13	6.54065508580174	0.013	0.412	1.59055225201018e-09
"SORCS1"	6.04346792859118e-13	-3.38597335827157	0.072	0.171	1.81304037857735e-09
"KCNC4"	6.17660200846417e-13	0.495509531014466	0.013	0.176	1.85298060253925e-09
"HIST1H2BG"	6.54586305778461e-13	1.01270739815272	0.163	0.083	1.96375891733538e-09
"AC120049.1"	6.64151337872531e-13	-3.16229994306603	0.007	0.481	1.99245401361759e-09
"CFAP126"	6.68980970091539e-13	2.54645544114254	0.013	0.546	2.00694291027462e-09
"S100A16"	6.88657452658467e-13	0.510941689793873	0.255	0.87	2.0659723579754e-09
"NMB"	7.35057145560948e-13	0.838125392773154	0.222	0.838	2.20517143668284e-09
"FOCAD"	7.90201832838599e-13	1.33554156470445	0.065	0.106	2.3706054985158e-09
"TMEM132B"	8.13379232200556e-13	0.618896965989743	0.183	0.19	2.44013769660167e-09
"HSPD1P6"	9.19554103024154e-13	8.52026098102828	0.007	0.398	2.75866230907246e-09
"MGAT4C"	9.53292296064301e-13	-1.36706515884448	0.203	0.583	2.8598768881929e-09
"PDZRN4"	9.81154916353659e-13	0.587369511660909	0.105	0.324	2.94346474906098e-09
"LINC01497"	1.13290790809774e-12	12.0607867794877	0.007	0.593	3.39872372429323e-09
"SCRT2"	1.55242501643516e-12	2.67681225428281	0.007	0.537	4.65727504930549e-09
"BMPER"	1.88176211431565e-12	4.79813862253905	0.013	0.125	5.64528634294695e-09
"LINC01965"	2.66330364985037e-12	5.98075196411512	0.098	0.236	7.98991094955111e-09
"BNC2"	2.68218615442226e-12	6.23855909404546	0.013	0.324	8.04655846326679e-09
"AC010531.6"	2.83803939780514e-12	5.7039496195827	0.02	0.588	8.51411819341541e-09
"LAG3"	3.38458838401184e-12	11.9732299356538	0.072	0.491	1.01537651520355e-08
"CIART"	3.73442630541695e-12	0.333061940129936	0.163	0.125	1.12032789162509e-08
"CDKN2A"	4.29641438028254e-12	3.38545283254276	0.039	0.653	1.28892431408476e-08
"AL162311.3"	4.97571020396267e-12	-4.22184262241047	0.007	0.579	1.4927130611888e-08
"FRMPD4"	5.84066511404558e-12	1.02626082685598	0.013	0.153	1.75219953421368e-08
"LOX"	6.43757590432039e-12	0.517441856496328	0.157	0.56	1.93127277129612e-08
"SLC9C2"	6.99652443705689e-12	12.0219270893315	0.059	0.495	2.09895733111707e-08
"LURAP1"	7.55048722467876e-12	1.47099509534174	0.026	0.662	2.26514616740363e-08
"MIR3681HG"	7.65570415006422e-12	3.3998423065701	0.013	0.63	2.29671124501926e-08
"ZIC1"	8.85126134913209e-12	3.54757232582602	0.078	0.556	2.65537840473963e-08
"SCUBE2"	8.97423292491305e-12	1.18220896588354	0.007	0.213	2.69226987747392e-08
"OSBPL7"	8.97423292491305e-12	4.7671497216712	0.039	0.514	2.69226987747392e-08
"LINC01004"	9.95142639780383e-12	-0.514749867232467	0.02	0.431	2.98542791934115e-08
"RCAN2"	1.03708463164971e-11	-8.18031968117134	0.013	0.134	3.11125389494914e-08
"FNBP1P1"	1.09571079725201e-11	-1.03983190873337	0.092	0.421	3.28713239175602e-08
"LINC02283"	1.11852243074797e-11	-1.15815641815061	0.02	0.546	3.35556729224392e-08
"AC110769.2"	1.19796878101219e-11	-10.4849385849876	0	0.111	3.59390634303656e-08
"TSC22D3"	1.22286685292669e-11	2.88433776524644	0.261	0.537	3.66860055878007e-08
"EGFEM1P"	1.27418235150698e-11	1.3385150553797	0.007	0.324	3.82254705452093e-08
"AC125613.1"	1.36444303203825e-11	0.774274997161649	0.026	0.245	4.09332909611475e-08
"FRZB"	1.40227357205642e-11	6.43400376447793	0.033	0.634	4.20682071616925e-08
"AOX1"	1.51167541442002e-11	12.9994527015357	0.013	0.481	4.53502624326007e-08
"ATP7B"	1.69740595470375e-11	5.21651345468188	0.02	0.245	5.09221786411124e-08
"NEAT1"	1.80460097100419e-11	10.8814138521152	0.026	0.569	5.41380291301258e-08
"MGST1"	2.08114748704013e-11	0.365615341799851	0.157	0.569	6.24344246112038e-08
"ST3GAL6"	2.13833908017097e-11	0.800784928969667	0.092	0.153	6.41501724051291e-08
"SUMO2P17"	2.38288676300205e-11	1.94345607786951	0.007	0.12	7.14866028900614e-08
"LINC00958"	2.63690127586215e-11	13.1483280046461	0.013	0.569	7.91070382758645e-08
"NPSR1-AS1"	2.76435294062647e-11	5.46722164389179	0.007	0.37	8.2930588218794e-08
"AC012313.2"	3.3371577054406e-11	8.99024170557122	0.007	0.472	1.00114731163218e-07
"SHMT2"	3.89324597252544e-11	-0.527105482178251	0.242	0.495	1.16797379175763e-07
"AL136454.1"	4.98340940843618e-11	1.38609539593982	0.013	0.523	1.49502282253085e-07
"FRMD4A"	4.98342254326486e-11	0.932803016993503	0.137	0.176	1.49502676297946e-07
"AC024940.2"	5.25572916457542e-11	3.95373621781477	0.007	0.454	1.57671874937263e-07
"CLTCL1"	5.46947007441188e-11	-4.37207988549436	0.013	0.384	1.64084102232356e-07
"AC015971.1"	5.57950603082379e-11	3.02870087534391	0.007	0.556	1.67385180924714e-07
"GRIA3"	6.00182386928645e-11	0.842024844342642	0.15	0.134	1.80054716078593e-07
"SPESP1"	6.89660143466212e-11	-2.61443633525797	0.02	0.324	2.06898043039864e-07
"CACNB4"	8.29500913248233e-11	7.07709025097101	0.007	0.287	2.4885027397447e-07
"AL034405.1"	8.40488346651391e-11	9.56220275457926	0.007	0.532	2.52146503995417e-07
"AC114803.1"	8.57239008758861e-11	9.24996887748401	0.275	0.176	2.57171702627658e-07
"HIST1H4J"	9.58491290082584e-11	-3.8770229772685	0.111	0.046	2.87547387024775e-07
"AC091153.3"	9.64800954044038e-11	8.39778873177972	0.007	0.556	2.89440286213211e-07
"TGFB1"	1.01673817723721e-10	0.690744210212041	0.085	0.171	3.05021453171164e-07
"PRUNE2"	1.16643635585137e-10	6.09187661515066	0.183	0.611	3.49930906755411e-07
"RARS"	1.17407806109823e-10	-0.2552025329456	0.203	0.245	3.52223418329468e-07
"AKR1C3"	1.71185483139123e-10	-1.45450959694594	0.059	0.208	5.13556449417368e-07
"AP003392.6"	1.92312191394563e-10	11.8857516792102	0.013	0.481	5.7693657418369e-07
"CCSAP"	2.02500275876147e-10	-0.266892220276117	0.118	0.13	6.0750082762844e-07
"PHEX"	2.06455182938666e-10	-6.76544227228794	0.007	0.468	6.19365548815998e-07
"AC005833.2"	2.27389473200094e-10	4.99191718710043	0.065	0.403	6.82168419600281e-07
"STAM-AS1"	2.63574360990009e-10	13.1844825332028	0.039	0.491	7.90723082970027e-07
"PDZRN3"	2.81007691006231e-10	3.58470879177916	0.15	0.241	8.43023073018694e-07
"IL10RA"	3.44703936703976e-10	5.79057462735221	0.17	0.532	1.03411181011193e-06
"PSRC1"	3.58125493077372e-10	-5.60299517124241	0.275	0.343	1.07437647923212e-06
"SEPT1"	4.44381702474009e-10	3.84250913892702	0.02	0.13	1.33314510742203e-06
"ANKHD1-EIF4EBP3"	4.61578057438902e-10	2.46274347800647	0.013	0.218	1.38473417231671e-06
"ST6GALNAC3"	4.6745321475938e-10	0.746871204617453	0.065	0.306	1.40235964427814e-06
"SSH3"	5.50801925662874e-10	6.83326405432333	0.17	0.477	1.65240577698862e-06
"PPP1R42"	5.82902378340307e-10	-0.786699253584124	0.059	0.611	1.74870713502092e-06
"AC020611.2"	6.16825707063202e-10	-1.83719282318586	0.17	0.019	1.85047712118961e-06
"FGF13"	6.40503460798906e-10	2.08739790030957	0.118	0.12	1.92151038239672e-06
"AC073332.1"	6.69249488892207e-10	10.6037710803486	0.242	0.454	2.00774846667662e-06
"AC110285.2"	7.16980851123417e-10	2.86626259769466	0.013	0.472	2.15094255337025e-06
"AC103810.1"	8.64676936709537e-10	4.63485205695761	0.072	0.519	2.59403081012861e-06
"PCDH10"	9.97619282048154e-10	9.29011556536758	0.333	0.889	2.99285784614446e-06
"AC078909.2"	1.02269058889209e-09	2.49019553817553	0.026	0.514	3.06807176667627e-06
"CAVIN1"	1.09484675248531e-09	1.9623935822969	0.033	0.63	3.28454025745594e-06
"CXCL14"	1.10848900883636e-09	-1.05657938705517	0.392	0.995	3.32546702650907e-06
"FHIT"	1.26993101492055e-09	3.00738370102272	0.039	0.204	3.80979304476165e-06
"CRISPLD2"	1.45421102522492e-09	12.0871975074518	0.216	0.5	4.36263307567475e-06
"SYCP2L"	1.57509288111342e-09	12.1332236017875	0.059	0.532	4.72527864334025e-06
"C20orf204"	1.58478682106325e-09	6.26612365467729	0.007	0.532	4.75436046318976e-06
"AC010976.1"	1.6849801548274e-09	-11.4977361072982	0.118	0.134	5.05494046448221e-06
"AC022217.3"	1.80232084737977e-09	4.33884934830042	0.007	0.514	5.40696254213931e-06
"AC144836.1"	1.95129305496279e-09	10.6890075162745	0.007	0.532	5.85387916488838e-06
"AFF3"	1.99949575854914e-09	8.72005633945901	0.092	0.148	5.99848727564741e-06
"TTLL9"	2.19080472455521e-09	7.72173422789021	0.02	0.528	6.57241417366564e-06
"AL353746.1"	2.19080472455521e-09	-0.388824697412569	0.196	0.134	6.57241417366564e-06
"AC025164.1"	2.3853761399035e-09	7.12059180447562	0.033	0.417	7.1561284197105e-06
"AL589765.1"	3.00224829691591e-09	13.185552305613	0.013	0.426	9.00674489074772e-06
"LRRN3"	3.05708896593053e-09	2.24454566332832	0.255	0.375	9.1712668977916e-06
"TINCR"	3.07557617563442e-09	10.1031675594535	0.007	0.454	9.22672852690327e-06
"ZEB2-AS1"	3.13172030456914e-09	12.2354769398217	0.013	0.324	9.39516091370743e-06
"TRAPPC13P1"	3.2274933801527e-09	3.18604455294907	0.013	0.676	9.6824801404581e-06
"FAM13A"	3.51113767676534e-09	-0.290941283099749	0.15	0.153	1.0533413030296e-05
"PCP4"	3.57499933615922e-09	2.22625292121721	0.013	0.301	1.07249980084776e-05
"HDAC9"	3.75086730321945e-09	1.51350921880648	0.216	0.231	1.12526019096584e-05
"AC005520.2"	5.08707964738007e-09	2.96716929872163	0.013	0.208	1.52612389421402e-05
"AC006064.2"	5.2718908359769e-09	-6.05160130191273	0.013	0.412	1.58156725079307e-05
"AC140912.1"	5.46321655967668e-09	12.0272899004075	0.007	0.472	1.638964967903e-05
"AC064801.1"	5.463227965654e-09	12.1726148758077	0.007	0.403	1.6389683896962e-05
"TIAM2"	5.79723549293077e-09	0.909122432593561	0.065	0.106	1.73917064787923e-05
"KLHDC8A"	5.90125426371745e-09	-0.328549549100405	0.248	0.269	1.77037627911524e-05
"LINC00645"	6.22430905830446e-09	12.1699520264099	0.007	0.514	1.86729271749134e-05
"EFNA5"	6.68195179206131e-09	-1.30504691246866	0.026	0.44	2.00458553761839e-05
"SEMA3D"	6.76132546536578e-09	9.7248054916878	0.007	0.528	2.02839763960973e-05
"NIM1K"	7.30017615642676e-09	-7.52339585765932	0.124	0.583	2.19005284692803e-05
"VSNL1"	7.43033041551434e-09	4.16907934004494	0.078	0.37	2.2290991246543e-05
"TLE4"	7.74286035543982e-09	-1.83309659116321	0.144	0.167	2.32285810663195e-05
"VRK2"	8.11570020756869e-09	-1.82976010464623	0	0.13	2.43471006227061e-05
"CRTAC1"	8.2115870185099e-09	-2.06919591418917	0	0.13	2.46347610555297e-05
"AC012636.1"	8.45620870488664e-09	13.0451347003645	0.013	0.472	2.53686261146599e-05
"OSMR"	9.28747634369065e-09	4.30586803938476	0.013	0.519	2.7862429031072e-05
"AC055813.1"	9.34198946992638e-09	12.0838720171561	0.007	0.454	2.80259684097791e-05
"CEP83-AS1"	9.34198946992638e-09	-1.46110995318584	0.007	0.356	2.80259684097791e-05
"BRINP2"	9.5631690539635e-09	2.0994892018072	0.033	0.125	2.86895071618905e-05
"SNCG"	1.09372451575935e-08	0.651911501955849	0.033	0.486	3.28117354727806e-05
"LRRC7"	1.17968470123713e-08	2.57013410999769	0.105	0.032	3.5390541037114e-05
"ELOVL6"	1.18656002476115e-08	-1.20774908677931	0.196	0.218	3.55968007428346e-05
"ATAD2"	1.19347904597461e-08	-1.47710891300647	0.078	0.153	3.58043713792384e-05
"LINC01197"	1.27959649954276e-08	12.039570650843	0.033	0.472	3.83878949862828e-05
"THAP9"	1.37969951653525e-08	3.32980134375327	0.105	0.139	4.13909854960575e-05
"PLAC1"	1.45342052225988e-08	-5.10181816198317	0.033	0.384	4.36026156677964e-05
"AL135999.1"	1.73779632388047e-08	8.66668733479847	0.144	0.426	5.21338897164141e-05
"CCDC26"	1.83001832015451e-08	5.57484343108124	0.007	0.463	5.49005496046353e-05
"DPY19L2P3"	1.94920143285058e-08	2.90938960709442	0.026	0.343	5.84760429855175e-05
"LINC00598"	2.00582748978174e-08	1.66341259607119	0.013	0.532	6.01748246934522e-05
"TMEM132C"	2.07590264730175e-08	7.04740860543021	0.02	0.38	6.22770794190526e-05
"CNTN4"	2.07590665923167e-08	4.72816185312868	0.046	0.204	6.227719977695e-05
"AP002336.2"	2.17304146328404e-08	-1.18810299942349	0.052	0.551	6.51912438985212e-05
"GLIS3"	2.24877362839616e-08	-0.280835870000342	0.131	0.644	6.74632088518848e-05
"PCDH11X"	2.27458234806522e-08	5.49912610367118	0.111	0.245	6.82374704419565e-05
"CAPS"	2.36719666384605e-08	-3.34287951236531	0.02	0.528	7.10158999153815e-05
"ID1"	2.68272528444776e-08	0.400904210435971	0.111	0.417	8.04817585334327e-05
"PRRX1"	2.75993365387508e-08	1.00404674680759	0.242	0.764	8.27980096162523e-05
"IDUA"	2.8232486705884e-08	3.12969624960381	0.033	0.19	8.4697460117652e-05
"AC117383.1"	3.36406792801392e-08	-3.7186414161011	0	0.176	0.000100922037840418
"VAX2"	3.7228835577112e-08	6.71047078344105	0.02	0.431	0.000111686506731336
"TRPV1"	3.80751194693971e-08	10.6197966306861	0.007	0.329	0.000114225358408191
"CMAHP"	4.02735263032998e-08	1.88141986251347	0.007	0.44	0.000120820578909899
"TNFRSF25"	4.65808566025872e-08	7.45047773244141	0.026	0.338	0.000139742569807762
"SHROOM4"	4.87072422593352e-08	-3.63195321308935	0.007	0.509	0.000146121726778006
"ZNF57"	5.3245801857382e-08	-3.88620003383012	0.02	0.236	0.000159737405572146
"BSN"	5.53580583815712e-08	0.735414148361904	0.033	0.125	0.000166074175144713
"MYH11"	5.78714303998944e-08	9.45455095644307	0.007	0.523	0.000173614291199683
"IQCH"	6.46481235230363e-08	0.911383686584724	0.02	0.532	0.000193944370569109
"AC009812.1"	7.10075204015833e-08	2.96652527125883	0.007	0.356	0.00021302256120475
"NETO2"	7.21910908371809e-08	-0.364390994858324	0.17	0.176	0.000216573272511543
"BHLHE41"	7.37981098543174e-08	2.02719209856989	0.248	0.787	0.000221394329562952
"TACR1"	8.14726743666799e-08	-9.16158409411084	0.163	0.093	0.00024441802310004
"SOX13"	9.14039754394493e-08	5.10359592838105	0.013	0.417	0.000274211926318348
"AC068722.1"	9.1905193617299e-08	7.52426797612947	0.007	0.241	0.000275715580851897
"AP001468.1"	9.44506328111724e-08	-5.55598649668891	0.007	0.394	0.000283351898433517
"PDE1A"	9.44506328111724e-08	-1.51842816719439	0.078	0.148	0.000283351898433517
"NAV3"	1.13660972594033e-07	0.86210827636659	0.196	0.231	0.000340982917782099
"AC087521.2"	1.19348071882025e-07	-3.57435744263037	0.013	0.116	0.000358044215646076
"PRKG1"	1.25309847338484e-07	-1.30557528218891	0.157	0.602	0.000375929542015452
"AC007040.2"	1.30850712375315e-07	-0.310703727327322	0.013	0.426	0.000392552137125945
"LINC01562"	1.43422252917493e-07	-10.5800067579044	0	0.139	0.000430266758752478
"P2RY1"	1.51354984144048e-07	-3.53445065330917	0.072	0.19	0.000454064952432145
"GPC6"	1.59711546112747e-07	3.02485355345465	0.235	0.454	0.000479134638338242
"AC078778.2"	1.73087759560821e-07	12.064390334668	0.007	0.477	0.000519263278682462
"GCC2"	1.76834198346765e-07	-1.22800835332327	0.19	0.218	0.000530502595040294
"DPP6"	1.82600774001277e-07	0.86146606674399	0.261	0.245	0.000547802322003832
"TPD52L1"	1.83579377893848e-07	-0.899857183171025	0	0.38	0.000550738133681545
"CST3"	1.86545704727531e-07	1.46046906708084	0.967	0.968	0.000559637114182592
"ANP32BP1"	2.09759133443732e-07	12.1911028041587	0.007	0.435	0.000629277400331197
"ADAM28"	2.20039965975804e-07	0.885834148515221	0.046	0.273	0.000660119897927413
"CHPF"	2.29585175873788e-07	1.68657858651103	0.255	0.454	0.000688755527621363
"HIST2H2BE"	2.42080836732939e-07	-1.25238259554056	0.137	0.329	0.000726242510198817
"HMCN1"	2.43365940105713e-07	-10.9090469025443	0	0.116	0.00073009782031714
"ARHGAP28"	2.63452141021743e-07	-2.15003756679963	0.072	0.176	0.000790356423065229
"AC021752.1"	2.66248319246096e-07	3.72028413730604	0.007	0.306	0.000798744957738287
"AC091826.2"	2.83636643997364e-07	0.285365918368647	0.085	0.542	0.000850909931992093
"NPDC1"	2.85134215973027e-07	3.05432091371727	0.013	0.204	0.000855402647919081
"AC018462.1"	2.89672888989477e-07	12.1438963345357	0.007	0.458	0.000869018666968431
"AL121658.1"	2.94281289340188e-07	7.09079260430165	0.02	0.565	0.000882843868020565
"SAT1"	2.94281767675158e-07	1.18780135883305	0.34	0.463	0.000882845303025475
"KCNA3"	3.23454668960632e-07	1.08965882825848	0.007	0.255	0.000970364006881897
"HIVEP2"	3.46241189235818e-07	-0.509764192106317	0.118	0.111	0.00103872356770746
"HIST1H2AC"	3.6481549262076e-07	3.88612546488872	0.072	0.171	0.00109444647786228
"ALK"	4.04891411222036e-07	-4.3199041931311	0.007	0.306	0.00121467423366611
"RAB11B-AS1"	4.35437746599532e-07	0.61279211064941	0.124	0.236	0.00130631323979859
"AC008764.2"	4.42266766773398e-07	0.999691836314554	0.007	0.463	0.00132680030032019
"AP000251.1"	4.49198339159734e-07	-0.579525001621474	0.007	0.236	0.0013475950174792
"P2RX7"	4.95599169819993e-07	-1.0401429797596	0.026	0.583	0.00148679750945998
"PFN2"	5.08559010142026e-07	-0.462037338029893	0.137	0.171	0.00152567703042608
"TNFAIP8L3"	5.19160943258727e-07	-1.82779677267898	0.085	0.102	0.00155748282977618
"MYO1D"	5.5510941449702e-07	1.30933813458204	0.039	0.13	0.00166532824349106
"C21orf91"	6.08868412555342e-07	1.64426242400367	0.052	0.134	0.00182660523766603
"AC009159.3"	6.4415442070905e-07	0.81675073008121	0.013	0.241	0.00193246326212715
"CTNNA2"	6.50779530634767e-07	0.624136264958902	0.268	0.273	0.0019523385919043
"CLDN10"	6.50779530634767e-07	1.39834426407986	0.052	0.597	0.0019523385919043
"AC019077.1"	6.919233042817e-07	-3.80351240094255	0.013	0.176	0.0020757699128451
"GPR75-ASB3"	7.93865016447533e-07	2.57002933214399	0.039	0.583	0.0023815950493426
"CD9"	8.65316549306931e-07	-0.442553941537086	0.333	0.796	0.00259594964792079
"AC024560.3"	8.87483931283397e-07	2.06470089964612	0.046	0.231	0.00266245179385019
"FOLR1"	9.05595655777803e-07	3.59198683188481	0.026	0.63	0.00271678696733341
"TNFRSF10D"	9.38193306229199e-07	-0.784131505955733	0.203	0.185	0.0028145799186876
"HIST1H1C"	1.03762572055125e-06	4.47449574630798	0.15	0.148	0.00311287716165375
"RGS6"	1.0533890095941e-06	0.998931494433196	0.281	0.708	0.00316016702878231
"AC007728.1"	1.06938264573305e-06	11.3702433813846	0.007	0.398	0.00320814793719916
"LHX2"	1.10761510760692e-06	-1.99291681317998	0.314	0.458	0.00332284532282077
"DDIT3"	1.11877807890696e-06	2.48663963871536	0.222	0.481	0.00335633423672087
"LRP8"	1.13572576231498e-06	-3.23289876061856	0.105	0.088	0.00340717728694493
"APCDD1"	1.18213426710219e-06	-2.0554345748352	0.078	0.167	0.00354640280130656
"DNAJC27-AS1"	1.28049046926953e-06	-5.51237998143066	0.059	0.199	0.00384147140780859
"SCN9A"	1.28049046926953e-06	-7.24296636888465	0.052	0.435	0.00384147140780859
"SPTY2D1OS"	1.33257388279377e-06	-1.60155791345668	0.02	0.375	0.00399772164838132
"FAM47E"	1.4005478405274e-06	11.1398825168468	0.007	0.458	0.00420164352158219
"DNAJC3"	1.47916882359897e-06	-0.54041750362235	0.392	0.741	0.00443750647079691
"AGT"	1.47916882359897e-06	2.02548351215294	0.386	0.38	0.00443750647079691
"AC109326.1"	1.55430906196816e-06	-9.45292419058143	0.013	0.153	0.00466292718590448
"AC053503.2"	1.56977394695649e-06	-5.06496780336991	0.255	0.028	0.00470932184086948
"AC092471.2"	1.59324551703844e-06	-5.33184619789462	0.007	0.153	0.00477973655111533
"GAS1"	1.69891172723524e-06	-0.957053422655748	0.111	0.12	0.00509673518170572
"CX3CL1"	1.7585661177091e-06	1.94130074496867	0.033	0.565	0.00527569835312731
"NPHS1"	1.80240340447105e-06	12.1814541985328	0.007	0.398	0.00540721021341315
"GAD1"	1.81129598747393e-06	-0.479960832156741	0.098	0.171	0.00543388796242179
"SHQ1"	1.95943885181711e-06	6.3957839346424	0.046	0.31	0.00587831655545134
"ENPP2"	1.95944160839995e-06	-10.3058067970765	0.078	0.102	0.00587832482519984
"AL591222.1"	2.0080771744995e-06	8.93379197603952	0.007	0.213	0.0060242315234985
"B3GALT2"	2.10885013674235e-06	2.9032817669932	0.124	0.292	0.00632655041022705
"AC244517.10"	2.12957648576461e-06	2.86084371433365	0.007	0.162	0.00638872945729382
"BBC3"	2.14001737201948e-06	1.49447994475011	0.098	0.148	0.00642005211605843
"MEGF11"	2.24713512097437e-06	1.08581043663447	0.026	0.481	0.00674140536292311
"KCNH7"	2.29140805971612e-06	-5.13780632099798	0.229	0.333	0.00687422417914835
"TFRC"	2.99187219156475e-06	4.88036392760381	0.209	0.329	0.00897561657469426
"TRIM67"	3.06487236550483e-06	-0.809263947167433	0.268	0.083	0.00919461709651449
"ZNF525"	3.10948939359631e-06	0.323847471986694	0.033	0.157	0.00932846818078893
"GRASP"	3.21603162868773e-06	2.75883743789517	0.02	0.282	0.00964809488606319
"S100A4"	3.39056131754091e-06	12.0525874523293	0.007	0.38	0.0101716839526227
"AC068587.4"	3.45625050505861e-06	-5.06587399787781	0.007	0.38	0.0103687515151758
"LHFPL3"	3.91393496999788e-06	-0.813211871162895	0.039	0.102	0.0117418049099936
"GEM"	3.95144581628594e-06	-3.38081278391093	0.059	0.227	0.0118543374488578
"KIRREL3"	4.10499092108255e-06	1.29646228521613	0.111	0.185	0.0123149727632476
"AP001318.2"	4.20383937019678e-06	-4.76459108109605	0.013	0.458	0.0126115181105903
"ZNF454"	4.51425737650039e-06	0.465492535793551	0.046	0.13	0.0135427721295012
"GMNN"	4.60067389229888e-06	-1.42180048152424	0.131	0.176	0.0138020216768966
"KIAA0586"	4.84656714585254e-06	2.79361995958859	0.098	0.167	0.0145397014375576
"ZC3H8"	4.96245256554376e-06	-0.620417385999641	0.118	0.204	0.0148873576966313
"FAM126A"	5.63553009073114e-06	0.283390627700521	0.216	0.157	0.0169065902721934
"SLC38A6"	5.93408324214552e-06	-0.377336445724724	0.052	0.199	0.0178022497264366
"CPM"	6.04635513549038e-06	10.1871861597746	0.007	0.352	0.0181390654064711
"TAF1D"	6.10325059511832e-06	-2.69127639134667	0.15	0.153	0.018309751785355
"NLN"	6.24773939471544e-06	3.86474084454791	0.216	0.259	0.0187432181841463
"AC011444.1"	6.3954898449746e-06	-2.89702336473686	0.007	0.167	0.0191864695349238
"FAM214A"	6.57722344174556e-06	0.871014041018302	0.124	0.245	0.0197316703252367
"CDK1"	6.60798731126192e-06	-1.30506992702039	0.092	0.13	0.0198239619337858
"NCALD"	6.63888040135935e-06	-1.72019564802196	0.248	0.491	0.0199166412040781
"AC008264.2"	7.32066120853413e-06	4.35102724097589	0.007	0.458	0.0219619836256024
"AC010729.1"	7.7397953151886e-06	0.652909108288094	0.013	0.236	0.0232193859455658
"AC103736.1"	7.73980498305404e-06	-6.13364467392326	0.065	0.208	0.0232194149491621
"VWC2"	8.56850004448164e-06	2.39290050439724	0.007	0.481	0.0257055001334449
"XPC"	8.56850004448164e-06	-8.8684314881182	0.176	0.269	0.0257055001334449
"KCNH8"	8.80884090803424e-06	4.38365463502046	0.052	0.102	0.0264265227241027
"LINC01933"	8.93140849900512e-06	11.8420898739834	0.007	0.389	0.0267942254970154
"HMGCS1"	9.70174196486006e-06	-0.97540781096281	0.634	0.88	0.0291052258945802
"LURAP1L"	9.79115061153373e-06	-3.90993662845474	0.026	0.125	0.0293734518346012
"IER2"	1.00641232151906e-05	5.59689018068672	0.222	0.449	0.0301923696455717
"ZCCHC6"	1.02501268036516e-05	-0.606797012626179	0.15	0.194	0.0307503804109548
"CROT"	1.05352871278035e-05	-0.9321678205194	0.444	0.829	0.0316058613834105
"AMOTL2"	1.05352871278035e-05	-1.30007183591976	0.013	0.5	0.0316058613834105
"ETV2"	1.10778934228054e-05	-5.26410127920512	0.039	0.157	0.0332336802684162
"AC007402.1"	1.26392615872775e-05	-2.43090496917414	0.033	0.264	0.0379177847618326
"AC018413.1"	1.27543481410666e-05	9.84297615995893	0.007	0.44	0.0382630444231998
"FNDC3A"	1.28122657010925e-05	-0.930052302165262	0.366	0.394	0.0384367971032776
"LHFPL6"	1.34661459343187e-05	2.00482684234812	0.261	0.468	0.040398437802956
"BCL3"	1.34661459343187e-05	2.40065760042505	0.105	0.264	0.040398437802956
"AC233296.1"	1.35271429757732e-05	1.96009679219291	0.02	0.417	0.0405814289273196
"MEF2C-AS2"	1.35883874255737e-05	-3.14963242616663	0.072	0.111	0.040765162276721
"PPP4R1-AS1"	1.4409248921632e-05	6.37951703192321	0.013	0.454	0.0432277467648959
"AL356479.1"	1.45396754647251e-05	7.14484405894017	0.052	0.435	0.0436190263941754
"PTPRD"	1.48038789020137e-05	0.732544499261544	0.242	0.199	0.0444116367060411
"MIR181A2HG"	1.64141279672623e-05	5.2136720899901	0.046	0.116	0.0492423839017869
"LINC00491"	1.78689643074921e-05	3.16530089497591	0.157	0.5	0.0536068929224763
"ZFHX2-AS1"	1.81905164460523e-05	3.11491144445223	0.039	0.134	0.054571549338157
"MMP2"	1.86831995013828e-05	-3.14456896068935	0.039	0.139	0.0560495985041485
"AC011290.1"	1.87665177558434e-05	1.80914735585962	0.007	0.477	0.0562995532675301
"PDE4B"	1.92740405850732e-05	0.515469057175129	0.203	0.255	0.0578221217552197
"NAPA-AS1"	2.08762177551463e-05	10.3133161327236	0.02	0.269	0.062628653265439
"ZSCAN23"	2.24061436793826e-05	7.43312723290915	0.02	0.176	0.0672184310381478
"IGFBP5"	2.51220979999427e-05	3.20569587706752	0.471	0.856	0.075366293999828
"AC018648.1"	2.53435062327151e-05	12.1287174385343	0.17	0.477	0.0760305186981454
"GABRB3"	2.56791018414119e-05	0.360717184657897	0.216	0.204	0.0770373055242356
"AC092958.1"	2.64786717301562e-05	2.88287060793923	0.105	0.259	0.0794360151904685
"PCDH7"	2.76620547182968e-05	2.60849338708854	0.118	0.495	0.0829861641548904
"PARM1"	2.88956763974335e-05	4.44284589397689	0.007	0.282	0.0866870291923006
"B3GAT2"	3.00504629379998e-05	-6.74184829260889	0.255	0.333	0.0901513888139993
"ACSM3"	3.16585055681061e-05	1.50261353151604	0.02	0.338	0.0949755167043182
"ANKS1B"	3.22124987408411e-05	1.87501314132193	0.19	0.218	0.0966374962225233
"FAM133A"	3.24929195793607e-05	3.70412915752491	0.052	0.218	0.0974787587380822
"MIR99AHG"	3.3204153138717e-05	-1.94871558633932	0.359	0.241	0.0996124594161511
"IL23A"	3.49719354235069e-05	12.1121448331224	0.007	0.375	0.104915806270521
"PCDH17"	3.61997235411307e-05	1.62788785058761	0.131	0.366	0.108599170623392
"CD163L1"	3.79548615693609e-05	12.1779423906966	0.007	0.426	0.113864584708083
"SLC4A4"	4.40926495285226e-05	4.86388572684472	0.458	0.884	0.132277948585568
"CSRP2"	4.50428411182569e-05	-2.0068710403181	0.105	0.111	0.135128523354771
"CHSY3"	4.50428411182569e-05	6.50106976437413	0.105	0.324	0.135128523354771
"SLC1A3"	5.09481144849639e-05	-0.490993618659123	0.869	0.917	0.152844343454892
"SCGB2B2"	5.20376988101991e-05	11.0509972139852	0.013	0.426	0.156113096430597
"FABP7"	5.61458669850081e-05	-1.3686199368843	0.68	0.824	0.168437600955024
"CADM2"	5.6620838358023e-05	2.08224650286466	0.399	0.583	0.169862515074069
"CCDC175"	5.68596907846897e-05	6.96572435172997	0.007	0.352	0.170579072354069
"NR4A3"	5.7099614008797e-05	7.17990152759222	0.131	0.481	0.171298842026391
"SELENON"	6.21029289407654e-05	0.686819170635514	0.033	0.356	0.186308786822296
"MUM1L1"	6.42182916305906e-05	11.1061831582252	0.033	0.444	0.192654874891772
"GRID2"	6.55747280016973e-05	2.00317292868053	0.294	0.676	0.196724184005092
"TRIB3"	6.80850995556094e-05	-0.419453107451586	0.183	0.366	0.204255298666828
"TESK2"	7.27738818863537e-05	11.3922424120256	0.007	0.356	0.218321645659061
"SNTG1"	7.46096562758558e-05	-4.14943697436787	0.242	0.231	0.223828968827567
"BHLHE40"	7.71255545273941e-05	-1.23545611988812	0.255	0.588	0.231376663582182
"FABP6"	8.55147541055033e-05	10.5017590206606	0.007	0.306	0.25654426231651
"MDK"	8.76527551495699e-05	1.86467565202935	0.327	0.44	0.26295826544871
"AF117829.1"	0.000102411430041953	1.00177317853723	0.026	0.491	0.307234290125858
"OTX2"	0.000102828727309665	7.91904912056298	0.144	0.653	0.308486181928996
"CREBRF"	0.000102829806704882	-0.544914735643928	0.105	0.144	0.308489420114645
"ISPD"	0.000107103240929284	1.21015205466673	0.046	0.19	0.321309722787851
"STYX"	0.000108417599341282	1.35856656295239	0.15	0.454	0.325252798023846
"ZFHX3"	0.000109747165629131	-2.83911854246491	0.183	0.361	0.329241496887392
"CRYAB"	0.000117576647157849	2.02079328704493	0.248	0.356	0.352729941473548
"STK17A"	0.000117576647157849	0.364326975356109	0.242	0.403	0.352729941473548
"CLMN"	0.000119493939726914	5.50725714539793	0.092	0.366	0.358481819180743
"PLEKHH2"	0.000120463604435416	0.499861136636916	0.02	0.352	0.361390813306248
"AC005562.1"	0.000139797101343893	12.1896533593188	0.007	0.435	0.419391304031678
"CDH22"	0.000145503661243094	12.1358808908995	0.007	0.389	0.436510983729283
"CPS1"	0.000149627999669855	-2.5315662457954	0.007	0.282	0.448883999009565
"RYR3"	0.000150826446537353	9.69081956216429	0.039	0.273	0.45247933961206
"NUPR1"	0.000155711192920787	6.52008605903972	0.078	0.435	0.46713357876236
"FSTL5"	0.000156955438789695	-1.73861134852149	0.314	0.648	0.470866316369086
"PPM1F"	0.000156955438789695	-0.770988087069103	0.007	0.106	0.470866316369086
"C3orf14"	0.000160107115722786	2.50374489953502	0.176	0.204	0.480321347168359
"CFAP47"	0.000163318275752574	-11.717498130401	0.039	0.139	0.489954827257722
"AL137782.1"	0.000163967737168315	3.65227984764978	0.02	0.431	0.491903211504944
"LYPD1"	0.000169923078790356	1.76767991415894	0.052	0.282	0.509769236371068
"UCHL1"	0.00017195320073664	0.353296633848161	0.131	0.204	0.515859602209919
"TNNT1"	0.000173319161737441	1.91300706530745	0.052	0.278	0.519957485212324
"PTCHD1-AS"	0.000174005962962955	0.47884849357532	0.026	0.245	0.522017888888864
"VAX1"	0.00017469532309887	4.04351595006103	0.039	0.537	0.524085969296609
"CECR2"	0.000177478530266966	0.444155358997606	0.118	0.111	0.532435590800897
"SERINC5"	0.000178180818340448	1.55305086731938	0.32	0.319	0.534542455021345
"C2"	0.000192030915703309	12.1863899491236	0.007	0.301	0.576092747109926
"MAP3K20-AS1"	0.000199721019620136	-9.65153130736606	0	0.153	0.599163058860409
"AC091167.6"	0.000204472526419789	2.70706922049733	0.013	0.431	0.613417579259366
"POU3F2"	0.000206080299084993	-0.702101435982585	0.32	0.292	0.61824089725498
"FAM181A-AS1"	0.000209330433523774	3.64842888076578	0.02	0.273	0.627991300571323
"LINC00943"	0.000209330799383381	-3.34692664097199	0.131	0.338	0.627992398150142
"CALN1"	0.000214296954441494	6.66505128921941	0.02	0.181	0.642890863324481
"AP002989.1"	0.000237122850142487	-3.49008980103361	0.007	0.116	0.71136855042746
"MYBPC1"	0.000248410501920574	-11.57150640724	0	0.148	0.745231505761721
"WNT3"	0.000253260525707612	-6.7349596486427	0.007	0.208	0.759781577122836
"ZMYM4-AS1"	0.000262215715082585	1.77221669962999	0.052	0.167	0.786647145247755
"TMEM131L"	0.000268349479745923	0.547075921459055	0.118	0.134	0.805048439237769
"STXBP5-AS1"	0.000274617777356883	12.229996417127	0.007	0.356	0.823853332070649
"EXOC3L1"	0.000275675973823072	-4.51081770242344	0.078	0.134	0.827027921469217
"BRINP3"	0.000282104169016835	7.36706131764303	0.216	0.625	0.846312507050504
"AC006460.1"	0.000284278007558018	5.39870177610937	0.007	0.255	0.852834022674055
"BDNF"	0.000290894066214258	-0.840490938155481	0	0.13	0.872682198642774
"CENPC"	0.000298795041496289	-3.37831856817207	0.15	0.199	0.896385124488866
"CCDC7"	0.000298795290621764	2.40608901436407	0.039	0.144	0.896385871865293
"SH3D19"	0.000306896913167892	0.84897448247047	0.098	0.227	0.920690739503677
"AC005076.1"	0.00031161829876924	-8.61857517942128	0.007	0.231	0.934854896307721
"AC116535.1"	0.000315203872995381	5.1063793618175	0.013	0.259	0.945611618986143
"SLC35F3"	0.000317615410947123	5.96513857634971	0.007	0.319	0.952846232841368
"ZNF433-AS1"	0.000317615673580366	-0.281097783711225	0.033	0.264	0.952847020741097
"HTR2C"	0.000329935961931336	-1.02964199060117	0	0.347	0.989807885794007
"DUSP5"	0.000342702364945387	3.41561210115374	0.033	0.333	1
"TNIP1"	0.000361353171104265	-1.10110551700093	0.111	0.106	1
"RAB40A"	0.000375251708080242	12.6767863848721	0.065	0.375	1
"ECHDC2"	0.0003940674422335	-1.01122195791581	0.013	0.245	1
"AP000708.1"	0.000416871776638086	-1.22224867493881	0.02	0.269	1
"MT1E"	0.000420004204788842	-0.901488720635012	0.072	0.532	1
"RPE65"	0.00042633443335126	1.41567918794356	0.052	0.593	1
"ARL4A"	0.000432753658036606	1.33361354153454	0.078	0.306	1
"TENM1"	0.000435997002463608	9.50023209185994	0.059	0.278	1
"DUSP6"	0.00043762717094012	-1.48504796048126	0.026	0.139	1
"NOVA1-AS1"	0.000445863704972294	13.2555531955917	0.02	0.352	1
"HELQ"	0.000455938497498794	-0.748950924957533	0.052	0.167	1
"DOCK9"	0.000473203204780512	1.55056532690734	0.092	0.204	1
"CNTRL"	0.000492897341781271	1.24688226312957	0.085	0.245	1
"NFKBIA"	0.000503959358162671	-1.98704606035519	0.176	0.185	1
"AP001172.1"	0.000505825377613785	3.25632445667881	0.046	0.509	1
"FAM171B"	0.000513354453622169	-1.19016783059673	0.516	0.681	1
"DNAJC15"	0.000517157843320392	1.91616036181307	0.105	0.31	1
"KPNA5"	0.000542527226701523	0.689374503446508	0.196	0.227	1
"COLEC11"	0.000546531593027439	1.00694354305621	0.007	0.347	1
"CCDC186"	0.00056489431146285	-0.727894333028561	0.111	0.148	1
"RXFP1"	0.000583830281098448	12.1843196296186	0.085	0.333	1
"RPS6KA6"	0.000644243211603262	10.8158458261516	0.026	0.12	1
"ZNF267"	0.000665639309129361	-5.00202779436977	0.046	0.167	1
"PTPRE"	0.000677810463835615	3.07906523087631	0.02	0.259	1
"SPARC"	0.000695197194239139	-0.816061170149114	0.66	0.787	1
"AC097478.1"	0.000707869082602746	4.36069917082418	0.02	0.44	1
"AL589935.1"	0.000733858682422587	-10.0304321458947	0	0.236	1
"WNT7A"	0.000752576725290771	2.44360663370813	0.098	0.204	1
"PSMD6-AS2"	0.000852994546539208	2.30685663361844	0.007	0.148	1
"AL391069.2"	0.000868314493266149	12.1284105985889	0.007	0.389	1
"MCHR1"	0.000883889858343026	10.7527760895836	0.281	0.148	1
"KDM4D"	0.00089653568724633	-0.250315959199785	0.059	0.245	1
"NAA16"	0.000912578786262007	-0.423476693924708	0.163	0.176	1
"GAS5-AS1"	0.000922331272603013	12.1129408915092	0.007	0.352	1
"RNF103-CHMP3"	0.000965721934035996	3.44656255598465	0.013	0.162	1
"SMARCA5-AS1"	0.000969136051818835	9.24120202231472	0.007	0.273	1
"LSAMP"	0.000979448335342417	-0.503398519864426	0.451	0.495	1
"LPL"	0.00100037699235867	-0.322563612208686	0.059	0.167	1
"CCDC144NL"	0.00103618028110325	11.8541710531935	0.144	0.227	1
"SDF2L1"	0.00108829960896093	-3.93942137818437	0.222	0.319	1
"AC092171.4"	0.00110363016755592	3.36671789253313	0.046	0.31	1
"PRTG"	0.00112700000914119	0.663072277407336	0.007	0.495	1
"DLG2"	0.00113094007855583	1.10807650659491	0.157	0.167	1
"AC090825.1"	0.0011874435231804	-5.91569275586605	0.007	0.269	1
"ZC3H12B"	0.00119157766015499	5.02463192439823	0.046	0.463	1
"AC034102.5"	0.00119572428015337	10.0135386918659	0.007	0.347	1
"INSIG1"	0.00122938779435491	-3.46491089385198	0.346	0.329	1
"DLGAP1"	0.00125086920089854	-3.80755447649778	0.15	0.153	1
"SPINK5"	0.00127269672698324	-3.09382593792332	0.039	0.227	1
"AC068025.1"	0.0012904113337717	-5.66721922961001	0	0.259	1
"EZH2"	0.00133569823841722	0.306306651231421	0.131	0.134	1
"AL357054.2"	0.0013449297632122	9.71272730042636	0.026	0.292	1
"ARID4A"	0.0013495675654845	-1.24295523822267	0.229	0.213	1
"SLC43A1"	0.00138720361666132	12.1644590223502	0.007	0.273	1
"PTN"	0.00143561159907891	0.82033407364667	0.784	0.935	1
"GSEC"	0.00146039468281318	4.26822324401357	0.026	0.204	1
"AC005899.6"	0.00149575377195059	12.2110094016196	0.007	0.301	1
"TBC1D32"	0.00150086897203029	1.19766213206287	0.118	0.167	1
"GARS"	0.00153712906590428	0.636720866183768	0.222	0.259	1
"PI15"	0.00156352123200814	-10.8657031288575	0.039	0.218	1
"AC090013.1"	0.00156884948019433	12.2052564879047	0.007	0.347	1
"IFI16"	0.00158493470066812	-3.67186842859901	0.033	0.218	1
"AC008443.1"	0.00176026988394789	2.32498118860358	0.007	0.204	1
"AC096887.1"	0.00179016518794679	7.15432117079837	0.059	0.338	1
"RUNX1"	0.00179619996660183	7.80478301134779	0.007	0.352	1
"AL022341.1"	0.00181441552309038	2.64879616802496	0.007	0.412	1
"CNKSR2"	0.00192089095489319	-0.269435444214223	0.15	0.157	1
"AP002383.2"	0.00193378637977564	-0.333445002016914	0.007	0.491	1
"AC074351.1"	0.00195328166361101	-6.53992013046908	0.163	0.074	1
"DNAH3"	0.00195981967460438	-9.62582348773108	0	0.25	1
"RGS16"	0.00198617311882346	-0.505626095681189	0.072	0.218	1
"CDKN2B"	0.0021228860729423	-1.95273882586949	0.124	0.102	1
"EPB41L4A-AS1"	0.00217273744110424	-0.358059654141993	0.092	0.111	1
"KIF26B"	0.00221632139745887	-0.838307362918379	0.105	0.079	1
"CNR1"	0.00223102603835163	1.02906772360482	0.092	0.106	1
"AP000282.1"	0.00223102603835163	-4.12269957184133	0.013	0.481	1
"WWC2"	0.00223102603835163	-4.43121058815632	0.072	0.519	1
"SLC38A1"	0.00228319910832315	0.489129592011851	0.15	0.139	1
"SLC8A1"	0.00228319910832315	1.65070882513683	0.209	0.264	1
"SLC17A8"	0.00232114589407439	-9.41298516914613	0	0.204	1
"VIP"	0.00232880590702151	-0.319231226204	0	0.144	1
"PCDH9-AS1"	0.00244649496076465	-11.0621044137196	0	0.338	1
"APOD"	0.00244649642617652	12.173411788381	0.007	0.273	1
"MAPT"	0.00251146689414639	1.44745210463148	0.275	0.181	1
"IL33"	0.00253623501077742	0.323991875593036	0.503	0.662	1
"AC004917.1"	0.00254454056698062	9.24699825883873	0.046	0.352	1
"NWD2"	0.00255287099191266	5.36888887382514	0.013	0.185	1
"MEF2C"	0.00256960671316425	0.730884775993648	0.163	0.069	1
"AC130343.2"	0.00256960671316425	12.2011394140783	0.039	0.356	1
"CXCL12"	0.00261188587577594	-2.24814461762194	0.17	0.199	1
"ABHD6"	0.00261188587577594	0.31259995432179	0.124	0.167	1
"KCNQ1"	0.0026375576732757	10.0431946435827	0.026	0.278	1
"AC233992.3"	0.00269835792174594	-10.7068697022243	0.007	0.106	1
"AC091948.1"	0.0027071474604277	5.06554495313973	0.013	0.213	1
"PCDH9"	0.00276043634149227	2.70495463960828	0.451	0.546	1
"TEAD4"	0.00283297879108625	8.77494933581993	0.007	0.282	1
"NTM"	0.00285138434151002	1.26079730260409	0.379	0.375	1
"RIMS2"	0.00312078354782402	2.47529584530977	0.033	0.125	1
"AC012618.3"	0.00313082067096891	2.98828446813075	0.007	0.176	1
"NCAM2"	0.00324318769723299	0.451633324442893	0.431	0.505	1
"PGF"	0.00335921759325907	12.2316254311818	0.261	0.287	1
"ECEL1"	0.00359128110215155	2.76408602732382	0.007	0.157	1
"FAT3"	0.00375399666474857	0.743114105387066	0.405	0.375	1
"AC010331.1"	0.00376586953898956	1.99687615913711	0.013	0.333	1
"TFPI"	0.0038257600556739	3.87148237824884	0.797	0.731	1
"SMC4"	0.00383784108803409	-4.21314617513076	0.157	0.236	1
"CWF19L2"	0.00383784108803409	-0.568456753552118	0.255	0.333	1
"INTU"	0.00386210719426382	-2.52328762232191	0.261	0.315	1
"RNU2-63P"	0.00393574201431684	-10.8414112706575	0	0.171	1
"ZBTB20"	0.00402326404861576	-3.07628201814465	0.536	0.481	1
"DST"	0.00417741746760137	3.25302178119099	0.588	0.481	1
"USP51"	0.00443247787806075	3.28290788004934	0.033	0.296	1
"SCRG1"	0.00457231486074267	1.52839567288578	0.83	0.671	1
"CAB39L"	0.00464372118884959	-0.369215701447761	0.196	0.227	1
"SOX5"	0.0047748017592028	0.98526820087306	0.333	0.255	1
"TSHZ2"	0.0048490626493648	-10.3122355006096	0.085	0.116	1
"PLA2G4C"	0.00520430062660365	-6.77833456748071	0.039	0.343	1
"AC005920.2"	0.00528457121418194	-4.66675445085183	0.007	0.296	1
"LRP5L"	0.00530075889983026	7.02559348723568	0.052	0.412	1
"AC073610.3"	0.00531699135889505	6.82832735778462	0.013	0.463	1
"TTC28"	0.00531699135889505	-0.375527244068871	0.15	0.125	1
"SFRP1"	0.00551531266753716	-4.68678575567979	0.542	0.676	1
"ETV4"	0.00551531266753716	1.69933210502028	0.007	0.264	1
"ARF4-AS1"	0.00563405975215124	9.35928434476268	0.02	0.208	1
"AP005328.2"	0.0057376705071294	4.13676832117902	0.013	0.347	1
"HGF"	0.00582532444813605	-3.9840197118874	0.098	0.491	1
"ID3"	0.00593210455827143	1.16954502034608	0.092	0.37	1
"AC035140.1"	0.006188138681752	-7.30669143878956	0	0.116	1
"SATB2"	0.00618814175722712	4.57993466742038	0.131	0.056	1
"SEMA6D"	0.00622551971095513	4.04571656113778	0.333	0.616	1
"AL390728.6"	0.00624428170964519	2.86984388592576	0.02	0.236	1
"DCN"	0.00637707253290428	-0.792665707095618	0.013	0.139	1
"RAP1GAP"	0.00661063100444987	1.36711361249506	0.085	0.273	1
"MTUS1"	0.00681110796288968	2.19638122758468	0.183	0.231	1
"AL133227.1"	0.00699619051267094	5.69290875045609	0.007	0.245	1
"ERO1B"	0.00703792838796677	0.258989794924298	0.085	0.194	1
"ESR1"	0.00705887765259591	12.2035352806586	0.007	0.31	1
"FTH1"	0.00722852908240942	0.911022898106269	0.601	0.75	1
"NUP210L"	0.00751202213115662	8.28983138576713	0.007	0.296	1
"POU3F4"	0.00760123476717005	3.15285333184317	0.275	0.306	1
"STARD9"	0.00771408558713967	-2.61011754008756	0.033	0.19	1
"NLGN1"	0.00782843556911242	1.40761174859024	0.261	0.25	1
"CLU"	0.00789777225205943	0.774066347871607	0.987	0.991	1
"AL450326.1"	0.00796765849051786	-3.93854310732054	0.02	0.449	1
"LINC01505"	0.00801455646770127	3.22571688400767	0.013	0.264	1
"TTC22"	0.00806170146185421	2.03132772928198	0.092	0.356	1
"TCIM"	0.00808536693858659	-0.703205688041171	0.209	0.292	1
"SOX3"	0.00825277396742912	2.35677785760294	0.163	0.444	1
"NAALADL2"	0.00830117085021754	-5.952442688207	0.059	0.19	1
"SHISA9"	0.00837424234130785	1.82610862775876	0.046	0.324	1
"EGF"	0.00839872705240756	-4.58826380682965	0.026	0.282	1
"AMPD3"	0.00882487854572025	-4.1000102006829	0.242	0.111	1
"CPNE6"	0.00924350155377605	5.07757567727473	0.007	0.255	1
"RAMP1"	0.00927024449164764	1.19794625184534	0.353	0.769	1
"SORBS2"	0.00932393758186617	-0.30176249785809	0.157	0.167	1
"NRCAM"	0.00970762214436857	0.770211310244196	0.255	0.389	1
"GRIN2D"	0.00984802119866499	2.71706640214892	0.013	0.176	1
"DACH1"	0.0100188961221876	-5.41247835182104	0.137	0.213	1
"LAMA2"	0.0101053175686609	-10.2570336512878	0.131	0.042	1
"STXBP5L"	0.0102215785097812	1.83847250067809	0.026	0.125	1
"ZNF837"	0.0103685736455366	1.91054612410067	0.013	0.157	1
"PTPN14"	0.0108516996011875	0.289065554365428	0.033	0.384	1
"AC005822.1"	0.0112588616641725	0.360405540240352	0.176	0.181	1
"AC132938.3"	0.0114190392220675	-6.08719808289762	0	0.199	1
"OLFM1"	0.0115161137950915	0.415400013858245	0.17	0.13	1
"AC020663.1"	0.0119452798915144	0.384495882552317	0.007	0.306	1
"LRRTM4"	0.0122850052076562	-2.15887076322788	0.118	0.185	1
"MT3"	0.0124580536107146	2.60366199402365	0.405	0.667	1
"LINC01748"	0.012492915945094	1.24670066890836	0.02	0.139	1
"KCNJ2-AS1"	0.0124929212011927	12.2549793260695	0.007	0.116	1
"KAT6B"	0.0126332572394374	0.440324613780361	0.353	0.343	1
"MT-CYB"	0.012739423273766	-0.65993290255003	0.399	0.505	1
"ANP32E"	0.0129181221147295	-1.67481591134917	0.451	0.449	1
"GSTP1"	0.0129181221147295	-3.77846738872018	0.549	0.662	1
"SOX2-OT"	0.0134675949137542	-3.31061004679163	0.359	0.394	1
"AC021054.1"	0.0138835675106054	8.06969587978007	0.007	0.273	1
"MSMO1"	0.0142715259591324	3.7246393475992	0.588	0.644	1
"TTC36"	0.014429367640321	-3.17950236045494	0.013	0.306	1
"ZRSR2"	0.0145088642883053	-0.75074242215343	0.111	0.181	1
"CALD1"	0.0147092978159766	-0.595832537866377	0.379	0.481	1
"LINC01102"	0.0149940036704851	-1.71238533268206	0.137	0.079	1
"AC093901.1"	0.0152835527542094	5.25278256019806	0.007	0.245	1
"PCDHB11"	0.0154933703791515	3.67941456491962	0.007	0.208	1
"CREB5"	0.0156630504030299	0.540881171960247	0.359	0.477	1
"HSPA5"	0.0157913874167732	1.20933885405621	0.595	0.736	1
"AL118516.1"	0.0158774542092621	-3.09676100399068	0.046	0.116	1
"MMP16"	0.0162258537418983	0.290507967210639	0.15	0.194	1
"AC245297.1"	0.0167610662211827	0.776771179573225	0.092	0.245	1
"TPI1P2"	0.0168063585176923	11.9620422371819	0.007	0.315	1
"PCNA"	0.0170803751415026	-0.948248055293665	0.19	0.162	1
"MSX1"	0.0174050088732555	-5.80225995716889	0	0.347	1
"PTPRK"	0.0178303367539643	5.89785539607317	0.124	0.134	1
"URB1-AS1"	0.0186089952113284	0.782812333298223	0.092	0.426	1
"GPATCH2"	0.0187083896346158	-6.44676229556005	0.098	0.176	1
"CDKN1A"	0.0189085726054134	6.02949654286795	0.092	0.31	1
"AP001453.2"	0.0192633955004801	5.37912253470314	0.013	0.255	1
"AC099669.1"	0.019365845714893	-1.61706514753261	0.013	0.12	1
"SCG5"	0.0194172455023837	5.72094687125115	0.013	0.222	1
"TUBB2A"	0.0201494570038189	-0.311967010545312	0.242	0.25	1
"PHACTR2P1"	0.0202559940080659	12.2313698261789	0.007	0.218	1
"GPC5"	0.020416739770832	0.727476690357315	0.039	0.329	1
"TMEM158"	0.0206871098409859	-0.701305293812368	0.065	0.111	1
"AL591485.1"	0.0212929342370765	6.51200293541478	0.026	0.13	1
"RNVU1-19"	0.0214047210989059	5.6594927159267	0.013	0.213	1
"SRM"	0.0217431849897915	-0.353381581307143	0.248	0.264	1
"AP001830.1"	0.021914152910351	1.43316463975646	0.007	0.245	1
"ZNF81"	0.021971393646137	3.55201979409794	0.098	0.199	1
"MT-ATP6"	0.0227275576060739	-0.60879724084362	0.386	0.495	1
"HRH2"	0.0235062250467433	-1.0386247331442	0.124	0.005	1
"SAMMSON"	0.0236280438853755	12.1921006712174	0.007	0.301	1
"ZNF32-AS3"	0.0243079325953822	6.74246946520609	0.007	0.144	1
"SYBU"	0.0244962830814278	0.462704039924554	0.163	0.231	1
"GPM6B"	0.024749371906482	0.823264387993456	0.98	0.986	1
"AL110118.2"	0.0266529123086095	0.488553363479894	0.007	0.185	1
"CKB"	0.0270621744809878	1.05102315672322	0.627	0.745	1
"SMARCD3"	0.0273380135618625	0.662168600632064	0.242	0.213	1
"AL354872.2"	0.0276162751628846	-8.65998393756449	0.216	0.019	1
"MT-RNR1"	0.0276862210570571	-2.62566199195922	0.993	0.991	1
"KHDRBS3"	0.0276862210570571	0.759716346917035	0.163	0.181	1
"DNAJB1"	0.028681620508333	1.12694425208058	0.314	0.37	1
"AC022075.1"	0.0291907642249233	12.0548876870415	0.007	0.306	1
"ETS2"	0.0306885671396765	10.4908648274276	0.007	0.292	1
"TNIK"	0.0311505814755148	-0.262697738724707	0.248	0.31	1
"NUS1P2"	0.0316185420374134	0.433531433884243	0.007	0.412	1
"LINC01715"	0.0316185522056577	-7.22472495090349	0.007	0.218	1
"ZMYND10"	0.0317758662582745	3.4872306076359	0.013	0.356	1
"AC016924.1"	0.0328960415909158	3.40528533364765	0.007	0.324	1
"SLC6A17"	0.0328960520326124	-7.16034316555841	0	0.13	1
"KCNMB2-AS1"	0.0330588049329793	6.71271382554169	0.007	0.319	1
"Z93241.1"	0.0334687053629137	5.82573897806117	0.007	0.343	1
"CHD3"	0.0337167265988754	0.261448036242931	0.111	0.046	1
"HSPA1A"	0.034554847374246	-4.92253536140771	0.105	0.255	1
"FGF14"	0.0347245794507041	-0.333886835228059	0	0.241	1
"S100B"	0.0350662132567802	-0.901573019514279	0.562	0.88	1
"ERBB4"	0.0356709585600226	-3.48049684033693	0.085	0.13	1
"AL158050.1"	0.0361083354719069	-9.32275393712137	0	0.157	1
"GOLGA6L10"	0.0361963595589843	8.92428584581424	0.013	0.181	1
"HK1"	0.0363729677361449	-0.330277899760162	0.301	0.343	1
"SIPA1L2"	0.0364615412696946	2.2759384097485	0.229	0.375	1
"AL031963.3"	0.036550287336408	-7.21844956711404	0.02	0.116	1
"SNX24"	0.0365502985329608	-3.89026086533834	0.059	0.148	1
"KPNA2"	0.0369071707634877	-0.802073694979573	0.137	0.236	1
"AC008591.1"	0.0379956425060684	1.76691172649518	0.007	0.343	1
"SQSTM1"	0.0385500276760894	-0.611829002026302	0.471	0.574	1
"NKAIN2"	0.039299916974773	3.24092723046843	0.105	0.037	1
"FAM135B"	0.040062143683045	1.16547386475586	0.033	0.255	1
"OLIG2"	0.0416242638763334	-1.31200646378219	0.072	0.144	1
"MT-TL1"	0.0440639599887759	-3.32686139108547	0.15	0.116	1
"ASAP3"	0.0447978669846202	-7.08789671561202	0.033	0.352	1
"COL11A1"	0.0447978797534049	-2.5955284193261	0.516	0.694	1
"ATF3"	0.0447978797534049	3.78301637301656	0.19	0.38	1
"AL365361.1"	0.0447978797534049	-4.58382311980339	0.013	0.185	1
"LAMB3"	0.0450094551963759	3.49214271346382	0.007	0.199	1
"XBP1"	0.0458642017954761	9.57305167136726	0.229	0.278	1
"AC073941.1"	0.0459720003569166	1.05416623707462	0.026	0.431	1
"COL12A1"	0.0461882247560518	11.6269378181691	0.007	0.407	1
"SETBP1"	0.0468420951519412	-1.01520057221407	0.261	0.31	1
"LRP1B"	0.0472823130338825	7.45063072140443	0.085	0.375	1
"ATOH7"	0.0488505681068788	-2.09233568449366	0.007	0.218	1
"CXXC4-AS1"	0.0490781297411523	12.2199584921812	0.033	0.218	1
"AKAP12"	0.0499972919581521	-0.669071918492545	0.359	0.366	1
"TTC7B"	0.0499972919581521	-4.96855708253863	0.039	0.13	1
"RMST"	0.0499972919581521	-2.00474063417428	0	0.106	1
"H1F0"	0.0514030662237725	9.83471840796654	0.124	0.199	1
"SEL1L"	0.0539427457205377	2.12867957415668	0.281	0.338	1
"MT-TS2"	0.0540662651814181	6.16587407224476	0.549	0.977	1
"SGCD"	0.0544381829113943	-0.831746530759606	0.124	0.407	1
"CA9"	0.0546873360124119	0.485698060650088	0.307	0.352	1
"SPRY1"	0.0553143456963269	-2.16749936694161	0.17	0.255	1
"ZNF670-ZNF695"	0.0555668070932071	-3.70661198067242	0.007	0.148	1
"AC099791.2"	0.0556933900870743	2.78539506600149	0.026	0.421	1
"AL353708.3"	0.0565863320014539	-9.65738923837623	0	0.116	1
"TTC3"	0.0572314209451309	0.313557002974334	0.111	0.102	1
"CHD7"	0.0576213929415555	0.2692845548412	0.222	0.259	1
"IFI44"	0.0577518585803232	0.31903865114787	0.118	0.079	1
"CHRDL1"	0.0578825846472232	-6.96116827150013	0.608	0.667	1
"FAM133DP"	0.0582762392475279	-1.00249776458495	0.013	0.134	1
"AL365275.1"	0.0582762542663505	-4.17120215595748	0.007	0.435	1
"AC099792.1"	0.0585399093181425	7.28482471409149	0.033	0.139	1
"GLI3"	0.0593368857361227	-4.50650313886359	0.275	0.38	1
"DUT"	0.0593368857361227	-1.22953586036131	0.444	0.426	1
"P4HA1"	0.0597387304320842	2.13581593176422	0.333	0.477	1
"MEF2C-AS1"	0.0605491931137902	-2.44533009760145	0.059	0.13	1
"PSAT1"	0.0615062286837475	-3.11722512956787	0.837	0.907	1
"SYNE2"	0.0617819564520266	-0.725698659401404	0.085	0.148	1
"CSMD3"	0.0619202035270863	1.09871265248631	0.052	0.153	1
"LINC01551"	0.0656054414302071	-0.372765761977236	0.19	0.264	1
"MYL6"	0.0664810770637014	-0.782546867453456	0.464	0.468	1
"MYO10"	0.0685617018592417	-0.9676074115593	0.863	0.708	1
"ARHGAP5"	0.0690144426046566	0.399647529713626	0.765	0.829	1
"AL512343.2"	0.0693176320870999	6.2699349017119	0.007	0.296	1
"CD63"	0.0710047860953698	-2.34314389952003	0.83	0.847	1
"AC006030.1"	0.0714707175590127	2.48867887316882	0.033	0.125	1
"STPG2"	0.0725676393894543	-4.76254337785857	0.065	0.144	1
"PRSS23"	0.0732006147504263	0.531487318650561	0.026	0.241	1
"CUTALP"	0.0767631804710351	8.88560447069413	0.039	0.296	1
"HNRNPA2B1"	0.0797820404516732	0.320771362231392	0.386	0.384	1
"FUT9"	0.0799525450865305	-1.61132654846292	0.477	0.597	1
"AC098820.1"	0.0802944246804709	2.73052525770186	0.007	0.296	1
"KCTD16"	0.0809818012193937	0.556107592270989	0.085	0.139	1
"ETV6"	0.0818477088666018	-0.90923981212561	0.052	0.208	1
"CD81"	0.0820217884621848	2.62015760625673	0.791	0.898	1
"SMOC1"	0.0827211119359851	6.05848566336667	0.242	0.213	1
"NR2F2"	0.0828966958080449	1.12156708409129	0.268	0.352	1
"EPHA4"	0.0828966958080449	-0.340678170415178	0.105	0.106	1
"AC007448.3"	0.0836020536954608	2.67932691593572	0.013	0.435	1
"FAM181B"	0.0839565509249358	-0.991977891446694	0.595	0.63	1
"ANKRD12"	0.0846691958016881	0.822010964904992	0.281	0.231	1
"MATN4"	0.0852068844782929	7.7731880204202	0.007	0.343	1
"TMOD2"	0.0853867263629675	0.876721045013928	0.288	0.231	1
"AP002495.1"	0.0861091647598108	5.78833394044378	0.02	0.255	1
"DCST1-AS1"	0.0866542276480245	-10.2556495798939	0	0.185	1
"SNRPN"	0.0873852702588861	2.38231366948022	0.013	0.269	1
"NPTXR"	0.0875688536475681	0.644082971058787	0.124	0.088	1
"LIMCH1"	0.0881213571794624	-1.53703982239287	0.307	0.324	1
"BNIP3L"	0.0886766680732003	0.355913163288235	0.412	0.481	1
"SQOR"	0.0888623781133117	2.24417262672551	0.013	0.255	1
"NNAT"	0.0897957492839432	0.32953938470125	0.157	0.157	1
"LINC01550"	0.0899833634431517	-0.683128154097588	0.092	0.282	1
"MIR100HG"	0.0901712929877679	-1.12853251696096	0.353	0.333	1
"ADM"	0.0926432342546345	1.3149094601793	0.346	0.38	1
"PAAF1"	0.0938023171204717	0.281102079819953	0.111	0.157	1
"EGLN3"	0.0943862341657729	-0.867907213875638	0.392	0.324	1
"PDK1"	0.0949730414671542	0.860808979941254	0.275	0.287	1
"TFDP2"	0.0951692921438887	-0.271524215921923	0.235	0.273	1
"KREMEN2"	0.0969502007679097	12.2403621273277	0.007	0.255	1
"HES1"	0.0981522081785201	1.01705939561712	0.549	0.722	1
"AGBL2"	0.0987576601828807	-9.94428791315164	0	0.227	1
"GJA1"	0.09997750705644	1.48538144796794	0.837	0.875	1
"AL592295.3"	0.100797392314824	-1.30067416977189	0	0.13	1
"USP49"	0.10245323088751	3.30465112562027	0.039	0.194	1
"FAM19A1"	0.103079721899434	6.22461011567371	0.092	0.157	1
"TFEB"	0.103919777503821	-6.13395303401785	0.072	0.495	1
"CLASP2"	0.106257996999669	0.288256613498012	0.294	0.227	1
"NEK8"	0.107767523223179	2.77449908471869	0.013	0.431	1
"CCDC191"	0.108201947962398	1.20004960503314	0.052	0.343	1
"GCC2-AS1"	0.108637715308682	-10.4709827159112	0	0.292	1
"ADGRB3"	0.109953437127016	-1.76924158263587	0.373	0.463	1
"LINC01896"	0.109953437127016	2.43438771187613	0.627	0.667	1
"TWISTNB"	0.109953437127016	-1.75124481489501	0.203	0.236	1
"PON2"	0.110173939688598	-3.69921993008848	0.824	0.856	1
"LURAP1L-AS1"	0.110394791463934	-1.72534416533886	0.124	0.278	1
"ITM2C"	0.111950560078598	0.532951859470089	0.497	0.616	1
"AC092691.1"	0.113976165017288	2.56167243137878	0.026	0.398	1
"TNC"	0.114657771702842	-1.54491978882983	0.556	0.606	1
"ARID5B"	0.118113923278104	2.9152118369533	0.294	0.412	1
"STMN4"	0.121174892832947	-0.255065576236657	0.288	0.245	1
"KCNN2"	0.121412898857482	2.3192811484273	0.059	0.245	1
"SUGCT"	0.122848598982324	1.25016475927533	0.02	0.144	1
"AL138724.1"	0.123813113896673	3.11258106165198	0.013	0.329	1
"AC109322.1"	0.125515184479773	-3.53137111670057	0.013	0.329	1
"ENOX1"	0.12674207265076	2.58141946649593	0.157	0.199	1
"PDIA3"	0.126988566829857	-0.294970234268594	0.621	0.569	1
"CKS1B"	0.127482674309125	0.468919252193372	0.15	0.157	1
"CATSPERG"	0.127730288252236	-1.72476588007959	0	0.199	1
"RYR2"	0.128724486203902	-0.923658836594924	0.007	0.162	1
"KCND2"	0.129975677563033	2.76139474112167	0.111	0.227	1
"PPP2R2B"	0.130983410692994	0.381745852637461	0.314	0.264	1
"CXorf58"	0.131997169511428	-6.27031345731808	0	0.102	1
"ATP2B1"	0.13250635817082	-0.266703895828694	0.203	0.231	1
"PSD3"	0.135334002839418	2.81131906253949	0.294	0.38	1
"AF129075.2"	0.135853068757563	12.2185287846755	0.007	0.269	1
"CELF2"	0.135853092123325	-0.266582680843096	0.196	0.222	1
"NEGR1"	0.136113212659048	0.267538032117489	0.183	0.315	1
"OMG"	0.138471630389185	1.65428960629219	0.072	0.366	1
"NRXN3"	0.139264727016852	1.84986128003598	0.059	0.12	1
"EPHA6"	0.139264727016852	1.23908639011302	0.033	0.106	1
"MT-ND1"	0.140861406419498	-0.740793755303197	0.235	0.259	1
"NPAS3"	0.141396748914566	1.91190670750945	0.451	0.486	1
"WBP4"	0.141933653510125	2.42648140516797	0.118	0.171	1
"SCD"	0.142472122650541	1.98057265510173	0.83	0.829	1
"PPP1R1A"	0.14573592916141	2.21737463260709	0.085	0.329	1
"RPS27L"	0.149895810927626	-1.38520521641811	0.516	0.546	1
"SGCZ"	0.149895810927626	4.035495608987	0.007	0.139	1
"HOPX"	0.150457237361716	0.980507019932828	0.863	0.889	1
"DDIT4"	0.151584897812624	-1.62904107371868	0.529	0.458	1
"CEP350"	0.152151136530116	1.05407008559194	0.392	0.361	1
"SRP54-AS1"	0.152718984032858	5.46361608136438	0.007	0.278	1
"AC068473.1"	0.15529426898932	12.2461680508462	0.033	0.19	1
"AL035681.1"	0.156449367654795	-1.06827862601594	0.235	0.116	1
"TCEAL5"	0.159365611921257	-2.61274323542408	0.046	0.125	1
"AK4"	0.16024845527021	2.67037794884492	0.307	0.481	1
"GPM6A"	0.160543556469	0.711214123421267	0.699	0.755	1
"NR2F1-AS1"	0.162919167940971	-0.577461895969719	0.196	0.218	1
"PTPRO"	0.163816824850325	0.660806867439733	0.131	0.139	1
"HSP90AB1"	0.164718203922433	-0.255914264390264	0.275	0.319	1
"BCL11A"	0.164718203922433	0.745067661662263	0.046	0.106	1
"LEKR1"	0.164718203922433	-11.0624169538576	0	0.199	1
"HS6ST2"	0.165925845570024	0.826065332210881	0.569	0.769	1
"LDHA"	0.166835938560124	-6.41075963790906	0.111	0.134	1
"HSPD1P4"	0.167140109809184	-4.54486244190044	0.013	0.269	1
"WSB1"	0.16774977837466	0.546819146167538	0.418	0.491	1
"SLC44A5"	0.168974072502633	1.68129046558078	0.209	0.269	1
"HIF1A-AS2"	0.16958872772469	9.18608025343963	0.033	0.153	1
"RPS2"	0.16989668331518	-2.12070931316607	0.451	0.509	1
"PEG10"	0.170823065213464	-3.82511209431179	0.255	0.218	1
"VIM"	0.170823065213464	-3.14827507544726	0.791	0.843	1
"SORCS3"	0.17113269844386	-1.87836144521225	0.059	0.171	1
"MFSD2B"	0.173624883532039	12.2347515223443	0.007	0.278	1
"AC069200.1"	0.173938306933221	12.2218290267522	0.007	0.287	1
"HERPUD1"	0.174881138603356	0.494173099296528	0.373	0.329	1
"MOXD1"	0.174881138603356	-0.49540762343552	0.601	0.745	1
"KBTBD11-OT1"	0.17646092404056	1.41723069278835	0.007	0.218	1
"MT-ND4L"	0.177413928798772	-0.588317542983938	0.346	0.389	1
"STC2"	0.177732438679333	1.47252699665657	0.333	0.324	1
"AL049869.3"	0.177732438679333	-9.62828223887453	0	0.264	1
"MCUB"	0.179331376355759	-0.405398267469683	0.222	0.167	1
"AC091551.1"	0.180295858720675	4.29009060791407	0.02	0.25	1
"ANOS1"	0.181911884112672	1.3397709496253	0.673	0.81	1
"FDFT1"	0.184192337124016	-1.04675349332717	0.373	0.343	1
"MARCH1"	0.185176127483745	0.709415180882801	0.078	0.12	1
"CDH11"	0.185834143743523	-3.48925457575702	0.255	0.361	1
"LINC00632"	0.187818562777776	1.87424027892802	0.111	0.139	1
"LMO3"	0.188816617485665	1.07823449797152	0.242	0.287	1
"ROBO1"	0.191160610510476	-0.651569845087908	0.373	0.347	1
"NOC3L"	0.193865599266883	0.402786704233002	0.163	0.181	1
"WWOX"	0.199013002243041	-0.657536908192658	0.085	0.162	1
"BCYRN1"	0.200402336065737	8.84650113337245	0.013	0.38	1
"ADPRHL1"	0.204612876112932	1.21156602825884	0.026	0.296	1
"C9orf147"	0.204612903143933	5.15295157548822	0.046	0.37	1
"EGFR"	0.204966664196196	-2.22640067995219	0.34	0.407	1
"MIR210HG"	0.204966664196196	0.560069711297443	0.176	0.269	1
"NRG3"	0.21068743265471	-4.32484155448141	0.163	0.301	1
"SPDL1"	0.212862229335228	1.45792549147665	0.111	0.167	1
"GRIP1"	0.215419923234959	0.697793625984	0.059	0.12	1
"AC025171.3"	0.216522828914042	1.1999374594005	0.124	0.264	1
"KDM5B"	0.217629792779441	0.99430344753488	0.255	0.241	1
"SLFN11"	0.22322563457131	-0.308117820492274	0.007	0.347	1
"SERPINI1"	0.223225662208274	1.90913889616775	0.105	0.093	1
"BCHE"	0.224357053155433	-2.41644933987682	0.203	0.412	1
"TET1"	0.225113633438736	-0.324357324868903	0.359	0.384	1
"PDIA4"	0.225492592335333	-0.833258092117596	0.464	0.454	1
"ELOVL2-AS1"	0.232391845858575	1.9232972241438	0.007	0.171	1
"HES5"	0.234334653134564	2.33445588092014	0.444	0.634	1
"FOXP1"	0.234724585747896	0.433892329131726	0.078	0.157	1
"CALR"	0.235897139910874	1.92809522259369	0.569	0.611	1
"CTNNA3"	0.237073831840993	-2.10825392381533	0	0.259	1
"IQGAP2"	0.23983556098661	-5.20494360809996	0.49	0.593	1
"VCAM1"	0.242220716865291	1.318078164871	0.523	0.63	1
"CCDC174"	0.243019501959626	9.21676041610413	0.209	0.185	1
"ROBO2"	0.244221106041567	3.19869685498428	0.216	0.264	1
"LMNA"	0.245024461311688	2.21319988861615	0.19	0.208	1
"RGR"	0.247850899385063	-2.30768169453194	0.007	0.111	1
"RSPO3"	0.249069216907387	3.45312058057809	0.007	0.125	1
"AP001160.1"	0.249069216907387	3.09009907319074	0.033	0.306	1
"LARGE1"	0.249476242135447	1.61903626383074	0.039	0.171	1
"AC110285.6"	0.251108990527321	4.97213047873059	0.013	0.356	1
"PURPL"	0.251928155012351	5.80858155736642	0.007	0.352	1
"TNRC6C"	0.253572069622738	0.424068485963185	0.105	0.157	1
"ZNF121"	0.254396793375299	2.64547896076104	0.078	0.181	1
"AC016705.2"	0.258131293344081	-2.48867198226647	0.007	0.241	1
"ZEB1"	0.259384522385755	-2.80254914997778	0.386	0.384	1
"AC124854.1"	0.263169439196651	12.2373089320121	0.007	0.12	1
"OPCML"	0.269562075128981	4.53146392000309	0.052	0.13	1
"SLC2A3"	0.269991976594951	4.51101699211091	0.059	0.167	1
"MCM4"	0.269992005195261	-1.19214026960752	0.118	0.144	1
"RGCC"	0.270853247008228	-1.0156939289024	0.229	0.509	1
"POLD3"	0.270853247008228	-2.06780642768805	0.176	0.144	1
"EEA1"	0.273014682576126	-0.678823665949129	0.294	0.352	1
"HMGB2"	0.273448375682215	0.499236050391865	0.085	0.125	1
"PGK1"	0.273882539560903	0.937140539197957	0.294	0.269	1
"KLHDC1"	0.273882539560903	-3.16504454537823	0.052	0.352	1
"AL353194.1"	0.274752251314655	0.688812012194621	0.007	0.204	1
"SNCAIP"	0.276934846652986	-4.00448231333026	0.49	0.519	1
"GABBR2"	0.280451545911738	9.20669800191157	0.085	0.273	1
"AC005837.1"	0.284443911555603	0.98561788030953	0.007	0.241	1
"GAPDH"	0.285336301186383	0.775328692969287	0.536	0.593	1
"UFL1"	0.285336301186383	0.537123491653779	0.386	0.412	1
"LRIG1"	0.289375434174362	-1.8681728254062	0.562	0.718	1
"HAT1"	0.289375434174362	-1.45240021978257	0.438	0.468	1
"BTG1"	0.289826624380368	0.542826434713487	0.144	0.116	1
"CDK6"	0.290278259125368	-1.34320768074038	0.085	0.185	1
"RAB31"	0.292998010529328	1.1261415190242	0.765	0.866	1
"SPARCL1"	0.293452960050872	0.300034463191011	0.778	0.88	1
"SLIT2"	0.296192578321918	-1.15623261621779	0.039	0.292	1
"WLS"	0.296192607161269	0.707637488467382	0.484	0.644	1
"HTRA1"	0.296192607161269	-3.85343727330123	0.725	0.824	1
"ZC2HC1A"	0.296192607161269	2.92373020307041	0.15	0.171	1
"FO538757.1"	0.298488680864205	5.88905492966752	0.007	0.199	1
"CALCB"	0.300334074994339	-1.43244552467223	0	0.204	1
"AC005476.2"	0.302187058367034	2.59520676662594	0.013	0.375	1
"LRRC3B"	0.302651490268338	-5.70685560786851	0.634	0.644	1
"SYN3"	0.303581777546437	3.98396700109823	0.02	0.204	1
"SHBG"	0.305915800593857	3.83209306188465	0.013	0.125	1
"AVIL"	0.306384000208368	-0.268992037060307	0	0.162	1
"FO393418.1"	0.311565846744862	12.2751858597762	0.007	0.111	1
"SRGAP1"	0.313940253653659	-2.32149893862173	0.157	0.208	1
"HES4"	0.315370579244029	-6.37356323175776	0.647	0.644	1
"PTTG1"	0.319687201821377	-5.24860184347056	0.111	0.093	1
"NALCN-AS1"	0.324042263184882	-10.7044936863619	0	0.106	1
"MT1G"	0.325990233929419	-9.94964485421867	0.216	0.282	1
"AQP1"	0.325990233929419	-1.93366579490667	0	0.12	1
"HSPH1"	0.325990233929419	0.469231321188617	0.327	0.37	1
"ID4"	0.326478406373438	1.2879740287566	0.804	0.875	1
"NKAIN4"	0.326967053576385	3.97067830033327	0.614	0.694	1
"SOX6"	0.327456175519963	-5.12257557177969	0.399	0.481	1
"ENO1"	0.328926389597247	4.04269128391821	0.516	0.481	1
"IFITM3"	0.332373500984578	-5.43771163941061	0.405	0.421	1
"ZNF607"	0.335843832676038	4.46707322191072	0.007	0.301	1
"KDM3A"	0.336341524589609	3.26725146535107	0.196	0.25	1
"GRIA2"	0.339337460039376	0.855159867043819	0.327	0.278	1
"GNG5"	0.339337460039376	-0.818869142127795	0.549	0.583	1
"ZFP36L2"	0.339838412922939	3.48826468998365	0.536	0.718	1
"SYT9"	0.345887146693956	1.94835360685948	0.007	0.171	1
"FTX"	0.34588717549303	1.45514854460653	0.275	0.208	1
"DCLK2"	0.348937107898891	1.95189850177973	0.588	0.653	1
"SLCO1A2"	0.352516853268634	0.528629880106214	0.007	0.333	1
"RND3"	0.352516882018772	-0.265478723644487	0.15	0.231	1
"PLS3"	0.358189011993404	8.16322363645259	0.209	0.185	1
"EZR"	0.358707492011593	-1.65592079429694	0.752	0.741	1
"LINC01185"	0.372884418333201	12.2417753177253	0.007	0.176	1
"AC005009.2"	0.376081392232216	-9.00187243914668	0	0.218	1
"DLX2"	0.37875839653176	0.261925542508323	0.242	0.181	1
"ADGRV1"	0.380370214400598	3.86112614343115	0.732	0.704	1
"LINC00461"	0.380908422190255	2.65367757236364	0.719	0.685	1
"NKAIN3"	0.384147479570703	1.17794306119435	0.732	0.639	1
"CD99"	0.387403335372244	0.406702260636641	0.804	0.87	1
"AC006130.1"	0.392867013516739	1.29139078113062	0.007	0.222	1
"GPNMB"	0.393965298657474	-0.787278172966864	0	0.231	1
"EDEM1"	0.403375826485549	6.4690768566154	0.02	0.176	1
"DLX1"	0.403933546344533	1.42057623788774	0.314	0.269	1
"AC069224.1"	0.405050341800539	6.71437126433914	0.007	0.222	1
"MPP7"	0.406169037283074	5.58459065205959	0.007	0.13	1
"AL133353.1"	0.406169037283074	-4.12758674019936	0.013	0.347	1
"CCDC88A"	0.407850492839833	-5.85242589239672	0.301	0.324	1
"CTNND2"	0.408411898513456	0.63981381814331	0.536	0.519	1
"ZFHX4"	0.411225822689714	0.611901436962962	0.51	0.5	1
"DOK5"	0.411789985446846	0.427918468051403	0.412	0.519	1
"MYH14"	0.413485226326967	5.33105696474682	0.007	0.144	1
"MT-ND5"	0.415184592279952	-0.637610921782517	0.758	0.829	1
"AL358852.1"	0.415751935575632	-4.6562625505206	0.007	0.213	1
"MALAT1"	0.418595679286649	5.51702446268687	0.686	0.898	1
"PDIA6"	0.422023205380675	-1.8154509585086	0.686	0.648	1
"SRI"	0.422596055013655	-0.394113577714009	0.699	0.731	1
"QKI"	0.423169359911689	4.37963261433438	0.837	0.935	1
"ACAT2"	0.423169359911689	-5.31966074909743	0.301	0.324	1
"SEPT5"	0.426042678671506	-8.27586737680002	0.007	0.259	1
"WNT2B"	0.42719519698113	-0.828131362630399	0	0.102	1
"SPTBN1"	0.430084455049952	0.43610616911581	0.458	0.417	1
"ANO4"	0.432403986876859	3.53838776538622	0.007	0.111	1
"PMP2"	0.433566463860881	1.23170488288614	0.784	0.838	1
"TIMP3"	0.439405888668472	2.0658084736081	0.647	0.685	1
"DNAJB9"	0.439405888668472	0.865461338073704	0.281	0.356	1
"LMO4"	0.439405888668472	-1.94946677804982	0.477	0.468	1
"ALCAM"	0.441166454730995	3.32327550275789	0.261	0.486	1
"FBXO32"	0.441754243367584	2.13125849261177	0.242	0.218	1
"CKS2"	0.444109767106323	-1.37593397348296	0.15	0.19	1
"AL591848.4"	0.445290185447405	-1.39127081731905	0.007	0.236	1
"AC027808.1"	0.448842233492961	3.16954138851444	0.007	0.181	1
"AC107068.1"	0.459594340315918	-1.9389631230647	0.013	0.222	1
"AL136311.1"	0.46140027137884	12.2363506402198	0.007	0.199	1
"AP001065.1"	0.464418920468419	3.43312166101562	0.007	0.134	1
"DCLK1"	0.464418947138894	1.46875388791802	0.889	0.972	1
"MASP1"	0.466235414966156	-2.26417879863658	0.235	0.38	1
"ZNF704"	0.466235414966156	0.505363463814508	0.203	0.167	1
"GALNT10"	0.473540586466844	9.38115020174505	0.033	0.157	1
"ARL9"	0.478445458437195	7.70705664442297	0.013	0.227	1
"HSP90B1"	0.482759891872057	-0.64963935740553	0.641	0.685	1
"LEAP2"	0.483377960334152	4.03678352625008	0.007	0.13	1
"ATP1B2"	0.483996458083617	1.36265541460656	0.837	0.856	1
"RIIAD1"	0.49020495192106	2.15360045946055	0.007	0.139	1
"FABP5"	0.490828177098588	5.36400047478231	0.431	0.38	1
"HMGCR"	0.491451801874338	-0.376605234603617	0.366	0.343	1
"SNAP25"	0.495202468073335	0.527478643640828	0.105	0.088	1
"FRG1HP"	0.497083519204842	4.46587810714121	0.111	0.204	1
"VCAN"	0.503381084491104	-2.11817375984829	0.346	0.347	1
"PPIB"	0.506545595874861	-1.37384803077071	0.569	0.597	1
"AL356489.2"	0.507179725608982	8.43103953484642	0.007	0.176	1
"ANAPC5"	0.516741870327195	0.327837946957504	0.294	0.218	1
"FGFBP3"	0.518665472230243	-0.399128236255724	0.366	0.292	1
"BTG2"	0.519949909167801	-1.31350424421361	0.301	0.301	1
"SNHG14"	0.532883898568093	0.546005974494429	0.111	0.153	1
"AC005532.1"	0.533534844793264	13.2254134784375	0.013	0.13	1
"RSPO2"	0.536142642001261	11.4117272522228	0.007	0.106	1
"AL359710.1"	0.538102691801519	13.2737763885868	0.039	0.264	1
"GFAP"	0.538756839982767	1.35534284156167	0.458	0.588	1
"CSRNP3"	0.544662056084043	0.306270433383616	0.111	0.106	1
"AC007389.1"	0.54663758287737	-1.76097068366555	0.052	0.167	1
"PTPRZ1"	0.551922941991141	2.0826932836803	0.948	0.958	1
"TTYH1"	0.552585372460831	-0.87185208682742	0.882	0.921	1
"NSRP1"	0.553248192775148	0.325236182106157	0.242	0.269	1
"CALY"	0.559231048742474	5.80042669830604	0.137	0.19	1
"MT-ND3"	0.55989774415759	-0.35317242980664	0.484	0.44	1
"IGFBP7"	0.561232290015284	3.47700708761193	0.229	0.569	1
"SEC11C"	0.563905989694583	2.26958491907731	0.412	0.389	1
"ZEB2"	0.564575372064779	1.32350772570927	0.281	0.301	1
"DLEU2"	0.569944149742637	1.56189103353215	0.118	0.097	1
"MT-CO3"	0.57668916482043	-0.588524949380069	0.085	0.222	1
"SGK1"	0.579397646750863	1.75109290332	0.059	0.144	1
"AL357060.1"	0.582791671230604	1.00905956417725	0.085	0.19	1
"ESF1"	0.590290942792037	-2.39887030195267	0.314	0.296	1
"HES6"	0.590974892461163	-1.19288191315215	0.111	0.12	1
"ADD3"	0.590974892461163	-3.07108332380761	0.771	0.838	1
"CA2"	0.594400094659056	2.29919862133579	0.15	0.347	1
"ZBTB20-AS1"	0.599210560918153	12.238082342779	0.007	0.153	1
"CKAP2"	0.603347802676334	-0.41204258221681	0.294	0.287	1
"MT-RNR2"	0.605421229156331	-2.06134560626688	0.51	0.5	1
"NFIA"	0.606805284249021	-0.817958259731527	0.66	0.704	1
"SLITRK4"	0.614442697325384	0.331725245600907	0.052	0.199	1
"AC005306.1"	0.622822365986447	-1.88818156147625	0.007	0.366	1
"ANKRD36C"	0.625626573841934	-1.37604005400636	0.111	0.102	1
"CDH9"	0.643984545324498	12.19904775142	0.033	0.301	1
"ITGB4"	0.644695052789279	-10.5556373533666	0	0.12	1
"AC012368.1"	0.648965014974869	9.96634746912063	0.02	0.102	1
"PABPC5-AS1"	0.648965034526977	1.99795236887107	0.013	0.255	1
"ATP1B1"	0.648965034526977	0.949522975200474	0.209	0.162	1
"ATP1A2"	0.65539163110429	-3.35602570173521	0.588	0.704	1
"KIAA1211"	0.65610728649996	-0.334298154605359	0.163	0.213	1
"LINC01376"	0.657539544022141	1.50205965595982	0.039	0.259	1
"CACNA2D1"	0.658973060090298	1.00002767083474	0.176	0.134	1
"NR2F1"	0.659690288665194	-0.740695540725977	0.235	0.315	1
"HSPA1B"	0.659690288665194	0.945219249766244	0.065	0.176	1
"C1orf61"	0.660407830178146	3.09650214230843	0.922	0.991	1
"SLC2A1"	0.664000211905648	-0.593930032371477	0.222	0.356	1
"CADM1"	0.664719619090058	-2.7483773024134	0.248	0.282	1
"GRIK4"	0.671930569451864	-3.87377203416089	0.02	0.343	1
"OCLN"	0.672653343353746	1.76835554875261	0.007	0.361	1
"ITGA1"	0.673376419840176	2.37702298344553	0.007	0.19	1
"MT2A"	0.673376438214861	2.58247678636555	0.614	0.579	1
"CXCR4"	0.676996338794745	1.73403306658578	0.163	0.287	1
"SOCS3"	0.678446378515992	-3.98628533425295	0	0.111	1
"CNN3"	0.679171872701416	1.18187806899503	0.869	0.856	1
"SLC7A11"	0.680623716148116	-4.68950878995715	0.307	0.449	1
"PKIA"	0.684258496540135	0.508518467934598	0.163	0.13	1
"NCAM1"	0.69447463184685	0.307136169924498	0.15	0.037	1
"PTGFR"	0.695938656854479	-0.543155444188896	0.007	0.264	1
"CSMD1"	0.695938674104293	2.61391700190868	0.085	0.259	1
"GNG2"	0.699603730552243	0.643607020640428	0.118	0.088	1
"DBI"	0.700337585665716	1.5015092000006	0.935	0.94	1
"EMP3"	0.705482372696414	-5.19367638217476	0.425	0.486	1
"ZFP36L1"	0.709902943805652	1.55443287583954	0.83	0.87	1
"AQP4"	0.712855435548804	-1.35701209865629	0.941	0.995	1
"RORB"	0.714333299734899	-5.43997274697291	0.268	0.389	1
"B2M"	0.715072634212389	1.67849410326864	0.908	0.861	1
"KCNH5"	0.717292239637063	7.46952632233392	0.007	0.12	1
"LINC01158"	0.729170077695152	-0.387390530180934	0.301	0.315	1
"ADRA1A"	0.735880254121828	6.33918368111914	0.026	0.273	1
"CA3"	0.735880254121828	3.15580037720114	0.007	0.44	1
"AL121821.1"	0.738121177912623	2.27059453526489	0.078	0.491	1
"PCDHB2"	0.739616893217368	2.8364183687548	0.268	0.273	1
"AP003721.1"	0.747108544524109	9.85469948288805	0.007	0.116	1
"MTHFD2"	0.747859054894437	2.14288515064641	0.176	0.171	1
"PHLDB2"	0.750111959412687	8.35872842635874	0.013	0.144	1
"TPI1"	0.758390793256153	-0.604651924917444	0.359	0.384	1
"AC104137.1"	0.761408197712562	-4.77865850229681	0	0.13	1
"PIK3R1"	0.76216313537377	1.3960726997955	0.301	0.324	1
"MEST"	0.7629182855885	1.72408797112416	0.392	0.38	1
"ARPP21"	0.76442926242562	6.30935474049423	0.105	0.069	1
"RNF31"	0.76745388934875	12.2378674354575	0.007	0.139	1
"H2AFV"	0.771997499048299	-1.54960163458377	0.281	0.282	1
"TMEM81"	0.771997499048299	0.738712822737002	0.007	0.171	1
"B4GALT1-AS1"	0.774272243436252	3.52388352236043	0.026	0.241	1
"MT-TE"	0.780347660971798	1.43325652992257	0.81	1	1
"PCSK1N"	0.783390432442619	0.921907184716345	0.176	0.19	1
"LINC00159"	0.784913064578967	12.2461718768908	0.007	0.148	1
"ANKAR"	0.791775020776456	-2.19726766731443	0.039	0.361	1
"CFAP61"	0.79253845573838	-2.80249765702755	0	0.213	1
"JUN"	0.793302113854828	-6.91183236538964	0.392	0.417	1
"APOE"	0.795594238583806	-0.299363978691446	0.81	0.944	1
"FAM107A"	0.803247297800495	2.89665217048291	0.745	0.806	1
"CD200"	0.803247297800495	0.29858700442492	0.131	0.093	1
"DAB1"	0.806313856404398	0.58108935196552	0.124	0.111	1
"PUM3"	0.80784825633317	0.935738823978107	0.176	0.153	1
"METRN"	0.808615733977627	0.916662417840023	0.869	0.889	1
"DDX21"	0.813993183729378	-0.985687434358109	0.242	0.19	1
"ZBTB18"	0.816300522838873	0.325315340776742	0.137	0.093	1
"CACNA1D"	0.819379435920111	-1.74506706780652	0	0.231	1
"KIF22"	0.820149601472014	-0.709995857018424	0.111	0.139	1
"PFKFB3"	0.821690452299429	0.32531113720414	0.451	0.421	1
"INTS6-AS1"	0.824774212752899	-7.82137913956034	0.026	0.162	1
"AP001107.9"	0.827088811895013	6.58440566003407	0.013	0.162	1
"PHKB"	0.830949807673437	-1.2432109950947	0.261	0.292	1
"LINC01980"	0.832495354819524	-0.592017381306459	0.007	0.116	1
"FRG1-DT"	0.834041549757234	-0.789703230072877	0.052	0.31	1
"GAS2"	0.835588386685971	-0.591984193750501	0.046	0.19	1
"AP003049.2"	0.836362044082249	12.2348363652487	0.026	0.194	1
"PAX6"	0.837135859797688	-1.45723805602413	0.405	0.431	1
"RPSAP52"	0.838683963276952	12.2175702202417	0.013	0.13	1
"OLIG1"	0.840232691301013	0.413980026755942	0.275	0.333	1
"HMOX1"	0.844882564306065	-4.1283954059451	0.046	0.394	1
"AL137003.1"	0.844882564306065	0.889343633393565	0.02	0.194	1
"LMO2"	0.850314243425283	-2.14170101654559	0.327	0.458	1
"BNIP3"	0.851090784106098	0.346085574939767	0.405	0.444	1
"AC007566.1"	0.852644298012954	2.07057574465925	0.013	0.116	1
"NTS"	0.856530571608199	-1.59678245641263	0.02	0.231	1
"CMPK2"	0.859642101756149	0.852021299534253	0.007	0.106	1
"MCM3"	0.861198687669745	2.31236807219723	0.105	0.176	1
"EGR1"	0.864313471569085	-8.88848774780779	0.124	0.333	1
"EDNRB"	0.868989588589796	1.56868580803143	0.438	0.583	1
"FZD5"	0.869769391694982	4.77800054162253	0.013	0.375	1
"ZBTB38"	0.871329377151818	0.982548111682941	0.15	0.208	1
"AC092143.2"	0.883826783841023	-6.26414833799642	0.007	0.111	1
"PHLDA1"	0.886173366385038	-1.0086742288701	0.052	0.208	1
"AP003392.4"	0.886955776755288	-9.06880239503842	0	0.301	1
"ANGPTL4"	0.887738310727812	7.38854631338138	0.275	0.375	1
"AL121827.2"	0.889303679699061	0.533917499085128	0.02	0.477	1
"ANK2"	0.897920849964471	0.575173133339769	0.667	0.708	1
"IDI1"	0.898704840779043	-1.72652690338178	0.569	0.509	1
"GPRIN3"	0.899488930466177	2.43727458003235	0.059	0.116	1
"AC119403.1"	0.902626262793797	1.88016662741291	0.007	0.356	1
"HMGN3"	0.902626262793797	-0.337247857720748	0.353	0.375	1
"DAPK1"	0.905765116462252	0.664439850831882	0.078	0.102	1
"PKM"	0.907335098623286	0.291716788705479	0.562	0.565	1
"SYT17"	0.907335098623286	0.627116310619808	0.072	0.102	1
"FAM162A"	0.915190319450287	1.06210839361198	0.379	0.37	1
"SQLE"	0.915976310141918	-2.03267565354844	0.405	0.449	1
"LINC01934"	0.917548537221586	12.2358461557896	0.007	0.125	1
"IGFBP2"	0.923053831656046	11.5484375686169	0.307	0.343	1
"DSEL"	0.931712355987039	-2.26218833699233	0.255	0.301	1
"NRXN1"	0.932499915443101	1.586233127777	0.673	0.722	1
"SDAD1P1"	0.932499915443101	3.25882277944764	0.15	0.139	1
"RPLP1"	0.934075223706379	-0.310571597462884	0.556	0.514	1
"AC124319.2"	0.955364644950754	-1.17273423439518	0.026	0.139	1
"MT-CO1"	0.957732385871568	-0.337654917382997	0.235	0.306	1
"ID2"	0.960889946790537	-5.94301376780101	0.634	0.662	1
"ABCA3"	0.96404811917494	-2.09552544300431	0.085	0.125	1
"AC011921.1"	0.974315826574023	-11.1003482111131	0	0.111	1
"SPON1"	0.974315828107089	1.50597775697019	0.627	0.935	1
"FOS"	0.978266172870019	-1.14548261674765	0.209	0.282	1
"CD44"	0.979056307642519	-2.23597612089943	0.118	0.454	1
"LRRN1"	0.979846465464388	-3.10988340627045	0.444	0.491	1
"AC243585.2"	0.981426837154434	12.239182529817	0.007	0.171	1
"AC012640.4"	0.9845877911801	11.217920093607	0.013	0.139	1
"MSTN"	0.988539321625524	0.628037380037876	0.046	0.454	1
"TUBB4B"	0.990120018178379	-0.297342676519428	0.307	0.245	1
"ITGB8"	0.990120018178379	0.438339116579733	0.647	0.662	1
"AC002454.1"	0.994071913594098	4.23043287132853	0.007	0.241	1
"VEGFA"	0.995652718408055	1.27937674441013	0.353	0.366	1
"TXNDC16"	0.999604790643319	0.28216143747698	0.196	0.185	1
