"p_val"	"avg_log2FC"	"pct.1"	"pct.2"	"p_val_adj"
"TEAD4"	2.06844575227431e-31	12.4061901236452	0.013	0.933	6.20533725682294e-28
"LINC01424"	2.83517575838196e-29	9.08069923114327	0.013	0.893	8.50552727514588e-26
"GUCY1B2"	8.94492205834275e-27	12.3453726519716	0.013	0.84	2.68347661750283e-23
"AC243585.2"	8.60678599710171e-25	9.42381596156095	0.004	0.813	2.58203579913051e-21
"CCL2"	1.84756094061648e-24	1.89282743758243	0.048	0.707	5.54268282184944e-21
"AL049543.1"	2.51961991897633e-24	13.091742190879	0.017	0.813	7.55885975692898e-21
"AC006064.2"	2.71203945873998e-22	2.18638088748217	0.004	0.507	8.13611837621995e-19
"LRRC4C"	3.23825405808206e-22	5.65493805772359	0.039	0.36	9.71476217424618e-19
"CDH12"	1.09458055535159e-21	10.0888149753075	0.052	0.6	3.28374166605478e-18
"MTUS2"	1.19459929151899e-21	9.22928233959125	0.009	0.76	3.58379787455696e-18
"TRPC3"	2.23015600057104e-21	1.19956771026565	0.043	0.787	6.69046800171312e-18
"PKN2-AS1"	3.34121274290734e-21	3.8406460310577	0.017	0.627	1.0023638228722e-17
"ADPRHL1"	6.84734919405517e-21	5.68530794657505	0.004	0.707	2.05420475821655e-17
"AC019186.1"	9.7820085467479e-21	10.200333707794	0.004	0.747	2.93460256402437e-17
"ANKRD18CP"	2.38809657156521e-20	5.5738594185287	0.013	0.653	7.16428971469562e-17
"DGKH"	2.45637080708585e-20	3.50055804259296	0.039	0.44	7.36911242125755e-17
"IQCC"	3.69277488351104e-20	5.85278646141933	0.048	0.627	1.10783246505331e-16
"CEP83-AS1"	5.85928281032838e-20	0.861941642466903	0.017	0.84	1.75778484309851e-16
"AC099522.2"	9.14645713240445e-20	4.64782467001689	0.013	0.387	2.74393713972133e-16
"CNTN4"	1.38571288737805e-19	12.1452375330871	0.057	0.693	4.15713866213414e-16
"KLHL22"	7.86455435829965e-19	1.31074837806303	0.052	0.453	2.35936630748989e-15
"ADAMTS2"	9.00276416086195e-19	12.300698070211	0.043	0.733	2.70082924825858e-15
"NTN4"	9.24920738641016e-19	11.0190495316831	0.026	0.653	2.77476221592305e-15
"AC005837.1"	1.83597406538651e-18	-2.19907717864797	0.013	0.667	5.50792219615952e-15
"TPRG1"	1.91113881618242e-18	11.6502708408077	0.013	0.693	5.73341644854727e-15
"SHBG"	5.60748322045338e-18	11.4765170439189	0.026	0.72	1.68224496613601e-14
"ETV4"	7.39466089161609e-18	-3.57693572664174	0.009	0.693	2.21839826748483e-14
"SCN1B"	9.12373667109864e-18	11.4589183932222	0.017	0.733	2.73712100132959e-14
"AC019077.1"	1.04008732343246e-17	4.6933125800634	0.013	0.68	3.12026197029738e-14
"USP51"	1.57953177871563e-17	1.82625411484151	0.017	0.52	4.7385953361469e-14
"SLC35F3"	2.1022532311651e-17	11.584987226916	0.022	0.653	6.30675969349531e-14
"AC245140.2"	2.12974604935927e-17	2.54839659004556	0.009	0.507	6.38923814807782e-14
"AC087500.1"	2.18569905147537e-17	9.10032634426069	0.026	0.507	6.5570971544261e-14
"AP002383.2"	4.06173919274852e-17	11.1514475254565	0.004	0.72	1.21852175782455e-13
"LINC02327"	4.86178441570117e-17	11.9422746065043	0.039	0.693	1.45853532471035e-13
"AL021453.1"	6.20079701795537e-17	10.1532404284158	0.048	0.573	1.86023910538661e-13
"TFEB"	7.32036860028443e-17	4.3302277802373	0.057	0.693	2.19611058008533e-13
"ARF4-AS1"	8.42169908630665e-17	8.65078169337912	0.017	0.613	2.52650972589199e-13
"BAMBI"	1.0858368729145e-16	5.26814017717555	0.026	0.547	3.25751061874349e-13
"LINC00943"	1.20171486209348e-16	-8.92061659881978	0.126	0.467	3.60514458628044e-13
"EPAS1"	6.35013012788359e-16	-12.3287921965906	0.165	0.107	1.90503903836508e-12
"CAMTA1-DT"	8.02880086687846e-16	11.4663046159504	0.009	0.72	2.40864026006354e-12
"MIR17HG"	1.46478541071037e-15	3.5620275183492	0.026	0.573	4.39435623213111e-12
"PCDH7"	1.61500600227686e-15	2.15376050460709	0.039	0.613	4.84501800683057e-12
"AC113349.2"	1.65491443249195e-15	11.5651415873347	0.004	0.627	4.96474329747586e-12
"LGALS1"	1.96252060004334e-15	-3.28303714626641	0.057	0.2	5.88756180013002e-12
"AC008758.1"	2.24312609154104e-15	11.4255180478838	0.039	0.64	6.72937827462312e-12
"AP005328.2"	3.30383023741383e-15	10.6848856775661	0.009	0.653	9.91149071224149e-12
"KDM4D"	3.30389631146523e-15	-6.43368399632545	0.057	0.667	9.91168893439570e-12
"AP001107.1"	3.38450725548229e-15	8.99826809463084	0.03	0.64	1.01535217664469e-11
"AL365275.1"	6.02285178475838e-15	11.4497738341703	0.004	0.653	1.80685553542752e-11
"THY1"	7.03405251154908e-15	2.34357780690557	0.078	0.12	2.11021575346472e-11
"AC091153.3"	8.409585357128e-15	10.3089809229853	0.009	0.72	2.5228756071384e-11
"THSD7B"	1.41595088620772e-14	12.1290361516939	0.009	0.693	4.24785265862315e-11
"C1QTNF2"	2.21280705299672e-14	6.41884130523224	0.004	0.667	6.63842115899015e-11
"NMU"	2.26526119834453e-14	-3.3606999320112	0.03	0.147	6.79578359503359e-11
"GLT1D1"	2.7953382506334e-14	4.33592275285297	0.009	0.747	8.38601475190021e-11
"EGF"	2.7953904265658e-14	3.81163073046479	0.087	0.627	8.38617127969741e-11
"AC005306.1"	2.82812567148405e-14	10.4493947640157	0.009	0.627	8.48437701445214e-11
"DPP10-AS1"	3.52806408563137e-14	7.94795109078196	0.013	0.507	1.05841922568941e-10
"MIPOL1"	5.11092296312289e-14	10.5714883994708	0.035	0.6	1.53327688893687e-10
"CCDC7"	6.21730167640307e-14	2.52056666502438	0.022	0.413	1.86519050292092e-10
"LINC01619"	8.97498058206853e-14	2.13141997734069	0.017	0.467	2.69249417462056e-10
"LINC01170"	9.07819962046731e-14	1.36526637477211	0.009	0.667	2.72345988614019e-10
"FOCAD"	9.28815032621212e-14	1.48101252409488	0.083	0.107	2.78644509786364e-10
"GRIK1-AS1"	1.39957479384918e-13	8.87669176039211	0.052	0.587	4.19872438154754e-10
"AC021504.1"	1.54994466967357e-13	5.37961200818659	0.017	0.267	4.64983400902071e-10
"LINC01967"	1.60351149909339e-13	0.466704721100085	0.035	0.747	4.81053449728016e-10
"AC040169.1"	1.79551972773984e-13	12.2377237493282	0.035	0.4	5.38655918321953e-10
"AC114877.1"	2.37996688008141e-13	10.7545499561136	0.009	0.627	7.13990064024424e-10
"FAP"	2.54601012126522e-13	4.08993428068321	0.009	0.6	7.63803036379567e-10
"STPG2"	2.72337137529277e-13	11.4691512192418	0.057	0.627	8.17011412587831e-10
"AC012368.1"	3.01234010090905e-13	5.74749289242629	0.022	0.6	9.03702030272714e-10
"PCDH15"	3.04630785103968e-13	5.23882163903116	0.013	0.32	9.13892355311903e-10
"CXCL12"	3.33148180584755e-13	4.96197094889114	0.183	0.6	9.99444541754266e-10
"AC012618.3"	3.36892261642869e-13	12.0265687858122	0.013	0.533	1.01067678492861e-09
"RGR"	3.56235346847952e-13	5.49840288620309	0.009	0.533	1.06870604054386e-09
"ELMOD1"	6.07215212919427e-13	9.26542699659071	0.026	0.52	1.82164563875828e-09
"LINC01965"	6.48836448733476e-13	0.534932479504866	0.217	0.653	1.94650934620043e-09
"AC090510.1"	6.85638426701848e-13	4.7768564053019	0.004	0.707	2.05691528010554e-09
"LINC00271"	7.65533029404753e-13	3.40423704944247	0.004	0.573	2.29659908821426e-09
"ZNF684"	7.74006757779087e-13	5.94796862055453	0.043	0.6	2.32202027333726e-09
"RARB"	1.0410056680077e-12	-0.269523525031044	0.004	0.707	3.1230170040231e-09
"CACNA2D3"	1.20000254219092e-12	6.00787572420833	0.03	0.44	3.60000762657276e-09
"RIMS2"	1.2264879995217e-12	11.5557115181588	0.013	0.44	3.67946399856511e-09
"MIR4500HG"	1.44426934282032e-12	11.2939887389481	0.026	0.48	4.33280802846096e-09
"AC068025.1"	1.71840265975892e-12	11.1593220042321	0.004	0.693	5.15520797927676e-09
"EGR1"	2.53536309632163e-12	0.551001371752895	0.157	0.68	7.6060892889649e-09
"CMAHP"	2.64686002097357e-12	12.3704771823789	0.009	0.733	7.94058006292071e-09
"KIF26B"	3.3516080941612e-12	2.37830539713024	0.261	0.893	1.00548242824836e-08
"AL356489.2"	3.65099272274622e-12	11.5978481069818	0.022	0.48	1.09529781682387e-08
"STYX"	4.01933043244899e-12	1.45795684531132	0.109	0.293	1.2057991297347e-08
"OTOF"	4.15000151305985e-12	10.0060650819823	0.074	0.64	1.24500045391795e-08
"RPP25"	4.71562460369558e-12	3.17948687238639	0.048	0.267	1.41468738110867e-08
"SGCG"	5.47144899317589e-12	2.94329978315537	0.074	0.72	1.64143469795277e-08
"TMEM81"	7.51298552735468e-12	5.39535015526582	0.009	0.587	2.25389565820641e-08
"AC020558.1"	7.75417548158679e-12	9.85162525991837	0.013	0.547	2.32625264447604e-08
"AC103876.1"	8.79712474812864e-12	12.2666965474119	0.03	0.187	2.63913742443859e-08
"AL359198.1"	1.1430460456398e-11	11.1948257895434	0.03	0.36	3.4291381369194e-08
"MXRA8"	1.1550487604516e-11	11.4708752644138	0.009	0.493	3.4651462813548e-08
"FAM135B"	1.24261277345429e-11	10.7986120623083	0.083	0.613	3.72783832036288e-08
"AL390957.1"	1.53010893374428e-11	7.42764005569619	0.013	0.693	4.59032680123285e-08
"LINC01801"	1.71503679328441e-11	11.5274044712732	0.004	0.533	5.14511037985322e-08
"MAGED4"	2.29020842733524e-11	11.4882157718089	0.004	0.667	6.87062528200572e-08
"LEAP2"	3.52258115715443e-11	-9.47420962485239	0	0.147	1.05677434714633e-07
"TTN"	3.9005732478484e-11	-1.88749751403162	0	0.133	1.17017197435452e-07
"AC005609.5"	4.36225335303292e-11	0.907632204275473	0.026	0.173	1.30867600590988e-07
"ZNF433-AS1"	4.45175733539232e-11	8.81655586842487	0.03	0.4	1.3355272006177e-07
"CXorf58"	5.13051863752687e-11	11.5012621072591	0.009	0.6	1.53915559125806e-07
"PTPRT"	6.40679354096907e-11	5.02244465647791	0.013	0.16	1.92203806229072e-07
"AC026979.2"	8.07232963195186e-11	-2.07877184105995	0.035	0.227	2.42169888958556e-07
"GRIP1"	1.15625758696635e-10	8.64397367911469	0.065	0.173	3.46877276089904e-07
"MEF2C-AS2"	1.54116624776386e-10	2.8408562029225	0.126	0.56	4.62349874329158e-07
"KCNAB1"	2.7494899254364e-10	0.576099280649045	0.004	0.373	8.24846977630919e-07
"ETV6"	3.18149017006729e-10	11.3890835429171	0.026	0.253	9.54447051020186e-07
"AC087521.3"	3.82465770958526e-10	2.59670755806447	0.004	0.427	1.14739731287558e-06
"NEUROG1"	3.86186660585487e-10	-0.662061672146294	0.03	0.627	1.15855998175646e-06
"AP002989.1"	4.82065596647341e-10	-6.44640327069032	0.017	0.12	1.44619678994202e-06
"NEAT1"	4.96177088574703e-10	-2.84801144671376	0	0.187	1.48853126572411e-06
"VAX2"	5.46165553769669e-10	1.46826747868272	0.039	0.547	1.63849666130901e-06
"GPR75-ASB3"	5.89657044525426e-10	4.29275882348126	0.004	0.347	1.76897113357628e-06
"TFP1"	9.13629470700566e-10	4.09407323769412	0.004	0.4	2.7408884121017e-06
"COA7"	1.07281977149833e-09	1.16841475388494	0.087	0.2	3.21845931449498e-06
"MAP7D2"	1.22397843244153e-09	7.94907006199083	0.057	0.333	3.67193529732458e-06
"HAVCR2"	1.42220271908214e-09	1.38243832629995	0.035	0.2	4.26660815724641e-06
"TMEM74"	1.44908085740264e-09	-3.04251620430267	0.061	0.213	4.34724257220793e-06
"FAM155A"	1.49032868911734e-09	3.79065516184426	0.035	0.133	4.47098606735201e-06
"SGCD"	1.62103799434941e-09	1.68160345413461	0.026	0.413	4.86311398304822e-06
"KCNK15-AS1"	1.65159082924843e-09	11.8741850475391	0.013	0.547	4.95477248774529e-06
"STARD9"	1.68268464908281e-09	5.58413147196877	0.026	0.187	5.04805394724843e-06
"AC105036.3"	1.9710347937555e-09	2.18510235479744	0.009	0.173	5.91310438126651e-06
"AC016168.2"	2.1032869370572e-09	12.5471108448185	0.009	0.6	6.3098608111716e-06
"VCAM1"	2.10330331710422e-09	3.78781028534391	0.139	0.387	6.30990995131266e-06
"AC004076.1"	2.46155073274327e-09	0.316172223496905	0.013	0.133	7.38465219822982e-06
"ZNF311"	2.62571643103159e-09	2.87665589833181	0.009	0.213	7.87714929309478e-06
"AL591848.4"	2.93233471180247e-09	-0.871469265089228	0.004	0.667	8.79700413540742e-06
"AVIL"	3.01427796664039e-09	-9.30913740489316	0	0.107	9.04283389992116e-06
"DLL1"	3.01427796664039e-09	-2.70232651510298	0.07	0.173	9.04283389992116e-06
"ARHGDIG"	3.18494378473094e-09	1.59070158941184	0.035	0.267	9.55483135419281e-06
"AL021707.1"	3.49044301298464e-09	-0.406722948553814	0.039	0.147	1.04713290389539e-05
"AC008074.3"	3.68724161436749e-09	11.5281609624406	0.004	0.44	1.10617248431025e-05
"AC092375.2"	3.75516758907907e-09	11.2945305245277	0.004	0.6	1.12655027672372e-05
"CCDC144NL"	4.07646278031906e-09	0.347265839331757	0.074	0.213	1.22293883409572e-05
"PFN2"	4.50556094154022e-09	0.935285926422819	0.139	0.173	1.35166828246207e-05
"TRH"	4.6722447267879e-09	3.61022554767716	0.004	0.533	1.40167341803637e-05
"DGKI"	4.71482671539124e-09	4.16691599072207	0.057	0.213	1.41444801461737e-05
"AL139260.1"	5.11564013230979e-09	0.60467783992531	0.048	0.333	1.53469203969294e-05
"FGD6"	5.16212968211163e-09	2.60302806214856	0.057	0.28	1.54863890463349e-05
"AKNA"	5.45004364139317e-09	2.81317383756222	0.017	0.64	1.63501309241795e-05
"SLC10A4"	6.01903090713807e-09	4.48998177964613	0.022	0.52	1.80570927214142e-05
"DEPDC7"	7.14082606596724e-09	8.8892935582307	0.039	0.453	2.14224781979017e-05
"PPP1R1A"	7.20518266915375e-09	3.39648299082901	0.022	0.373	2.16155480074613e-05
"DPP10"	7.53552073540104e-09	0.342325673701739	0.065	0.387	2.26065622062031e-05
"OLIG2"	7.67173944135858e-09	-5.50276114689072	0.035	0.133	2.30152183240757e-05
"AC092422.1"	8.09483069960738e-09	11.2467540288853	0.004	0.587	2.42844920988221e-05
"IDUA"	8.46482970802794e-09	3.1475875631904	0.013	0.387	2.53944891240838e-05
"GAS1RR"	9.84958405930748e-09	3.9568219935095	0.022	0.44	2.95487521779224e-05
"FN1"	1.1352461024984e-08	-1.92214035910378	0.087	0.44	3.4057383074952e-05
"AF117829.1"	1.15554055753382e-08	6.95214243031253	0.017	0.413	3.46662167260147e-05
"ST7-AS1"	1.20779713718726e-08	1.51877988271433	0.017	0.16	3.62339141156178e-05
"AL121761.1"	1.26236044845931e-08	8.08425256045871	0.004	0.6	3.78708134537792e-05
"PFKFB1"	1.31932960676844e-08	8.00965239682641	0.017	0.533	3.95798882030532e-05
"AC068722.1"	1.34280427154556e-08	-2.89776641464525	0.017	0.467	4.02841281463667e-05
"AC010320.2"	1.39096250696603e-08	10.4520088170668	0.004	0.493	4.1728875208981e-05
"AC007663.3"	1.53225005569707e-08	12.5077033505179	0.009	0.533	4.59675016709122e-05
"AC096887.1"	1.61511831519322e-08	3.52078165283307	0.061	0.453	4.84535494557967e-05
"AP000251.1"	1.64367145470604e-08	11.4367257535219	0.009	0.493	4.93101436411812e-05
"GALNT13"	1.74758348446709e-08	1.10392594455011	0.061	0.253	5.24275045340126e-05
"HMCN1"	1.76293321862571e-08	1.62780392285169	0.009	0.627	5.28879965587714e-05
"AC087564.1"	1.94076144172334e-08	10.6199703683133	0.03	0.48	5.82228432517003e-05
"AP000708.1"	2.37053477510346e-08	1.09356636335206	0.004	0.32	7.11160432531038e-05
"AC092117.1"	2.43301778034836e-08	11.1557627018996	0.013	0.547	7.29905334104507e-05
"RGS21"	2.67599071252969e-08	11.3424846067906	0.004	0.56	8.02797213758907e-05
"EEA1"	2.79406681692051e-08	1.54460107185449	0.174	0.28	8.38220045076153e-05
"AC091551.1"	2.86732271896588e-08	-7.74988029936259	0.022	0.107	8.60196815689765e-05
"ELP6"	2.99355639897145e-08	4.82203307310316	0.122	0.173	8.98066919691436e-05
"AC027807.1"	3.31895335231189e-08	9.50674445009754	0.009	0.4	9.95686005693568e-05
"KIF18A"	3.34760213031945e-08	7.56879917059331	0.152	0.24	0.000100428063909583
"FAM133DP"	3.80663368368524e-08	-1.09488474952458	0.017	0.16	0.000114199010510557
"NTS"	4.07587672988519e-08	8.78704251623285	0.065	0.16	0.000122276301896556
"LINC01102"	5.44080961838076e-08	-8.11018454549136	0.104	0.053	0.000163224288551423
"RNVU1-19"	5.48696293254905e-08	11.5744268772147	0.009	0.547	0.000164608887976471
"CPLX2"	5.53360253088425e-08	0.870538826086692	0.222	0.507	0.000166008075926528
"SCN9A"	5.82127659912477e-08	5.79650948117149	0.039	0.253	0.000174638297973743
"FOS"	7.12383852327086e-08	9.46880176440907	0.196	0.413	0.000213715155698126
"ASS1"	7.36675691125236e-08	0.816757252311449	0.026	0.36	0.000221002707337571
"SVIL"	8.21292363689953e-08	-0.836787086417072	0.161	0.24	0.000246387709106986
"GRPEL2-AS1"	8.56273810185122e-08	5.48203202901338	0.013	0.547	0.000256882143055536
"AC012409.2"	8.70678084881012e-08	-5.62835390057653	0	0.12	0.000261203425464304
"GAS1"	9.0017688451095e-08	5.71264271180352	0.378	0.947	0.000270053065353285
"KLF10"	1.12616216561878e-07	0.725523546056654	0.13	0.147	0.000337848649685634
"AC110769.2"	1.14491845591939e-07	11.576338177537	0.004	0.56	0.000343475536775818
"AC090971.3"	1.18337479010194e-07	12.4681155073545	0.009	0.52	0.000355012437030582
"GRM5"	1.26404879819724e-07	5.00816158742247	0.043	0.307	0.000379214639459173
"APCDD1"	1.37238381334891e-07	-4.6435264037765	0.091	0.253	0.000411715144004673
"SLC16A1-AS1"	1.62993688311047e-07	5.21032522161758	0.035	0.133	0.00048898106493314
"KCNIP4"	1.6703462050163e-07	5.14604396486318	0.017	0.2	0.000501103861504889
"LINC00467"	1.79747111225743e-07	-1.13365468653362	0.013	0.107	0.000539241333677229
"AL450326.1"	1.87208633349504e-07	7.20005064782874	0.013	0.507	0.000561625900048511
"BRINP3"	2.21947042129066e-07	11.2009046288275	0.017	0.133	0.000665841126387197
"ARL4A"	2.21947042129066e-07	1.93881428057521	0.083	0.147	0.000665841126387197
"ETS1"	2.32968800610571e-07	5.19065438757697	0.004	0.293	0.000698906401831712
"IFITM3"	2.82573648897331e-07	-1.54211904429883	0.213	0.427	0.000847720946691992
"SPATA5"	2.94122132979073e-07	1.77264264557477	0.117	0.387	0.00088236639893722
"UPP2"	3.11058452025228e-07	8.63151897135785	0.057	0.16	0.000933175356075683
"AC009975.1"	3.13553499845798e-07	11.5079507531756	0.004	0.44	0.000940660499537394
"AP001107.9"	3.21155122991213e-07	5.38309806945618	0.017	0.147	0.000963465368973639
"FO538757.1"	3.39590494409578e-07	-1.54055197338545	0.009	0.16	0.00101877148322873
"IGFBPL1"	3.73595788337919e-07	-7.50764757133625	0.087	0.147	0.00112078736501376
"ZNF215"	4.10875995896018e-07	-3.52724802377148	0.07	0.2	0.00123262798768805
"EDEM1"	4.66203032579962e-07	-1.87265143958827	0.026	0.44	0.00139860909773989
"LIMA1"	4.73604625492417e-07	-0.604989583932221	0.317	0.627	0.00142081387647725
"SOX6"	4.84919927233539e-07	-0.358954560983501	0.183	0.507	0.00145475978170062
"LAMTOR5-AS1"	4.92607838816285e-07	2.15761608071269	0.017	0.373	0.00147782351644886
"AC006547.2"	5.04360520329589e-07	-3.44284392879225	0	0.107	0.00151308156098877
"CRHR2"	5.54133204613479e-07	4.70892367254437	0.03	0.627	0.00166239961384044
"TLE2"	5.80763271016828e-07	3.56169795095842	0.048	0.427	0.00174228981305048
"PCDHB9"	5.85319906710068e-07	3.13029728284934	0.017	0.147	0.0017559597201302
"DAB1"	6.08624920039966e-07	1.5931810098024	0.104	0.107	0.0018258747601199
"DLEU2"	6.23034552988924e-07	-4.67142487267678	0.357	0.587	0.00186910365896677
"TMEM140"	6.32823055872537e-07	11.5826993114134	0.004	0.547	0.00189846916761761
"PGBD5"	6.37772724119556e-07	1.11407350725268	0.017	0.12	0.00191331817235867
"HS3ST4"	6.68263559505746e-07	2.89231571847318	0.022	0.413	0.00200479067851724
"PLCB1"	7.00156698227107e-07	-1.66016650486205	0.217	0.253	0.00210047009468132
"STX16-NPEPL1"	7.86430025575122e-07	11.5268957014754	0.009	0.44	0.00235929007672537
"OXTR"	7.98680305194822e-07	4.37108878666694	0.013	0.467	0.00239604091558447
"ADGRL2"	8.6274274691364e-07	-2.56298237878855	0.161	0.333	0.00258822824074092
"HIST1H2BH"	9.31741363480439e-07	9.31201760855984	0.235	0.693	0.00279522409044132
"AC073342.1"	9.75655804662784e-07	6.13056412035436	0.022	0.36	0.00292696741398835
"CFL1P1"	1.00603183957597e-06	7.0377080182651	0.061	0.467	0.00301809551872791
"AL157871.4"	1.06138515265712e-06	11.5403415515037	0.004	0.52	0.00318415545797137
"AP000911.1"	1.31360432420798e-06	6.75239796075717	0.004	0.28	0.00394081297262394
"NRG1"	1.3336841779279e-06	1.23091109718086	0.157	0.227	0.00400105253378371
"IRS1"	1.63522842435518e-06	3.91402753279059	0.026	0.293	0.00490568527306553
"AC007566.1"	1.72351900704934e-06	-2.45672075802059	0.004	0.24	0.00517055702114802
"PDCD6IPP2"	1.72351900704934e-06	11.2807435276663	0.009	0.333	0.00517055702114802
"TTC7B"	1.7893698105464e-06	0.827328134201218	0.048	0.427	0.0053681094316392
"SLC7A11"	1.81638141521364e-06	10.425662345872	0.113	0.52	0.00544914424564091
"LINC01521"	1.88562134312046e-06	-5.98654686454011	0.009	0.36	0.00565686402936137
"GADD45A"	1.94285841036881e-06	1.83216192969609	0.17	0.44	0.00582857523110643
"AC012640.4"	2.0017327056441e-06	11.3734902457904	0.004	0.52	0.00600519811693229
"LGALS3"	2.23822783297607e-06	-2.00158340611014	0.074	0.2	0.0067146834989282
"TRMT9B"	2.32285274980307e-06	3.6894137394448	0.07	0.467	0.00696855824940921
"DM1-AS"	2.46467695447839e-06	-4.65870244366703	0.004	0.133	0.00739403086343518
"CBR3-AS1"	2.63416401806527e-06	4.84460905485408	0.013	0.347	0.00790249205419581
"CNKSR2"	3.25975833340245e-06	0.63387351500668	0.13	0.093	0.00977927500020735
"LURAP1L-AS1"	3.8269834913984e-06	6.77541530197255	0.061	0.12	0.0114809504741952
"Z94721.1"	3.96850358554781e-06	2.63383495418747	0.022	0.467	0.0119055107566434
"NANOS1"	4.39191438005302e-06	1.54657712250881	0.022	0.387	0.013175743140159
"CHSY3"	4.48815337945581e-06	4.95029857756486	0.083	0.427	0.0134644601383674
"C1QL1"	4.65298156512663e-06	-1.77581551819391	0.209	0.227	0.0139589446953799
"MT-TL1"	4.68666188883939e-06	3.7683320763611	0.096	0.24	0.0140599856665182
"ZFHX3"	4.89356492723835e-06	-8.09874386997668	0.065	0.107	0.014680694781715
"MUM1L1"	5.18307868890691e-06	-8.86231997286164	0.035	0.147	0.0155492360667207
"DLGAP1"	5.22040063828317e-06	4.01080615983738	0.161	0.187	0.0156612019148495
"DNAJC15"	5.25797983446659e-06	5.446760280555	0.043	0.213	0.0157739395033998
"AC007490.1"	5.64825818274111e-06	12.6508148339302	0.013	0.507	0.0169447745482233
"GCC2"	5.85370984736715e-06	0.840962820857089	0.13	0.2	0.0175611295421015
"SLCO5A1"	6.94330964449655e-06	-4.90933122434709	0.065	0.12	0.0208299289334897
"AC025219.1"	7.66578848045741e-06	11.5364122934832	0.004	0.453	0.0229973654413722
"SEMA3E"	8.64004019421851e-06	4.53972067745344	0.004	0.267	0.0259201205826555
"PSRC1"	8.94836818293784e-06	-4.47889127996627	0.183	0.467	0.0268451045488135
"AL357060.1"	9.26723376809146e-06	11.650723326065	0.065	0.267	0.0278017013042744
"USP49"	9.26723376809146e-06	0.966652810831016	0.1	0.147	0.0278017013042744
"MDM2"	9.80003125506212e-06	-0.935369291423288	0.404	0.68	0.0294000937651864
"CDCA2"	9.93778659934583e-06	6.01161945543931	0.17	0.267	0.0298133597980375
"AC026979.3"	9.93778659934583e-06	11.5477689060261	0.004	0.427	0.0298133597980375
"DIRC3"	1.00773467241688e-05	5.54443686366567	0.004	0.52	0.0302320401725063
"PRSS36"	1.02186894258269e-05	12.5721503431324	0.009	0.493	0.0306560682774806
"TWISTNB"	1.04344833773051e-05	1.19027364944183	0.178	0.293	0.0313034501319152
"HIST1H4J"	1.05806273347235e-05	6.56062431792659	0.104	0.347	0.0317418820041704
"MAFK"	1.07287937662199e-05	7.61485902690167	0.013	0.133	0.0321863812986597
"AC110285.6"	1.09548339421019e-05	3.01463914348124	0.022	0.453	0.0328645018263056
"SLC17A8"	1.14203843811016e-05	12.4686143096012	0.009	0.56	0.0342611531433049
"RNF103-CHMP3"	1.19876223387239e-05	3.29874902347142	0.009	0.173	0.0359628670161717
"RNU6-6P"	1.24089949771219e-05	5.77971482388271	0.083	0.16	0.0372269849313656
"ATOH7"	1.30229215653078e-05	5.04956634966886	0.013	0.333	0.0390687646959235
"AC005498.2"	1.30229215653078e-05	11.6587105749751	0.009	0.36	0.0390687646959235
"DDX21"	1.33865040026672e-05	-1.89665330877689	0.261	0.573	0.0401595120080015
"GCC2-AS1"	1.38547193023452e-05	12.0708336268153	0.009	0.4	0.0415641579070357
"ZNF536"	1.38548063372439e-05	3.73395286946106	0.052	0.413	0.0415644190117317
"PDZRN3"	1.44372964809489e-05	-0.522969582201751	0.043	0.16	0.0433118894428466
"HIVEP2"	1.56730843062542e-05	1.02439342200637	0.1	0.133	0.0470192529187625
"FOXP2"	1.64398636429768e-05	3.8362467567054	0.039	0.227	0.0493195909289304
"SHQ1"	1.70092085869912e-05	2.44959743376113	0.043	0.173	0.0510276257609737
"PAAF1"	1.73599184120861e-05	1.16617902649783	0.152	0.32	0.0520797552362582
"CAB39L"	1.75975293309177e-05	0.994274229404376	0.174	0.227	0.052792587992753
"NDUFA4L2"	2.02864528465838e-05	5.9689559626915	0.043	0.173	0.0608593585397514
"LINC02482"	2.18466389304714e-05	1.59599169227218	0.048	0.36	0.0655399167914141
"TRPM3"	2.25931720283567e-05	4.06145328451855	0.004	0.187	0.0677795160850701
"HIST1H3J"	2.3052596510903e-05	-0.274959670881628	0.143	0.293	0.069157789532709
"AL031963.3"	2.38379787491726e-05	2.9815120196197	0.039	0.453	0.0715139362475179
"APLF"	2.39981093507457e-05	-5.06582058512116	0.009	0.107	0.0719943280522372
"NDUFB2-AS1"	2.46490708754828e-05	8.80724537439668	0.004	0.307	0.0739472126264484
"HGF"	2.53165084054956e-05	4.74169927294548	0.017	0.2	0.0759495252164867
"PON2"	2.53166581843347e-05	-4.56570246906907	0.3	0.307	0.075949974553004
"AC008764.2"	2.60014211725017e-05	6.1475480200377	0.009	0.187	0.078004263517505
"GCNT2"	2.70615243695456e-05	0.763998565275366	0.035	0.12	0.0811845731086367
"KIAA0586"	2.70616833794779e-05	1.85462027419482	0.217	0.493	0.0811850501384338
"MROH8"	2.7424148978329e-05	5.70065564361794	0.048	0.173	0.0822724469349871
"INTU"	2.76071082563586e-05	0.740762073151975	0.252	0.36	0.0828213247690757
"LMO2"	2.79765142554081e-05	4.33026623925986	0.152	0.36	0.0839295427662243
"GDF15"	2.81628100857189e-05	11.6931431229252	0.004	0.293	0.0844884302571567
"ELOVL6"	2.87293597317109e-05	8.58028524046622	0.248	0.28	0.0861880791951328
"AC005674.2"	3.00937178832075e-05	0.914917007360813	0.022	0.253	0.0902811536496225
"HIF1A-AS1"	3.04946728316697e-05	12.6047203706173	0.009	0.373	0.0914840184950091
"FAT3"	3.32272808408779e-05	-1.69714844174572	0.17	0.227	0.0996818425226336
"FHIT"	3.47934616549982e-05	-2.09961714296491	0.03	0.107	0.104380384964995
"NAPA-AS1"	3.54857222483621e-05	4.71750790495673	0.004	0.373	0.106457166745086
"ID1"	3.61914620354452e-05	1.66587711335185	0.074	0.12	0.108574386106336
"AC109326.1"	3.96635340659182e-05	-5.62083628248635	0.043	0.387	0.118990602197754
"NWD1"	3.96637579449601e-05	12.9663272181376	0.013	0.427	0.11899127383488
"URB1-AS1"	3.96637579449601e-05	3.9796619826571	0.061	0.347	0.11899127383488
"AC009053.1"	4.09787740846533e-05	11.6736410207707	0.009	0.373	0.12293632225396
"CDK18"	4.57661092730719e-05	11.4800621453883	0.013	0.347	0.137298327819216
"KCNH7"	4.75789489736543e-05	-0.266798954052372	0.135	0.213	0.142736846920963
"FILIP1"	4.81982113477307e-05	2.16769799904479	0.065	0.213	0.144594634043192
"AC108062.1"	4.88251099418705e-05	-3.09404391807175	0.004	0.413	0.146475329825611
"AC009299.3"	4.91411793968546e-05	11.6303235079464	0.004	0.347	0.147423538190564
"SDK1"	5.2413547656356e-05	5.56799176644773	0.03	0.24	0.157240642969068
"PMP2"	5.27518789707641e-05	8.16402938703198	0.148	0.32	0.158255636912292
"SATB1-AS1"	5.30922790686916e-05	12.5531667803809	0.117	0.4	0.159276837206075
"PCDH11X"	5.58913939413182e-05	0.485066104497444	0.03	0.28	0.167674181823955
"ADAMTS9"	5.58913939413182e-05	4.00811905218849	0.043	0.44	0.167674181823955
"HIST1H3H"	5.62509549339353e-05	3.80530344669304	0.035	0.36	0.168752864801806
"AP001458.2"	5.84547590782265e-05	9.68265492357976	0.013	0.293	0.175364277234679
"KIF14"	6.07398359157778e-05	0.77411361408002	0.1	0.427	0.182219507747333
"FLRT3"	6.15205838892931e-05	4.03080143113007	0.052	0.453	0.184561751667879
"FAM229A"	6.27090368928591e-05	11.2977519414379	0.013	0.587	0.188127110678577
"INPP5D"	6.31096559741742e-05	-9.82531893936187	0	0.32	0.189328967922522
"FAM181B"	6.39192015617521e-05	0.333240646018402	0.326	0.733	0.191757604685256
"SNTG1"	6.51514493306045e-05	-0.270485092805232	0.122	0.08	0.195454347991814
"OSMR"	6.55668208039065e-05	5.36252459148697	0.009	0.253	0.19670046241172
"PLK1"	6.55671709843182e-05	5.27917004070591	0.122	0.2	0.196701512952955
"TMEM154"	6.81147034026193e-05	-1.07901769412603	0.009	0.4	0.204344110207858
"AC008758.6"	7.3958876346299e-05	2.93223805483771	0.004	0.173	0.221876629038897
"ZNF670-ZNF695"	7.4427572366789e-05	3.76157832412979	0.013	0.147	0.223282717100367
"LOX"	7.53734042601175e-05	1.11389749219517	0.078	0.147	0.226120212780353
"MAN1C1"	7.58505717045401e-05	2.03677466372236	0.009	0.32	0.22755171511362
"VRK2"	7.63309953343138e-05	-8.8263582245245	0	0.213	0.228992986002941
"CLASP1"	7.82799724216883e-05	1.05271111638209	0.17	0.24	0.234839917265065
"PCDHB2"	7.82799724216883e-05	1.21149485215913	0.226	0.173	0.234839917265065
"GPC3"	8.02759321384133e-05	10.4099667671181	0.017	0.333	0.24082779641524
"AL163051.1"	8.23195043542593e-05	8.16733993905219	0.013	0.56	0.246958513062778
"LRIG1"	8.4943991762828e-05	-1.79065383409824	0.165	0.133	0.254831975288484
"TNIP1"	8.71002144847584e-05	0.311843903684944	0.13	0.16	0.261300643454275
"PTPRK"	8.87510933177459e-05	0.521362168416684	0.143	0.227	0.266253279953238
"AC010320.3"	0.000100535314229187	7.17193316251659	0.004	0.387	0.30160594268756
"TNFRSF12A"	0.000133485439448788	4.91128646504695	0.052	0.467	0.400456318346364
"ZNF354A"	0.000135954642188382	0.842261746097051	0.091	0.133	0.407863926565147
"TROAP"	0.000136787227620031	-5.49226112253064	0.083	0.507	0.410361682860093
"NUF2"	0.000147160238644942	-3.91183725203185	0.357	0.707	0.441480715934827
"ITGA2B"	0.000147160238644942	-1.53008417210117	0.022	0.587	0.441480715934827
"ZBTB20-AS1"	0.000148057291661723	12.5568683944792	0.009	0.413	0.444171874985169
"MT-TS2"	0.000148959491375052	-2.28978342006354	0.261	0.213	0.446878474125156
"MEIOC"	0.000158270665989343	-0.98535613401441	0.004	0.48	0.474811997968028
"SP8"	0.000160197462944278	7.0187499758944	0.178	0.213	0.480592388832835
"FNDC3A"	0.000162146317486961	0.623084371676955	0.33	0.36	0.486438952460883
"MGAT4C"	0.000164117464203586	3.58031239866586	0.104	0.133	0.492352392610759
"GFAP"	0.000180718066571108	2.78651876500412	0.065	0.307	0.542154199713324
"AC024940.2"	0.00019535454644827	2.78154938260078	0.026	0.213	0.586063639344809
"AC109460.2"	0.000197703885867109	-11.6780652938286	0.017	0.107	0.593111657601327
"ABHD6"	0.00020007881657876	-0.396798303285872	0.091	0.173	0.600236449736279
"SLC4A4"	0.000204908355037555	1.88313605788513	0.078	0.307	0.614725065112666
"PGF"	0.000204909308954644	-10.1200627209662	0.13	0.28	0.614727926863932
"CYTH1"	0.000204909308954644	2.47148359981349	0.104	0.147	0.614727926863932
"TWF2"	0.000204909308954644	3.57921178823161	0.07	0.387	0.614727926863932
"KLHDC8A"	0.000213627262808023	2.34401372607279	0.117	0.133	0.64088178842407
"AC005076.1"	0.000213627262808023	2.99826600167225	0.013	0.107	0.64088178842407
"AL445623.2"	0.000216181363632834	12.3773577942313	0.017	0.36	0.648544090898501
"GABRB2"	0.000222692618411714	2.80684422312536	0.139	0.267	0.668077855235143
"PROSER2"	0.000226686232176479	4.17428556701769	0.017	0.147	0.680058696529436
"AC008894.2"	0.000229386585093172	-10.8840859065192	0	0.133	0.688159755279517
"NEGR1"	0.000234879181438646	2.04156645445783	0.122	0.4	0.704637544315939
"MAGI2"	0.000244787327257611	-4.18202422115237	0.148	0.227	0.734361981772833
"FOXP1"	0.00025359074026806	1.4743490557886	0.109	0.267	0.76077222080418
"NUPR1"	0.000255086532488813	10.3257266083627	0.061	0.4	0.76525959746644
"CWF19L2"	0.000256590595387348	1.42744405751729	0.257	0.36	0.769771786162043
"AL358472.4"	0.000256590595387348	8.20906477669775	0.004	0.267	0.769771786162043
"CFAP61"	0.000264235267319275	-6.24107331923912	0	0.187	0.792705801957824
"MYO1B"	0.000264236457167111	0.304220360258814	0.113	0.213	0.792709371501334
"APOLD1"	0.000281815531025429	-1.23275148586994	0.122	0.32	0.845446593076288
"B3GAT2"	0.000286796657119049	3.36025618599495	0.243	0.36	0.860389971357146
"SLC27A6"	0.00029185887956209	-0.67478482576883	0.009	0.48	0.875576638686269
"PLEKHH2"	0.000298741878794157	7.85222904810245	0.022	0.253	0.896225636382472
"HES5"	0.000302239442273244	-2.60703687364667	0.165	0.213	0.906718326819734
"RAMP1"	0.000304002569430762	-5.39377203581599	0.026	0.147	0.912007708292287
"AC007066.2"	0.000304002569430762	1.51100482765588	0.048	0.227	0.912007708292287
"RNF217-AS1"	0.000324043197545748	4.27172314797286	0.022	0.347	0.972129592637244
"LINC00607"	0.000337433121585499	11.1906041549451	0.004	0.4	1
"AL161421.1"	0.000339386217040468	0.437951037941548	0.004	0.12	1
"SLC5A4-AS1"	0.000343328658605864	8.73336538616307	0.004	0.253	1
"PLAT"	0.000359524592676427	-6.28464506967022	0.096	0.227	1
"LRFN5"	0.000370006950237512	-0.342278870594532	0	0.107	1
"IER2"	0.000372137418120977	9.79795671132102	0.391	0.773	1
"AL390728.6"	0.000394080360074858	11.4344697538196	0.022	0.333	1
"AL033504.1"	0.000410156399993911	12.5396043409982	0.061	0.36	1
"SHC1"	0.000422008429156535	12.6549526314785	0.009	0.547	1
"AC100814.1"	0.000424417965217394	5.30947531105524	0.004	0.187	1
"ARHGEF37"	0.000459519829179183	11.9573350014225	0.013	0.333	1
"LINC02055"	0.000459521746453545	12.5975761095136	0.009	0.36	1
"HIST1H1C"	0.000483498345834162	2.48939328387085	0.583	0.8	1
"EXOC3L1"	0.00048898259605517	11.7158165280005	0.057	0.147	1
"MIS18BP1"	0.000494524813773489	0.28683725188338	0.326	0.693	1
"DOCK5"	0.000520197318380251	12.0457832592802	0.009	0.387	1
"CEP290"	0.000523125247895522	1.09433817824004	0.152	0.187	1
"EGFR"	0.000529027239321725	1.13493211633296	0.191	0.427	1
"SYBU"	0.000532001449104962	1.4611295706871	0.122	0.04	1
"CCDC168"	0.00054101782863699	11.5623815586766	0.009	0.36	1
"AUTS2"	0.000550176412882702	0.310236293677121	0.161	0.187	1
"AGBL3"	0.000553261229338945	2.28220842369973	0.039	0.52	1
"PTCH2"	0.000562612617176771	2.22818780645535	0.03	0.347	1
"ETS2"	0.000572111039946241	-1.09305584573918	0	0.133	1
"SERPINE2"	0.000591557475267304	0.263494934758365	0.087	0.107	1
"UNC80"	0.000615022077947345	-1.24521997440412	0.004	0.12	1
"AC063944.1"	0.000621883637660243	2.43724195489293	0.026	0.347	1
"NETO2"	0.000635820941133258	1.47011315139895	0.352	0.373	1
"MAGI1"	0.000639350382048775	1.16177404968062	0.391	0.493	1
"SORCS1"	0.000646463999584991	5.9972736236558	0.022	0.2	1
"AC234782.2"	0.000657269957030157	3.43035472881989	0.013	0.107	1
"OPCML"	0.000657272559282534	-0.27753632659066	0.03	0.173	1
"AL353708.3"	0.000660909981225927	11.6651729771429	0.004	0.453	1
"ESCO2"	0.000683149398176656	-0.981549048161996	0.609	0.907	1
"HIST1H2BN"	0.000698358180291562	5.26999708526949	0.07	0.133	1
"FSTL5"	0.000713878340743829	-0.591694940541024	0.057	0.12	1
"BHLHE41"	0.000721759448295402	1.45110802917405	0.004	0.107	1
"TPTE2P5"	0.00072573307339474	5.60448574026729	0.026	0.2	1
"AC007619.1"	0.000729721323283579	-2.54442060495166	0.004	0.4	1
"ANP32E"	0.000729724167022209	1.67789929744874	0.726	0.907	1
"PTH2R"	0.000749987246080942	5.50321474857966	0.022	0.187	1
"DSEL"	0.000758235859146219	4.56167284883067	0.239	0.427	1
"GPR22"	0.000783497946262059	0.975048838213908	0.048	0.107	1
"TEX15"	0.000831847856421881	2.22730028315979	0.091	0.573	1
"ARFGEF3"	0.000831847856421881	-1.72089864154334	0.039	0.12	1
"SYT6"	0.000868734181889768	11.6679236490977	0.039	0.267	1
"PURPL"	0.000897387948159255	-2.27012178010981	0.004	0.32	1
"AC114803.1"	0.000902247892012218	-8.65705330581836	0.122	0.213	1
"NQO1"	0.000907132220026218	-0.327899772380367	0.113	0.213	1
"PRRX1"	0.000912041043386139	-0.433564397638216	0.009	0.187	1
"GAD2"	0.000978136230752466	-1.71006259460479	0.043	0.12	1
"GLCCI1"	0.000983399915794277	1.11654145328348	0.248	0.253	1
"EYS"	0.00101553675671609	-0.992977910282266	0.013	0.427	1
"ITM2C"	0.00103196718594422	-0.646383341150551	0.274	0.293	1
"GRIA1"	0.00110604807885632	1.92123753756396	0.048	0.133	1
"SLC7A5"	0.00110604807885632	0.882780971954624	0.109	0.307	1
"AC021088.1"	0.00111786809524287	-5.23483271018055	0.004	0.187	1
"ANXA1"	0.00113582345907378	1.33044875137193	0.004	0.2	1
"FAM228A"	0.00114187172483442	7.82310348562059	0.004	0.36	1
"CDCA3"	0.00114794558044508	6.02440511004458	0.265	0.32	1
"IVNS1ABP"	0.00114794558044508	3.76137840210873	0.452	0.613	1
"GAS2"	0.00115404928641547	2.50491929239727	0.048	0.413	1
"CSMD1"	0.0011663467809804	0.491056708229231	0.03	0.133	1
"GRM7"	0.0011787652767836	12.6058927881486	0.048	0.373	1
"BCHE"	0.00119130298618751	1.91986004620822	0.078	0.16	1
"SUGCT"	0.00121034362855773	-3.64744132310752	0.009	0.107	1
"NLGN1"	0.00127587095380072	-0.453547396198877	0.196	0.28	1
"AC024075.3"	0.00132366249110571	12.64677351826	0.009	0.307	1
"ACVR1C"	0.00137311405407673	3.02224810516742	0.004	0.133	1
"TIMP3"	0.00138755100553168	2.68059159548437	0.113	0.253	1
"BACH2"	0.00139482185457357	1.50520028279028	0.096	0.16	1
"TMEM52"	0.00140946906108061	10.8707696715711	0.013	0.187	1
"TPTE2"	0.00152392599498994	12.6142884919931	0.043	0.253	1
"ESRRG"	0.00158021149365927	11.7634675814557	0.009	0.12	1
"HIST3H2BB"	0.00158021149365927	12.1058310744332	0.013	0.12	1
"CD96"	0.00169857733813583	11.6926653247855	0.009	0.307	1
"NBAT1"	0.00173386984982084	4.74752027130933	0.004	0.253	1
"AC097478.1"	0.00183441304060364	-9.35970509129811	0.017	0.28	1
"FBXL19-AS1"	0.0019402884892727	10.2694170388432	0.013	0.4	1
"RPS4XP1"	0.00195018657451143	11.6220844428874	0.039	0.347	1
"AC023157.3"	0.00203104916234215	-3.61691254328526	0.004	0.12	1
"HES4"	0.00207263405421309	0.930041441827687	0.409	0.347	1
"PPM1F"	0.00211499172579654	7.17280901714811	0.013	0.147	1
"CHPF"	0.00212569751965031	-0.887382430476005	0.087	0.24	1
"ZNF81"	0.00214727467759053	1.08197972355541	0.057	0.173	1
"CREB5"	0.00218001358921627	-5.55279747599164	0.322	0.387	1
"MACROD2"	0.00219103257446943	0.52019609097223	0.052	0.12	1
"GPATCH2"	0.00222438211686932	0.436473183121755	0.126	0.24	1
"SERINC5"	0.00236248413093233	2.64304285717109	0.122	0.187	1
"LINC00958"	0.00243443197891673	-12.3940244482465	0	0.173	1
"NEUROD4"	0.00248351853953174	-0.584850911990873	0.043	0.52	1
"EDNRB"	0.00258440208208362	-1.33580852290187	0.1	0.187	1
"HIST1H2BE"	0.00259727260619057	7.3571806959151	0.061	0.107	1
"DLG2"	0.00277000720152253	1.64414046695029	0.1	0.267	1
"AC002429.2"	0.00292429447583661	4.59249044540973	0.026	0.12	1
"S100A16"	0.00296770391711135	-0.984730751608113	0	0.253	1
"SOCS3"	0.00304137687901523	8.06642829686498	0.009	0.267	1
"WSCD2"	0.00310152153048346	-8.37757824044931	0.039	0.147	1
"DCLK2"	0.00330452524191554	0.391781416942773	0.117	0.12	1
"LINC00997"	0.00348567129918797	-10.9084902220401	0.009	0.2	1
"ANGPTL4"	0.00357095997933607	-1.95408084043044	0.087	0.24	1
"NR2F2"	0.00365814286994486	0.537038847164057	0.17	0.2	1
"ZBTB16"	0.00369355467409505	0.461239196630393	0.017	0.12	1
"SPRY1"	0.00369355467409505	0.421979007404983	0.091	0.16	1
"ZNF721"	0.00387533287359127	4.86990423263299	0.052	0.107	1
"BUB1"	0.00398826330599455	-2.75972510778236	0.226	0.587	1
"STAG3L4"	0.00406520159566659	2.55354591759673	0.048	0.16	1
"HSPA1B"	0.004084645488277	2.36651743521658	0.087	0.293	1
"SPDL1"	0.00434520744966598	2.77488689189564	0.339	0.533	1
"AC010331.1"	0.00444936525428271	-11.4914303417237	0	0.12	1
"GPX3"	0.00444937785552822	0.463390284372879	0.143	0.12	1
"MT-TE"	0.00455580194915614	8.73222035678617	0.435	0.613	1
"FRG1HP"	0.00459901332921348	2.22630151815608	0.126	0.147	1
"LINC00174"	0.00468655142116405	3.47770543263009	0.039	0.16	1
"ESF1"	0.00473088371609074	-1.10316117519542	0.226	0.16	1
"CCND1"	0.00484337987597616	5.73790168717832	0.013	0.36	1
"AC012510.1"	0.00484337987597616	11.5762482841015	0.004	0.36	1
"LSAMP"	0.00488905198298881	0.753839596785502	0.187	0.253	1
"PHLDB2"	0.00526866785957358	5.04095361978107	0.017	0.173	1
"AC099669.1"	0.00531796807582213	6.49808470722031	0.022	0.12	1
"EPHA3"	0.00549374720004025	0.649629730573067	0.109	0.12	1
"CENPP"	0.00551928211543647	3.65890970651144	0.157	0.28	1
"SAT1"	0.00586112223042742	8.81867309490689	0.496	0.76	1
"XBP1"	0.00633690623872597	1.54412775346934	0.204	0.267	1
"AL138724.1"	0.00633690623872597	11.5916798976582	0.004	0.347	1
"HIVEP1"	0.00636593022800725	-1.02065252284302	0.087	0.107	1
"KPNA5"	0.00639509057098649	1.12525290265513	0.152	0.16	1
"CACNA2D1"	0.00657260764650672	0.408440532009333	0.148	0.2	1
"NBEA"	0.00672389557084167	1.05739383443099	0.109	0.16	1
"AL645728.1"	0.00675450864589356	-2.79634128035483	0	0.253	1
"CSRNP3"	0.00675452613696135	0.376911634926058	0.078	0.107	1
"AF279873.3"	0.0068783063809831	11.6066947741617	0.074	0.253	1
"ZFHX4"	0.00690956816018521	0.476793171208104	0.404	0.56	1
"MT1E"	0.00697247491044961	2.87301131773922	0.043	0.173	1
"GAS2L3"	0.00697247491044961	3.34874376088651	0.135	0.173	1
"DOK3"	0.00716429318262224	11.8473427097298	0.022	0.293	1
"PPM1H"	0.00736081638474941	3.72209022508232	0.013	0.267	1
"LINC01376"	0.00736083507955587	10.1140547936172	0.03	0.267	1
"CRH"	0.00742741594866709	1.81364459960729	0.009	0.307	1
"AC009318.3"	0.00763041160530154	11.5505752020291	0.004	0.333	1
"PGAP1"	0.00766472357490086	0.483009828688968	0.235	0.213	1
"AP001462.1"	0.00773374325411758	-6.51041501287598	0.004	0.147	1
"LARGE1"	0.00801552512189359	10.3140958755234	0.057	0.307	1
"ANKRD36"	0.00805138411112533	5.14362526690383	0.078	0.133	1
"AATK"	0.00808738665984671	4.95294120520686	0.022	0.213	1
"PPP2R2B"	0.00823284232051237	0.748605317524016	0.243	0.213	1
"PSMA1"	0.0083434451210894	10.1766975548811	0.022	0.347	1
"TCAP"	0.0083434451210894	-12.3964224804206	0	0.107	1
"HRK"	0.00834346570732258	-1.59882692977648	0.004	0.147	1
"CXCR4"	0.00864499010884728	0.426477644242491	0.078	0.213	1
"AC104137.1"	0.00883833181759558	1.86110026181205	0.009	0.24	1
"PCDHB11"	0.00899579429604262	7.89628973577638	0.013	0.36	1
"AL592424.1"	0.00915574978504793	12.4674773495721	0.009	0.32	1
"AC105285.1"	0.00915575715163677	12.0816091107822	0.013	0.293	1
"UXT-AS1"	0.00919614250194041	11.5592907057922	0.004	0.24	1
"SMOC1"	0.00935930086405503	2.04972558136339	0.091	0.187	1
"CDKN2B"	0.00973583182010134	11.5726486613116	0.065	0.373	1
"DPP6"	0.00999429574006098	1.77256724217726	0.052	0.107	1
"EZH2"	0.0101699831251688	0.25397048688482	0.648	0.813	1
"NPTXR"	0.0101699831251688	1.53769713502567	0.109	0.093	1
"SCGB2B2"	0.0103934558203716	0.76439993100752	0.03	0.24	1
"UBE2T"	0.0104840614133645	-0.303212604857485	0.683	0.813	1
"AC008443.1"	0.0104840614133645	3.54484735640959	0.026	0.147	1
"NRTN"	0.0106212875056903	11.6147168782455	0.009	0.267	1
"KIFC1"	0.0107136484588683	-1.34866114033217	0.409	0.467	1
"AC015802.6"	0.0107136567559055	4.09639433816234	0.004	0.307	1
"CAPN6"	0.0107601086741623	11.5605425045055	0.004	0.36	1
"HIST1H2BD"	0.0108067395629725	0.850353659291347	0.104	0.267	1
"CHAC1"	0.0109005405861697	6.86057397018321	0.13	0.32	1
"PDE4B"	0.0109476950251332	4.16746178134102	0.139	0.147	1
"AC010547.1"	0.0115280792910813	11.6652426559862	0.026	0.12	1
"LURAP1L"	0.011577653987527	2.18682753596595	0.004	0.333	1
"AC091212.1"	0.0118790941365232	11.6308341294081	0.022	0.347	1
"POU6F2-AS2"	0.0122918314453096	11.5872684185569	0.096	0.227	1
"KCNQ3"	0.0123969804646956	-0.518084485187047	0.17	0.213	1
"MLLT3"	0.0125029253860457	-5.43325709453531	0.165	0.093	1
"NECAB1"	0.0125561698600117	9.17737248620276	0.022	0.427	1
"LINC01305"	0.0126096712630651	-8.33846953907302	0.004	0.133	1
"NOC3L"	0.0127713029835043	1.79305316390372	0.174	0.267	1
"GEM"	0.0128255577432303	-2.23594840342394	0.026	0.16	1
"CYBA"	0.0129347368659421	11.2279555351285	0.009	0.32	1
"CCSAP"	0.013044766228221	-0.548185714282654	0.213	0.267	1
"C12orf40"	0.0132672525782804	8.65774146226734	0.052	0.173	1
"AL136454.1"	0.0133797192548027	11.6291807779641	0.004	0.293	1
"CAPS"	0.0135500735598975	-6.28043244944141	0	0.133	1
"HIST1H1B"	0.0138964798415517	0.973310475428077	0.5	0.733	1
"KISS1R"	0.0139549681859599	-2.53554224210883	0.122	0.067	1
"CA2"	0.0144307509435961	1.2074217355976	0.122	0.347	1
"TCF12"	0.0146739636122959	1.78635795828221	0.3	0.227	1
"IQCH"	0.0147968878009976	-5.26271692268667	0	0.2	1
"ZNF57"	0.0159449767605995	1.07558306343821	0.009	0.227	1
"LINC02006"	0.0163447443411845	12.5718011799567	0.009	0.333	1
"C1QTNF3-AMACR"	0.0164122158594224	3.02927191999414	0.013	0.173	1
"HEATR4"	0.0164798977105151	-0.438120190269382	0.004	0.293	1
"NMB"	0.0166160662663718	2.73630929068116	0.043	0.253	1
"SLC38A1"	0.0166845548494045	-0.795796929083056	0.109	0.187	1
"PHKB"	0.0167532564973311	-5.93951497779077	0.183	0.227	1
"CENPU"	0.0169608538051673	-2.15112541292409	0.687	0.933	1
"HDAC9"	0.0176692139755144	1.02190234003373	0.283	0.467	1
"AMPD3"	0.0180330568183703	4.35212021049301	0.109	0.053	1
"TOX2"	0.0181066028763454	5.00041165947507	0.035	0.107	1
"HTR2C"	0.0185534197337829	11.6923768565751	0.004	0.147	1
"BMP2"	0.0200326051623212	7.54134791392956	0.009	0.227	1
"AC010531.6"	0.0201131919208196	10.9739021141058	0.004	0.213	1
"SPESP1"	0.0205206245193607	2.2521984995451	0.013	0.147	1
"NPAS3"	0.0206029611940321	1.81153726229339	0.091	0.173	1
"TTR"	0.0206855857888218	9.45897350764521	0.07	0.413	1
"SLC8A1"	0.0209351952848658	0.825416789943419	0.152	0.2	1
"ITGB8"	0.0213570461946164	0.299032207219715	0.457	0.427	1
"SLC2A3"	0.0218729808903254	0.41005620972605	0.061	0.187	1
"GADD45G"	0.0218730228000135	-6.38962870092368	0.304	0.307	1
"SRP54-AS1"	0.0218730228000135	7.63400799041549	0.017	0.16	1
"AL110118.2"	0.0219600232329183	2.12335559042521	0.004	0.107	1
"ZNF121"	0.0223997840093571	1.3045066978279	0.104	0.173	1
"SFRP2"	0.0225778004994707	3.46427515213948	0.109	0.48	1
"TOP2A"	0.0234865630514096	1.65570209083435	0.752	0.893	1
"EPHA6"	0.0234865630514096	2.88737788988512	0.026	0.16	1
"GRID2"	0.0240468504224823	-0.927616443719672	0.026	0.16	1
"DAPK1"	0.0243313826648785	-0.744089531881412	0.07	0.147	1
"KITLG"	0.0246187826698347	0.955128472131355	0.052	0.107	1
"TFRC"	0.0250065545968785	-0.530144950671577	0.222	0.44	1
"FRMD4B"	0.0251043199191995	1.39844762407272	0.109	0.053	1
"AL592295.4"	0.0252024159624377	12.3481735200106	0.017	0.4	1
"C1QTNF1"	0.025797940562135	0.3118547295149	0.009	0.227	1
"SYTL2"	0.0262017636947266	2.62301469620465	0.078	0.147	1
"ZFP36L2"	0.026921505972582	2.10249381084734	0.309	0.453	1
"TET1"	0.0270257256438777	1.5533333660038	0.296	0.387	1
"H2AFV"	0.0276582868609241	-2.0798463225582	0.787	0.893	1
"PENK"	0.0278719590714533	-4.06072228010972	0.096	0.24	1
"SKA3"	0.0281951186774743	-0.288621454670624	0.413	0.627	1
"SELENON"	0.0286310060797892	0.638129777885107	0.026	0.267	1
"MEST"	0.028631056589894	-4.39480069053935	0.104	0.147	1
"KLHL13"	0.0287408888869328	1.195356275145	0.043	0.2	1
"AC098936.1"	0.0297463322698519	2.28283303902122	0.03	0.133	1
"LRP8"	0.0300881161045311	0.745294335494004	0.126	0.12	1
"LINC01551"	0.030317842413755	0.877317515588797	0.478	0.507	1
"TMSB15A"	0.030317842413755	0.926020723866225	0.574	0.453	1
"POLD3"	0.0304332520399806	0.297116454658228	0.478	0.68	1
"GARS"	0.0305490740671279	2.03003130049127	0.365	0.52	1
"SCOC-AS1"	0.0307818188123564	4.08571806866209	0.026	0.12	1
"VSNL1"	0.03089876102189	11.7380942874437	0.07	0.147	1
"RORB"	0.0311337899823431	-1.12135581570612	0.117	0.16	1
"AGBL4"	0.0317280844727869	5.91321556978846	0.013	0.227	1
"SEZ6"	0.0318481035715808	0.849994747951932	0.117	0.053	1
"LYPD1"	0.0319685116988405	0.380738711012874	0.113	0.2	1
"LRRN1"	0.0322104989856666	-2.05106240259998	0.226	0.333	1
"P2RY1"	0.0323320252882402	-6.0637496622836	0.065	0.467	1
"RNU5E-1"	0.0326991301463975	-1.72531175854516	0.013	0.16	1
"AC092958.1"	0.0326991853962449	5.42581739300922	0.087	0.16	1
"RACGAP1"	0.0326991853962449	-0.498330136198173	0.413	0.573	1
"ZFP36L1"	0.0328223444205011	4.3837763251474	0.439	0.507	1
"SNORC"	0.0330697986763626	11.6529932804478	0.004	0.32	1
"DOCK9"	0.0336956284107342	6.0140161944547	0.057	0.107	1
"HS6ST3"	0.0339487588091551	2.83388429319603	0.052	0.133	1
"AC005498.3"	0.0339487588091551	-2.0321605067894	0.026	0.173	1
"ENOX1"	0.0345887073018956	2.77324856793933	0.083	0.227	1
"FAM111B"	0.0352388934754463	0.717424012567614	0.326	0.507	1
"FBXO43"	0.0353699692912613	0.277291164211602	0.026	0.56	1
"PPP1R12B"	0.0353702215333417	1.35100583815445	0.087	0.107	1
"SPC25"	0.0357665967299068	3.49762069702985	0.517	0.747	1
"NRG3"	0.0364356409213189	10.6630351530495	0.057	0.107	1
"GRIA3"	0.037390199390844	1.40525165710092	0.078	0.107	1
"PTN"	0.0376668090030196	2.01898455270655	0.561	0.627	1
"FBXO48"	0.0376668090030196	-3.61193315255113	0.035	0.2	1
"CHKB-AS1"	0.0378057046520677	-13.2906605535462	0	0.12	1
"TFDP2"	0.0378057654652773	0.729580008085883	0.348	0.4	1
"AC025211.1"	0.0380849869411232	7.58769526887591	0.013	0.173	1
"SDF2L1"	0.0389331541515369	-1.87337290621743	0.17	0.213	1
"CXCR5"	0.0397973347398277	11.5774348384432	0.004	0.253	1
"AC034236.2"	0.0399429393064461	0.635273174987048	0.004	0.2	1
"FGF12"	0.0403825309879055	1.25459705047227	0.07	0.12	1
"DLGAP5"	0.0414240699621393	-0.622477380891569	0.283	0.507	1
"CDKN2A"	0.041877293940914	-4.98683139526017	0	0.16	1
"HMOX1"	0.0418773589198909	11.6931787985236	0.009	0.24	1
"NOL3"	0.0423347736537306	1.71026286102156	0.013	0.12	1
"UCHL1-AS1"	0.0424881814716424	12.5697353466498	0.009	0.44	1
"SLC6A17"	0.0427965397698562	11.5921862698036	0.004	0.347	1
"MCM7"	0.0431066994720283	-1.35187166709581	0.661	0.8	1
"FAR2"	0.0435754997350953	2.75057423126883	0.022	0.12	1
"RBFOX2"	0.0438904198242651	0.517861842631431	0.152	0.067	1
"JPT1"	0.0443664017851501	0.422014997280222	0.222	0.24	1
"HK2"	0.0451693833638178	1.30365704144301	0.165	0.28	1
"AC107871.2"	0.0454939891872653	11.595712174956	0.004	0.32	1
"DOK5"	0.0454939891872653	1.62710250956896	0.3	0.36	1
"PSAT1"	0.0459845826305856	0.608987600760802	0.43	0.493	1
"EGFEM1P"	0.0478216419280234	-12.3572676410463	0	0.213	1
"FBXO5"	0.048333323308047	-0.286214138463343	0.574	0.773	1
"LATS2"	0.0490225438031309	-0.741323426270025	0.039	0.387	1
"CTNND2"	0.0495449828943429	1.08777667704881	0.148	0.24	1
"NUSAP1"	0.0506037310909783	1.59051014522065	0.861	0.867	1
"TUBB2B"	0.050782018981104	0.953078934172693	0.265	0.147	1
"ELMO1"	0.0511401734826785	1.71287756120951	0.1	0.08	1
"AC035140.1"	0.051500366559295	-1.43150757293839	0.009	0.36	1
"RIPOR2"	0.0524104110621563	0.687645528878706	0.03	0.133	1
"TTK"	0.0531479564195495	1.04654550708402	0.2	0.48	1
"SCN3A"	0.0535200824509895	-2.04625719115057	0.109	0.107	1
"AC008147.1"	0.0537069218218486	1.70244127541198	0.004	0.347	1
"FABP5"	0.0542707101634928	-1.92183391066746	0.357	0.453	1
"CD9"	0.0542707101634928	7.724969214893	0.074	0.12	1
"NRCAM"	0.0542707101634928	1.7290476118979	0.257	0.307	1
"AP003392.4"	0.054649229089774	11.6631205061739	0.004	0.2	1
"AC004852.2"	0.05464930584209	0.660854005440381	0.009	0.387	1
"HELQ"	0.05464930584209	1.85032095233105	0.057	0.147	1
"AL109615.3"	0.0548394281992385	2.12595791532948	0.061	0.36	1
"DYNC1I1"	0.0552213277622626	0.291414540634439	0.017	0.107	1
"TGFB1"	0.055605363986358	9.4545706016735	0.035	0.293	1
"LDHA"	0.0561857843087868	9.7942340303282	0.157	0.4	1
"NCAM2"	0.0567711615857001	0.59066609363737	0.109	0.133	1
"CDCA8"	0.0571642256580077	-1.64082782355769	0.296	0.533	1
"AC093865.1"	0.0591636487357042	11.6644171508844	0.03	0.16	1
"ERO1B"	0.0593667451694388	0.677768164671849	0.065	0.133	1
"ARHGAP27P1-BPTFP1-KPNA2P3"	0.0595704197978586	-10.2586427854831	0	0.107	1
"AFDN"	0.0599795083663367	0.369107850968569	0.265	0.267	1
"ANKUB1"	0.0603909239035034	10.4825460568637	0.022	0.213	1
"AC007285.1"	0.062060045380663	6.33311721710991	0.009	0.24	1
"TNFRSF10D"	0.0633367849666945	-4.35415434451844	0.091	0.44	1
"RNU2-63P"	0.0646350673314848	-10.015229042624	0	0.24	1
"PPP1R17"	0.0646351521592314	2.57167404055104	0.07	0.2	1
"PLAC9"	0.0664003117625805	2.73059291972993	0.026	0.2	1
"MARCH1"	0.0668478607491641	2.05125719270426	0.152	0.373	1
"BBC3"	0.0670725214743397	-9.48030029913511	0.087	0.24	1
"HSP90B1"	0.0675237075720889	2.4088148235443	0.417	0.24	1
"NKAIN3"	0.0675237075720889	6.87784176611105	0.665	0.72	1
"NSRP1"	0.0677502353527561	0.929376609434519	0.317	0.44	1
"SOX2-OT"	0.0682051664015585	0.492716593280479	0.157	0.173	1
"WBP4"	0.0682051664015585	1.10036923909202	0.135	0.213	1
"BARX1"	0.0691225642125571	11.5376476677738	0.078	0.24	1
"ANKS1B"	0.0691225642125571	-0.562149785101939	0.13	0.187	1
"CENPA"	0.0691225642125571	1.61250454076156	0.187	0.453	1
"AC104532.2"	0.0698171556493216	6.90181987231903	0.004	0.36	1
"CHD7"	0.0698172443398971	1.43498129879492	0.252	0.307	1
"NCAN"	0.0698172443398971	1.63577030594754	0.204	0.147	1
"SNCAIP"	0.07005001478002	1.14429847991708	0.439	0.453	1
"CENPK"	0.0700500740195578	1.53346418441879	0.604	0.787	1
"GABRA2"	0.0700500740195578	5.80487284719721	0.022	0.32	1
"FAM49A"	0.0705176450895442	0.712518750363896	0.113	0.053	1
"STC2"	0.0707523888995794	0.603625018690168	0.161	0.28	1
"HERPUD1"	0.071460467956378	0.837292259640158	0.204	0.293	1
"AC005225.3"	0.0733771079884641	5.17001298400889	0.004	0.147	1
"CGNL1"	0.0741065106325256	11.6732699148552	0.004	0.107	1
"NEUROG2"	0.0753355914947899	1.11955449736977	0.222	0.32	1
"MT-ND5"	0.0755833750371314	0.278454318256871	0.47	0.56	1
"MT3"	0.0758318233237182	5.44439063067856	0.091	0.173	1
"AC024901.1"	0.0758318233237182	11.6487940316402	0.022	0.32	1
"CEBPG"	0.0760809375715707	0.938876143736066	0.365	0.453	1
"TNFAIP3"	0.077336446898117	10.3646211090873	0.004	0.133	1
"CXCL2"	0.0783530403520792	-8.0945258951669	0	0.187	1
"LMNB1"	0.079122696810917	-3.69217025937196	0.739	0.72	1
"SNX24"	0.079898394853103	-1.65434732414787	0.052	0.187	1
"LINC01355"	0.0804188881567294	12.1900692181553	0.009	0.253	1
"ANKRD12"	0.0804189521465121	0.539807799351248	0.165	0.173	1
"IL20RB"	0.0819971726582272	4.05458399661514	0.009	0.187	1
"MATN2"	0.0841404446093715	6.58116261623885	0.004	0.36	1
"ADGRB3"	0.0852289611583316	1.94794926426334	0.235	0.307	1
"NDST1-AS1"	0.0855027957631534	11.6514313129047	0.004	0.347	1
"MT-CO3"	0.085777473747574	-0.413805245956786	0.657	0.48	1
"NXPH1"	0.085777473747574	9.77708953209465	0.013	0.133	1
"HMGB2"	0.0863288355624607	1.02750333218688	0.939	0.933	1
"TIMM23B"	0.0868830563633528	3.55219034315275	0.017	0.107	1
"AC244502.1"	0.0874401459090916	13.0337293453063	0.013	0.32	1
"AL121890.5"	0.0877196354015484	12.5045485108836	0.009	0.333	1
"CDKN3"	0.0882811804672665	-1.09113814332769	0.357	0.387	1
"AL359710.1"	0.0882811804672665	8.22102282718166	0.03	0.147	1
"CCR10"	0.0891286231431004	9.51803454277423	0.004	0.28	1
"WWC2"	0.0891287245752138	2.2479075605432	0.057	0.28	1
"MT2A"	0.0896973866486977	5.5990380847908	0.417	0.373	1
"AC137723.1"	0.0905557508469373	5.95204442103197	0.013	0.213	1
"WWOX"	0.0914209168807775	3.27397355957256	0.096	0.253	1
"PINLYP"	0.0917107432059665	2.36703279285009	0.022	0.293	1
"KIF23"	0.0925845854588854	1.43657691227299	0.287	0.387	1
"PLK2"	0.0928774396565806	-0.394949535660872	0.1	0.173	1
"ZMYM4-AS1"	0.0928774396565806	12.5909371862681	0.048	0.187	1
"UBE2S"	0.0931709676368811	-3.00836183459655	0.491	0.56	1
"LINC01876"	0.0943524270004789	2.22459812332533	0.004	0.227	1
"AC103591.3"	0.0949476618053664	5.08352312075202	0.009	0.213	1
"AC022400.8"	0.0964491451148334	7.0219450573683	0.074	0.227	1
"AC051619.5"	0.0964491451148334	11.6527053715403	0.03	0.213	1
"LINC00643"	0.0973590294346831	4.09705687701012	0.009	0.187	1
"HMGB3"	0.0998189583449438	-1.62058461203613	0.509	0.587	1
"THAP9"	0.101067270864795	3.06826090947366	0.113	0.253	1
"AC069224.1"	0.101696128720184	-8.59236598918931	0.004	0.24	1
"GINS2"	0.102645361413984	2.11352773021484	0.578	0.707	1
"AP001318.2"	0.103601518664229	-3.88086121134923	0.013	0.16	1
"SMC2"	0.10521083117294	2.9683962080299	0.574	0.72	1
"AL035681.1"	0.106839919767185	-6.83245914357397	0.109	0.133	1
"SNORD3A"	0.108821028483982	-1.89874000767549	0.048	0.427	1
"ANK2"	0.110494261556311	0.440944732825007	0.196	0.187	1
"AP003049.2"	0.111507845662655	-8.68186246338015	0.017	0.173	1
"C3orf14"	0.11424662316866	0.864473010861051	0.091	0.107	1
"ABRACL"	0.115287212892738	0.393060458839268	0.143	0.067	1
"FAAH2"	0.115635612232485	-5.19634793612467	0.026	0.16	1
"EMP3"	0.116335241829933	-1.36496554150493	0.335	0.427	1
"AL136162.1"	0.117038076286145	10.8200722794948	0.117	0.133	1
"SFRP1"	0.117390741567359	-1.97681031307058	0.604	0.68	1
"AC072062.1"	0.117390741567359	11.6219801103079	0.022	0.253	1
"DHDH"	0.119882686769442	5.35188690862687	0.004	0.347	1
"ASAP3"	0.121687998515742	2.79147929872935	0.048	0.36	1
"NEK2"	0.122781401951319	-0.813088061700015	0.065	0.2	1
"PHF20L1"	0.122781401951319	0.392722565347141	0.243	0.147	1
"ALCAM"	0.124620524310638	0.76658495025348	0.048	0.16	1
"KCNQ1OT1"	0.124991057673313	1.79953212965857	0.03	0.147	1
"MYO15A"	0.125362209465535	11.6522532882984	0.004	0.12	1
"LEMD1"	0.126107450620789	5.37743704072176	0.061	0.107	1
"STAM-AS1"	0.126481302555229	2.65186296881217	0.022	0.133	1
"SUMO2P1"	0.129884790909965	11.6661653088294	0.009	0.24	1
"MCM3"	0.131806293444165	2.55127327342419	0.57	0.787	1
"AL589740.1"	0.132193199558874	-1.90110063514631	0.304	0.347	1
"MYO1F"	0.132193199558874	11.6412646385418	0.004	0.16	1
"HHIP"	0.132193199558874	10.4762030456019	0.013	0.493	1
"MAP1B"	0.132580984933569	0.366899622913397	0.1	0.053	1
"FERMT1"	0.132580984933569	2.14440356870171	0.004	0.36	1
"PCP4"	0.132969650682822	4.21468123109633	0.004	0.133	1
"CCDC88A"	0.133749627755892	0.393421149656641	0.243	0.267	1
"LIMD1-AS1"	0.134926223953449	2.16971090167496	0.03	0.4	1
"KANTR"	0.135715054726271	-0.375444843206354	0.052	0.107	1
"SGO2"	0.13611080341701	6.523989218447	0.283	0.44	1
"ZBTB20-AS4"	0.138905909862757	11.6416617455883	0.009	0.453	1
"IER3"	0.138906035163338	1.55846112712855	0.065	0.133	1
"AHNAK2"	0.140523042370853	-0.259893063766863	0.009	0.12	1
"NPY"	0.142564612108623	0.711084212989716	0.448	0.627	1
"CNR1"	0.144628875013055	0.923227426691072	0.191	0.147	1
"AL118516.1"	0.144628875013055	0.370931139964246	0.052	0.107	1
"LINC01004"	0.146296714250888	3.91429121823426	0.039	0.147	1
"MADCAM1"	0.148402160833364	-4.69117829024738	0.035	0.107	1
"FTX"	0.148826013693946	0.283340408578965	0.174	0.133	1
"ZBTB46"	0.148826013693946	-0.891268396547067	0.013	0.16	1
"CCNE2"	0.149250790182977	2.45808737213498	0.383	0.667	1
"STK17A"	0.150530671860313	0.607774789287381	0.222	0.573	1
"SPDYE18"	0.150959023689989	11.6058455906604	0.004	0.32	1
"INSIG1"	0.151388563559246	-3.12250958463499	0.335	0.333	1
"TFPI"	0.153115513633295	1.44089218427613	0.104	0.133	1
"NR2F1"	0.153549583554721	-2.74448150501706	0.483	0.613	1
"RNVU1-6"	0.154857276602388	11.8391906795441	0.009	0.333	1
"PDK1"	0.154857407495165	-0.619283955152639	0.178	0.227	1
"CA9"	0.157055889115984	2.46637261750025	0.152	0.08	1
"QKI"	0.158831644829217	3.35569694389242	0.465	0.533	1
"RAB11B-AS1"	0.158831644829217	4.41997639826898	0.052	0.173	1
"BTG1"	0.159277949135997	-1.54459491547878	0.143	0.213	1
"MIR210HG"	0.159277949135997	4.15050029871649	0.148	0.187	1
"PDIA6"	0.159725201592554	0.871084863045771	0.517	0.573	1
"KCNG1"	0.160622466458279	1.85523267597994	0.235	0.453	1
"DEK"	0.163793303942696	-2.02137738232726	0.87	0.827	1
"AC119674.2"	0.164249958465183	-0.996774707213447	0.004	0.173	1
"TOX3"	0.164707839580673	0.637828139233461	0.339	0.373	1
"HMGN2"	0.165166546833291	-0.60534023539192	0.804	0.707	1
"ATP7B"	0.1656260807859	2.68369815833741	0.004	0.2	1
"TTLL9"	0.165626214999925	9.78661718235601	0.017	0.147	1
"SEPT1"	0.16793900326243	10.9502167526999	0.03	0.24	1
"AL358075.2"	0.169338268631711	10.8233474580355	0.043	0.187	1
"KALRN"	0.17074625966718	0.303821953028848	0.122	0.093	1
"SNRPN"	0.171689599266485	5.01127642943286	0.009	0.293	1
"PCDH9"	0.172637198221847	1.52148821638317	0.104	0.187	1
"GTSE1"	0.172637198221847	2.39997344176205	0.326	0.56	1
"NPAS1"	0.174543753957807	2.21212338705796	0.035	0.12	1
"TMEM123"	0.175022840012027	0.843903415933904	0.33	0.413	1
"BIRC5"	0.17550290675107	1.48171578356403	0.5	0.667	1
"RAB3IP"	0.176465985936427	0.317018873399824	0.013	0.107	1
"RAB31"	0.176949000202631	-0.293036142816404	0.152	0.173	1
"ARL4C"	0.176949000202631	0.430701959119748	0.213	0.213	1
"NRN1"	0.177917982612166	8.18541082501823	0.1	0.16	1
"MALAT1"	0.17840395255962	4.11538546544713	0.165	0.187	1
"RGS16"	0.179867788141676	-5.70727740637039	0.07	0.333	1
"LIX1"	0.180848487222883	2.94465431595075	0.087	0.16	1
"H1F0"	0.182327319979217	1.3240509761793	0.183	0.227	1
"ATF5"	0.183318085361036	-8.38901085958414	0.048	0.107	1
"AC007402.1"	0.186314309794012	10.5134118787055	0.022	0.173	1
"PHLDA1"	0.186817179123428	-3.80085505417899	0.43	0.373	1
"AP1S2"	0.187825924260153	0.482062684881827	0.348	0.427	1
"CCNB1"	0.188331801761168	-4.68938591539191	0.235	0.32	1
"CALD1"	0.18883868367495	1.46244348526644	0.404	0.48	1
"LINC01980"	0.189346570841129	12.0499821288161	0.048	0.36	1
"WNT7A"	0.191901114640671	-0.958676748425145	0	0.107	1
"AC091178.1"	0.192929997986389	10.4808120095589	0.004	0.227	1
"MKI67"	0.193962928783944	1.64595272889028	0.696	0.773	1
"CALR"	0.193962928783944	1.70539289340029	0.365	0.32	1
"VIM"	0.196040958654719	1.36710736642019	0.57	0.68	1
"UBE2C"	0.197610153551166	3.5428463566157	0.552	0.68	1
"AP001468.1"	0.197610153551166	11.6698042276388	0.004	0.307	1
"RASAL2-AS1"	0.199188520072621	-3.5408818560272	0.009	0.16	1
"C4orf47"	0.201307312214137	4.8042472486835	0.03	0.133	1
"MYH7B"	0.202372709067402	11.6118523830832	0.004	0.293	1
"TMPO"	0.202372852232219	0.561665629496762	0.843	0.907	1
"HMGCR"	0.202907160902918	0.687573188355344	0.352	0.333	1
"CST3"	0.205054670956821	4.97550273148799	0.148	0.16	1
"BNIP3"	0.206134601680656	5.36950981094607	0.274	0.347	1
"SCG5"	0.207762234037772	2.90806481926495	0.004	0.107	1
"CADM2"	0.210495633255714	0.730805576400994	0.074	0.133	1
"DACH1"	0.211596247225857	3.26191204012977	0.396	0.333	1
"AC026471.4"	0.21604029681562	4.61516571002383	0.004	0.173	1
"WSB1"	0.217161735191943	-0.258770711298472	0.261	0.307	1
"ATF3"	0.218287354786641	2.80347832842463	0.091	0.227	1
"MCUB"	0.218287354786641	3.89087760962286	0.504	0.6	1
"CBWD4P"	0.218287354786641	-10.5670637376861	0.035	0.2	1
"AL049780.2"	0.219417014691662	11.5749406020657	0.004	0.16	1
"HMGCS1"	0.219417160915224	1.75669929567567	0.439	0.32	1
"PPP4R1-AS1"	0.219983489260831	3.8847869153722	0.009	0.213	1
"PCNA"	0.220551158836689	0.747442461157821	0.713	0.773	1
"DLX1"	0.22111973134765	-0.397400155171214	0.07	0.16	1
"AC093677.2"	0.22111973134765	-12.2983809811443	0.004	0.107	1
"LINC00461"	0.223978355093262	-1.03161652801355	0.183	0.24	1
"CDKN1C"	0.226284205401868	1.64936667718329	0.017	0.173	1
"PEG10"	0.228606944213007	-5.0694078374354	0.483	0.453	1
"SPARC"	0.229190272287527	-0.434262598573265	0.37	0.44	1
"EPHA4"	0.229190272287527	0.592642250435995	0.104	0.16	1
"SEL1L"	0.229774560381128	2.04854133108459	0.196	0.2	1
"WFDC2"	0.230359956785841	11.2550855602141	0.013	0.4	1
"ZC3H12B"	0.232122802527944	7.76361912668175	0.017	0.133	1
"CENPW"	0.233894905120655	3.61974138026019	0.309	0.453	1
"MT-ND4"	0.233895053466041	-0.463793220159324	0.365	0.36	1
"ID4"	0.235081868924358	3.89462380279752	0.383	0.387	1
"AP001453.2"	0.239269127234525	7.46349670863166	0.009	0.12	1
"AC125232.1"	0.239269276263319	4.52445391617343	0.004	0.373	1
"AC109466.1"	0.239871745257437	12.6269623076942	0.03	0.253	1
"SQLE"	0.244118977294937	5.3841690032726	0.474	0.507	1
"NPDC1"	0.244729859607917	6.42466909372427	0.004	0.16	1
"OLFM1"	0.245955291627466	2.08519425718405	0.265	0.307	1
"SCRG1"	0.247184868405374	-4.8895499507142	0.23	0.187	1
"AC007389.1"	0.249656920499101	10.8960113822973	0.052	0.2	1
"CCDC174"	0.249656920499101	1.13323534888633	0.17	0.2	1
"AL078639.1"	0.250899403281896	0.599454217303018	0.378	0.36	1
"METRN"	0.251522260458484	1.47129595431228	0.339	0.347	1
"PKIA"	0.252771208623235	0.376938493550228	0.274	0.227	1
"ANXA2"	0.254024471476791	4.51357920432563	0.004	0.2	1
"ACTA2"	0.259080738174978	-0.488670499343931	0.013	0.227	1
"LINC00513"	0.262276083843723	11.6793508584526	0.013	0.12	1
"LINC01158"	0.263561812829345	0.414310891612204	0.578	0.467	1
"CYR61"	0.266794986291068	5.32310210439741	0.165	0.44	1
"CENPF"	0.266795138003314	1.85715330843758	0.635	0.68	1
"SENP7"	0.268096076613397	2.95860110655896	0.191	0.24	1
"INSM1"	0.272683649809812	-4.43719411923701	0.322	0.347	1
"SLITRK4"	0.274004039954691	1.08979123911111	0.096	0.16	1
"CDKN1A"	0.274666099390652	-0.960175272388682	0.096	0.32	1
"P2RX7"	0.275328945436864	8.37463524982802	0.004	0.24	1
"SYNPO2"	0.276658216465471	11.6475136230848	0.004	0.107	1
"TMEM131L"	0.276658216465471	1.0013537246579	0.174	0.24	1
"NR4A2"	0.278660313325256	0.744379364362159	0.065	0.187	1
"AK4"	0.279330016630796	1.30109320794571	0.165	0.333	1
"BTG2"	0.28067239762253	-4.06675540972464	0.135	0.213	1
"TMEM161B-AS1"	0.28067239762253	0.421754677305853	0.304	0.227	1
"AC097634.3"	0.281345228295341	11.609813121221	0.039	0.227	1
"ST6GAL2"	0.28201915275178	0.501655588572487	0.1	0.053	1
"LINC00632"	0.28201915275178	11.1736698411953	0.061	0.107	1
"SNHG14"	0.283370283985088	0.586504415291243	0.122	0.147	1
"NFE2L2"	0.285405190151449	1.17818227902135	0.365	0.48	1
"HSP90AB1"	0.287449952873155	0.59988148945776	0.3	0.24	1
"RNF31"	0.288133578859488	11.7004072405996	0.004	0.12	1
"HAT1"	0.288818504745648	1.31123333169204	0.465	0.467	1
"FDFT1"	0.288818606717255	0.9823947042843	0.487	0.427	1
"HIF1A-AS2"	0.289504577854071	11.2916295881487	0.022	0.227	1
"LBH"	0.290191645392458	0.435563151469915	0.143	0.08	1
"TLE4"	0.290191645392458	-0.340752708163685	0.135	0.24	1
"HS6ST2"	0.292950883250218	-0.599529044368292	0.165	0.333	1
"TAF1D"	0.29364343552171	-1.12081370296274	0.126	0.213	1
"SSH3"	0.29364343552171	-12.5902286088312	0.074	0.227	1
"HIST1H1E"	0.296424620767927	3.10187712272439	0.552	0.747	1
"LRRC3B"	0.297122661882318	2.13207472241827	0.443	0.413	1
"AES"	0.297122661882318	-0.364221952389578	0.33	0.36	1
"ZNF267"	0.29852188560193	0.768602602334181	0.057	0.187	1
"ATAD2"	0.300629343244005	-1.05213085400747	0.717	0.813	1
"PPIB"	0.301333975558369	1.46214232644368	0.435	0.373	1
"DBI"	0.302039706825681	3.18777281293051	0.561	0.627	1
"CXADR"	0.302746537152992	0.386501005985284	0.109	0.053	1
"SEC61G"	0.304873623492842	0.612690830187049	0.313	0.293	1
"SMAD5-AS1"	0.307010604761428	12.6339942879955	0.009	0.28	1
"PCSK5"	0.307725131098997	11.8051542008284	0.013	0.227	1
"TCIM"	0.309157483062396	0.881469288450421	0.296	0.333	1
"ATP1A2"	0.312757611426697	1.34555229938484	0.096	0.12	1
"CEBPB"	0.312757611426697	0.433558092698303	0.122	0.2	1
"WNT2B"	0.314205209564488	10.6169556885791	0.013	0.173	1
"PIMREG"	0.316385241570194	6.40162427390378	0.361	0.6	1
"CENPE"	0.31711406807371	-2.09843121805994	0.209	0.4	1
"AL132857.2"	0.317843994756109	-4.83305981250888	0.004	0.173	1
"SLC44A5"	0.317843994756109	0.511266578684967	0.065	0.107	1
"FAM89A"	0.320040375840002	10.8219551697927	0.017	0.253	1
"CDK6"	0.323723013462932	-4.8181349659045	0.283	0.373	1
"HIST2H2BD"	0.324462636463181	12.7442813765083	0.013	0.173	1
"ECHDC2"	0.32520376867974	-2.33108396745627	0.043	0.253	1
"BCAN"	0.326688923449558	-0.35875861261215	0.187	0.16	1
"FRMD4A"	0.327433150522045	1.06730348361346	0.165	0.227	1
"CKAP2"	0.328178477298841	2.42278318087446	0.7	0.773	1
"MTHFD2"	0.329672429672518	4.84988557462584	0.265	0.4	1
"CD24"	0.329672429672518	0.313984097537212	0.117	0.107	1
"EZR"	0.333426549769979	-0.959149785077158	0.413	0.533	1
"AC023886.1"	0.335692210443706	-8.59449249679871	0.03	0.333	1
"FABP7"	0.336449628092754	4.04080160976085	0.348	0.4	1
"ACSM3"	0.345624128100303	9.48036554128472	0.013	0.2	1
"LINC00535"	0.346395967367382	-2.63157075888967	0.022	0.107	1
"LINC00276"	0.348717603484615	11.6539701294054	0.004	0.213	1
"GLI3"	0.349493673944709	-0.955915986903799	0.448	0.613	1
"PCSK1N"	0.349493673944709	0.555789015109283	0.148	0.093	1
"PTPRO"	0.350270839923836	0.665131898425771	0.104	0.2	1
"HOPX"	0.351049101199174	-1.40379022858474	0.309	0.333	1
"PKM"	0.352608908720712	-1.49853454335444	0.717	0.787	1
"AC025580.2"	0.353390301796441	11.6442285031386	0.004	0.173	1
"ARX"	0.355741656925502	-0.93776404058941	0.139	0.227	1
"RPS27L"	0.35652757858963	-3.03357589879053	0.47	0.533	1
"MYL6"	0.35652757858963	1.16965329228689	0.435	0.48	1
"TNFRSF25"	0.359682195736816	10.9381441461359	0.026	0.2	1
"CRMP1"	0.365244813968903	0.650175891046789	0.109	0.027	1
"PRKG1"	0.366043684404228	5.37634811325514	0.03	0.293	1
"SLC2A1"	0.366843948663228	-4.66448504634824	0.178	0.333	1
"FAM13A"	0.366843948663228	0.43165760539291	0.113	0.133	1
"DUT"	0.367645150254708	1.40963053388514	0.757	0.84	1
"AL133346.1"	0.37086084357058	11.5013547392383	0.052	0.213	1
"ZBTB20-AS5"	0.371667335157272	-4.98148385706894	0	0.173	1
"DHRS2"	0.374904928878356	-0.394150977841136	0.096	0.333	1
"PGK1"	0.377344411904057	2.03878125714153	0.313	0.253	1
"CHRNA3"	0.377344411904057	11.6092192253475	0.004	0.28	1
"DNAJC3"	0.378159742515695	0.761752957761645	0.178	0.187	1
"MT-ND3"	0.379793655682905	0.398445853634516	0.487	0.427	1
"AL358790.1"	0.381431750934846	6.24411484336705	0.009	0.227	1
"EPHA5"	0.382252648956888	0.792944690185167	0.248	0.24	1
"MMP16"	0.388857387688366	3.2900616891546	0.183	0.213	1
"AC008691.1"	0.389688006494898	11.6464040532628	0.013	0.173	1
"TUBA1B"	0.392185876262629	3.04061217956735	0.983	0.88	1
"AP002495.1"	0.392185876262629	1.99454918140464	0.048	0.387	1
"ADM"	0.395531434803977	7.404844142657	0.152	0.373	1
"NDST4"	0.396370511268262	-3.43483745637271	0	0.12	1
"CKAP2L"	0.398051884680124	-1.19357277273143	0.378	0.507	1
"HMGB1"	0.402274078839705	1.35994312241512	0.93	0.88	1
"KIF2C"	0.402274078839705	-2.22781836266707	0.361	0.573	1
"HES1"	0.403970448977472	3.69930653836985	0.426	0.427	1
"IFI44"	0.40482018760168	-0.664472166013713	0.117	0.173	1
"TTYH1"	0.405671093614268	1.46446019626642	0.365	0.267	1
"MT-ND1"	0.405671093614268	0.269060422214527	0.374	0.373	1
"PARM1"	0.407376008017255	-1.41291980329768	0	0.147	1
"GAPDH"	0.408230064877551	1.33390851158585	0.804	0.84	1
"AC005258.1"	0.408230064877551	12.6555808253856	0.009	0.12	1
"TSPYL2"	0.40908518736396	0.794357141183273	0.096	0.187	1
"AC010099.4"	0.415100829778637	2.99394425649478	0.087	0.2	1
"CSRP2"	0.416829139286102	-1.37657300121094	0.413	0.387	1
"LINC00884"	0.416829139286102	11.6120466803653	0.009	0.187	1
"AC244517.5"	0.421168437262665	11.6245036527703	0.004	0.187	1
"NNAT"	0.422039466972841	6.34970221912579	0.322	0.28	1
"ATP1B2"	0.422911551764783	0.74569220921899	0.161	0.24	1
"ZEB1"	0.422911551764783	3.1958285180371	0.587	0.56	1
"OLIG1"	0.426410427526453	2.4353788288884	0.122	0.08	1
"LINC01896"	0.426410427526453	0.374818909015581	0.057	0.187	1
"ELAVL2"	0.426410427526453	1.72645017186942	0.191	0.173	1
"SLC16A3"	0.428166177248686	9.18002786385815	0.191	0.307	1
"AC079160.1"	0.430807480130106	12.9011324676143	0.017	0.147	1
"HSPD1P4"	0.431690124763277	11.7690998768816	0.013	0.16	1
"DNAJB9"	0.431690270853642	0.691292645250778	0.17	0.24	1
"AL049869.3"	0.431690270853642	12.6575908340969	0.013	0.133	1
"PTGFR"	0.432573718998069	12.6340200224901	0.009	0.173	1
"SOX9"	0.432573913642138	2.74044570481188	0.491	0.493	1
"ZNF607"	0.433458456780697	9.26438195327426	0.004	0.16	1
"C21orf91"	0.436118939268644	6.62132471355172	0.048	0.187	1
"CPS1"	0.436118939268644	2.86304407649454	0.009	0.213	1
"CDH18"	0.437897713778019	11.7009792118337	0.004	0.2	1
"SOX3"	0.438788663670166	0.280251858296257	0.348	0.387	1
"KNL1"	0.441467754172157	1.76005998525194	0.361	0.56	1
"LINC00534"	0.442362861880348	12.6150748148404	0.009	0.147	1
"FER1L5"	0.443259006977603	11.6289028454301	0.087	0.107	1
"AC004253.1"	0.445054261587006	11.6677270240823	0.004	0.227	1
"MASP1"	0.445953658201895	1.95451204215843	0.135	0.213	1
"AC069257.3"	0.446853848319792	11.6041735316701	0.004	0.187	1
"AL078644.2"	0.449560998499	-7.56065504561668	0.048	0.16	1
"AP002851.1"	0.450465268416784	1.33629272784438	0.004	0.427	1
"BCL11A"	0.451370855322919	-0.61386540267958	0.161	0.16	1
"TAGLN2"	0.454093354007155	2.31500355077499	0.17	0.227	1
"ATP2B1"	0.455002906894192	0.995788311010178	0.217	0.2	1
"ZC2HC1A"	0.455002906894192	0.75463281627312	0.222	0.2	1
"RAD51AP1"	0.455913437291898	2.2121479760177	0.409	0.693	1
"SOX11"	0.455913484929971	0.427124450072074	0.126	0.16	1
"KAT6B"	0.456825087197514	1.84165219923878	0.309	0.267	1
"RND3"	0.458651360731525	-0.511418170313764	0.183	0.173	1
"MAD2L1"	0.460481720046577	1.49671247499597	0.574	0.627	1
"AC010442.1"	0.461398429519079	7.68644045697448	0.009	0.107	1
"FUT9"	0.464154665765931	0.494441443238954	0.404	0.4	1
"CHRDL1"	0.46507534952226	-1.92113413815507	0.352	0.4	1
"IL1RAPL2"	0.46507544391631	-5.85904304069894	0.017	0.187	1
"POLE2"	0.466920043484429	6.84645084597702	0.087	0.467	1
"NFIA"	0.466920043484429	-0.541243523794424	0.522	0.453	1
"AL160314.2"	0.466920043484429	-0.391445345371155	0.017	0.107	1
"LINC01331"	0.467843721758666	-8.33879517130907	0.004	0.12	1
"JUN"	0.468768694183412	1.51914124741984	0.365	0.333	1
"FTL"	0.469694536226038	1.57439114280875	0.278	0.293	1
"HSPB1"	0.469694536226038	-1.57271216954393	0.622	0.64	1
"NCAPG"	0.478072433193351	0.764999568959848	0.539	0.72	1
"AC140134.1"	0.48088297316919	12.1245786194317	0.009	0.133	1
"GMNN"	0.482761886808317	5.01270617458406	0.557	0.613	1
"LMO3"	0.487476219260844	0.35635132619835	0.143	0.2	1
"LINC00609"	0.488422059186575	12.130306169307	0.009	0.24	1
"MGST1"	0.491265505799394	4.93782604227189	0.065	0.347	1
"PTPRZ1"	0.492215293191529	3.0950216141664	0.426	0.467	1
"PRSS55"	0.492215293191529	11.3932034142831	0.009	0.24	1
"MOXD1"	0.495070554992219	1.16143859895125	0.274	0.28	1
"CKB"	0.496024271634438	-1.26128624839083	0.552	0.627	1
"AC016773.1"	0.496978831201208	-4.94890798141142	0.009	0.253	1
"MAZ"	0.498891157259905	1.66901159026783	0.004	0.133	1
"ETV2"	0.499848784739265	2.2173414137042	0.017	0.16	1
"ZNF525"	0.499848920745387	0.451264886668449	0.022	0.12	1
"POU3F2"	0.499848920745387	-0.74211271961354	0.487	0.48	1
"LHX2"	0.500807522782397	-1.36778698793752	0.678	0.573	1
"RPS19"	0.500807522782397	1.64804658543945	0.461	0.493	1
"ID2"	0.502727646261824	0.599843531840695	0.165	0.173	1
"MAP3K20-AS1"	0.502727646261824	3.02500668699938	0.009	0.187	1
"SCD"	0.50657953718549	3.90166508110378	0.43	0.4	1
"FOLR1"	0.507544794008406	11.6804010527944	0.004	0.173	1
"SLC16A1"	0.509478605540289	0.291174761259865	0.365	0.467	1
"CCDC191"	0.509478605540289	1.17596754097485	0.043	0.227	1
"HIST2H2AC"	0.514329620911865	5.63887467395498	0.409	0.547	1
"FBXO32"	0.51725171570321	0.801033152328743	0.23	0.24	1
"PVT1"	0.520182250192825	5.21866937179754	0.017	0.293	1
"BNIP3L"	0.520182382549251	0.683984487062457	0.352	0.28	1
"EMX2"	0.52116117036412	3.6691314741847	0.374	0.44	1
"NCALD"	0.526069160738042	2.45076521599569	0.135	0.2	1
"AC005962.1"	0.530012598169523	8.63427518779183	0.004	0.107	1
"TMEM97"	0.530012728667124	6.72085706770245	0.487	0.52	1
"PPFIA2"	0.535955913449598	0.811671883492717	0.104	0.08	1
"HSPA1A"	0.535955913449598	0.778550129696548	0.026	0.12	1
"IGFBP5"	0.536949696773576	-3.14731947371253	0.122	0.267	1
"CDCA7"	0.539936594671481	1.47744324536378	0.496	0.667	1
"SYN3"	0.541932469125873	5.13750458234091	0.009	0.107	1
"LINC01322"	0.54293178485618	12.6750974545388	0.009	0.147	1
"ADD3"	0.546938204394219	0.581897955504888	0.196	0.253	1
"TMSB4X"	0.548946887918439	-0.921499264490462	0.313	0.36	1
"MT-RNR2"	0.548946887918439	-0.443709687148393	0.457	0.44	1
"TNC"	0.550959205079774	2.90251867269128	0.091	0.133	1
"CRYGS"	0.557017715267992	-4.82233210745827	0.004	0.133	1
"HIST1H1D"	0.558030759482532	1.88029264637044	0.4	0.587	1
"HIST2H2BE"	0.560059156779063	2.72036018428423	0.083	0.12	1
"MYO3A"	0.563108626024572	2.3232728359259	0.03	0.173	1
"MIR100HG"	0.563108749843042	-1.28054102989574	0.161	0.16	1
"MCM4"	0.565146168350285	1.69057166023405	0.678	0.693	1
"NR2F1-AS1"	0.56616620480647	1.02909363862014	0.143	0.173	1
"AC012313.6"	0.570255040037892	11.6605822721589	0.004	0.187	1
"NFKBIA"	0.571279515422294	1.71545600906185	0.196	0.227	1
"AC005703.4"	0.572304906161228	11.7298319179479	0.009	0.133	1
"SMC4"	0.5733310888143	-0.255948317600759	0.748	0.787	1
"TTC28"	0.5733310888143	0.27893592884236	0.17	0.16	1
"TUBB2A"	0.577444520501756	0.679648913996947	0.174	0.053	1
"HMGN3"	0.577444520501756	0.325260994570725	0.622	0.627	1
"ANP32BP1"	0.580538565343593	11.6306505651762	0.004	0.173	1
"ANOS1"	0.583640594053951	8.83043749131872	0.083	0.107	1
"LMO4"	0.584676276804421	-0.404768878358802	0.27	0.36	1
"GNG5"	0.584676276804421	0.72252619451853	0.691	0.773	1
"MIR34AHG"	0.584676276804421	9.73672334170788	0.052	0.133	1
"SRGAP1"	0.584676276804421	-0.385085542391654	0.135	0.173	1
"GPC6"	0.585712813410342	-2.70601969274099	0.252	0.427	1
"ACER2"	0.589867347241942	12.1133349332264	0.009	0.32	1
"CDH7"	0.589867465221538	-0.762594043185546	0.013	0.427	1
"DTL"	0.591949753486522	1.15425817958165	0.357	0.587	1
"SLC16A14"	0.592992220699913	-1.34879613388663	0.087	0.12	1
"KIF11"	0.592992337973861	-3.30485712857038	0.496	0.6	1
"UCHL1"	0.594035645425145	0.304987226867461	0.135	0.093	1
"MYCBP2"	0.594035645425145	1.66537316000549	0.148	0.173	1
"BUB1B"	0.602412119101104	4.77001414802137	0.243	0.48	1
"XPC"	0.60346287566117	4.12596085324401	0.235	0.307	1
"R3HDM1"	0.604514570295622	0.692624583633245	0.287	0.307	1
"VGLL3"	0.605566895493257	3.26471535429668	0.004	0.16	1
"GAP43"	0.605567009879772	0.280182549141715	0.117	0.093	1
"SMARCD3"	0.605567009879772	0.847018265458146	0.278	0.253	1
"SEMA3A"	0.609784948416334	0.777100559812959	0.178	0.213	1
"ARRDC3"	0.614015815415724	0.875153153465199	0.235	0.32	1
"ZFPM2"	0.614015890352102	0.817663948873707	0.035	0.133	1
"FAM181A-AS1"	0.618259610010933	11.6342844693058	0.009	0.373	1
"HES6"	0.618259721407675	-0.871906377788335	0.57	0.6	1
"TLL1"	0.619322568438699	11.6274787858585	0.004	0.307	1
"TAGLN3"	0.619322679581736	0.250561487407915	0.126	0.053	1
"CFAP126"	0.625716982269274	11.6586802203368	0.004	0.12	1
"AL365203.2"	0.627854866459415	7.57182651947363	0.065	0.107	1
"AC127024.5"	0.627854866459415	7.70868785944294	0.004	0.173	1
"DST"	0.628924927395857	1.14177236971906	0.187	0.2	1
"TNFAIP8L3"	0.632139782414884	8.78109524254953	0.065	0.107	1
"AC078795.2"	0.634286893864146	-0.898637580519981	0.009	0.107	1
"MALRD1"	0.634286893864146	-11.452639677006	0.017	0.173	1
"PDZRN4"	0.635361606372673	4.4563730456661	0.052	0.12	1
"DPY19L2P1"	0.635361606372673	7.99846000423453	0.083	0.2	1
"GNG2"	0.636437087549295	0.686309358049231	0.165	0.067	1
"HIST1H4C"	0.641825956891741	0.708282825445039	0.765	0.84	1
"VEGFA"	0.642906010072132	4.44213305479942	0.261	0.307	1
"DDIT4"	0.643986818540735	3.18421921977275	0.226	0.28	1
"KPNA2"	0.643986818540735	1.81855269831293	0.517	0.547	1
"LPL"	0.649402122468476	0.770915358744242	0.165	0.32	1
"CDCA7L"	0.65266020967823	-2.92691046102289	0.4	0.547	1
"H1FX"	0.655925005161269	0.475399194271851	0.643	0.693	1
"CKS1B"	0.658105174944514	-4.60934782018505	0.561	0.587	1
"VGF"	0.6591962512978	3.29428562948396	0.013	0.133	1
"VN1R83P"	0.6591962512978	11.6373056563664	0.004	0.2	1
"PTPN4"	0.666854806913507	0.718314358388153	0.113	0.067	1
"ECT2"	0.674548135022088	-2.06199675604237	0.296	0.453	1
"IGFBP2"	0.676752536178702	-2.65343993787658	0.343	0.373	1
"LURAP1"	0.677855777690599	11.665164835539	0.004	0.2	1
"AL355304.1"	0.678959614240475	10.6514238345192	0.004	0.2	1
"CKS2"	0.681169641062493	0.506342363150977	0.574	0.613	1
"SOX5"	0.68338231150346	-0.266542213453175	0.213	0.347	1
"CNTNAP5"	0.68338231150346	-0.319870996624908	0.026	0.107	1
"GNG3"	0.686706417581819	0.548884754501352	0.139	0.147	1
"B4GALT1-AS1"	0.68781580463845	1.81935110126608	0.087	0.2	1
"CCND2"	0.690036593624164	0.838086305918856	0.73	0.76	1
"TXNDC16"	0.691147991313624	-1.9527032842087	0.148	0.267	1
"CROT"	0.692259962340428	-2.06492856440954	0.113	0.227	1
"TAF4B"	0.692260054967205	-6.87185661048286	0	0.187	1
"PCDHB7"	0.694486079609662	11.7056475462981	0.004	0.12	1
"CDO1"	0.703416848684778	-2.80209614288827	0.413	0.52	1
"GPM6A"	0.703416848684778	0.375737134789354	0.183	0.227	1
"SLC3A2"	0.704536096386529	0.867779380965388	0.3	0.333	1
"AL137782.1"	0.705655984204747	3.93439884886115	0.009	0.12	1
"RUNX2"	0.709019466524669	11.6470650661707	0.004	0.213	1
"MIR99AHG"	0.719143768998221	3.71450347025687	0.378	0.32	1
"AC073869.3"	0.722529538018509	9.89950343558701	0.004	0.16	1
"CAMKMT"	0.722529538018509	-0.298762303788929	0.017	0.227	1
"ZNF385C"	0.722529538018509	11.6434182178076	0.004	0.24	1
"LINC00504"	0.725920918305808	11.6565236222133	0.074	0.16	1
"GPR176"	0.725920918305808	11.6474832779482	0.009	0.12	1
"CDC20"	0.727052549230723	-2.32203127662663	0.222	0.293	1
"SRI"	0.728184775873643	-2.07883166226716	0.513	0.467	1
"PDE1A"	0.729317595972844	7.20596382013412	0.13	0.293	1
"SLC1A3"	0.730451007262717	2.14900537622299	0.557	0.56	1
"ANKRD36C"	0.731585007473782	0.290553434638368	0.104	0.107	1
"FO393401.1"	0.73385468434149	1.31360594057122	0.004	0.427	1
"AKAP12"	0.737263762645892	6.76846619555337	0.374	0.373	1
"PEA15"	0.738401248509941	3.9411738922577	0.391	0.44	1
"TYMS"	0.740677936720808	4.05326338220074	0.626	0.747	1
"GSEC"	0.741817134463956	0.370298438299631	0.03	0.107	1
"IQGAP2"	0.744097225688479	-3.5078808514708	0.27	0.307	1
"PDIA4"	0.744097225688479	0.850938409062582	0.33	0.347	1
"CD101"	0.747521489787369	8.50029889510284	0.004	0.133	1
"KCNA3"	0.753239784511953	4.11535879972905	0.004	0.2	1
"PDE4D"	0.754385156445377	-0.275528238462607	0.135	0.16	1
"MDK"	0.755530993040732	0.515875139657602	0.526	0.52	1
"RASGRP1"	0.755530993040732	-1.72853100446099	0.196	0.213	1
"H3F3B"	0.756677367677032	0.271264679791489	0.243	0.32	1
"IL33"	0.758971721650072	-0.834337863619994	0.226	0.267	1
"KIF4A"	0.762417228934228	-2.51451864498255	0.257	0.44	1
"CLU"	0.76586745093671	-5.06843847025389	0.23	0.28	1
"CALM1"	0.768170186515756	1.59189840207459	0.443	0.44	1
"CLMN"	0.768170186515756	1.89128650242563	0.061	0.107	1
"AC092691.1"	0.773935896095818	8.13114896104542	0.013	0.28	1
"PLXNA2"	0.775090603282195	0.477680757646672	0.13	0.04	1
"NREP"	0.776245761501994	0.480851818027189	0.122	0.107	1
"C19orf18"	0.778557492494268	11.6758043722908	0.009	0.173	1
"AP000873.2"	0.779714197255002	1.53245546129241	0.004	0.387	1
"AGAP2-AS1"	0.783187023806954	-8.98287762715359	0.017	0.2	1
"TBC1D32"	0.787824175945506	0.746600400439718	0.065	0.16	1
"ID3"	0.792468861144946	1.93499209886101	0.052	0.32	1
"RPS2"	0.793631191106989	0.592167059092354	0.639	0.613	1
"VCAN"	0.798285071788279	-0.933207310541761	0.5	0.44	1
"PLOD2"	0.800614714064334	-9.58123174840427	0.217	0.347	1
"DDIT4L"	0.80294607000284	5.37352969820317	0.017	0.413	1
"ETV1"	0.802946131223767	1.98769302486433	0.309	0.253	1
"CECR2"	0.802946131223767	1.89693761475476	0.152	0.12	1
"ARHGEF7-AS2"	0.806446501283785	9.93698675979352	0.004	0.267	1
"CASC15"	0.807614210687746	0.41188224977191	0.1	0.12	1
"MT-ATP6"	0.809950833123081	-0.744245289757808	0.491	0.44	1
"AP001172.1"	0.811119722489625	5.27917375022751	0.009	0.307	1
"SEC11C"	0.811119781272494	0.386425080228103	0.161	0.133	1
"CCDC112"	0.811119781272494	0.804364783404949	0.191	0.173	1
"GUSBP2"	0.813458880828515	7.21491922262226	0.009	0.28	1
"TMEM45A"	0.814629143382658	10.2111020497409	0.083	0.12	1
"PRTG"	0.81579970422457	-9.49444862442183	0	0.347	1
"ADGRV1"	0.819314073610362	1.3174106036777	0.4	0.507	1
"FAM162A"	0.82165897083965	4.01647462220243	0.3	0.307	1
"BEX1"	0.82165897083965	0.560171279565079	0.187	0.173	1
"ARRDC4"	0.824005462526646	-0.733664716489472	0.091	0.133	1
"AC087521.2"	0.825179299959686	12.2796130154579	0.013	0.24	1
"COL11A1"	0.826353528403333	0.656602843034348	0.348	0.387	1
"MEF2C"	0.831054301443048	1.16336085417908	0.104	0	1
"NXPH4"	0.831054301443048	-3.53932199936287	0.048	0.147	1
"AC003006.1"	0.831054301443048	11.6077382475932	0.013	0.187	1
"CNTNAP2"	0.835761126979404	-1.68793769384225	0.222	0.307	1
"POU3F4"	0.836938759904772	0.73466638571871	0.143	0.16	1
"AP001269.4"	0.836938759904772	-1.44289901475191	0	0.12	1
"SETBP1"	0.838116758324446	0.696756473749197	0.278	0.253	1
"CD99"	0.840473841382583	0.379229253238075	0.43	0.427	1
"CTSV"	0.841652871318207	-5.09790116831639	0.078	0.387	1
"MYO10"	0.844012142962569	0.710596365378328	0.43	0.427	1
"HSPA5"	0.846372765301887	5.46931012156994	0.278	0.28	1
"ASB16"	0.847553547353067	11.6156357542131	0.004	0.187	1
"AC125611.4"	0.848734719849099	11.6349762993687	0.004	0.227	1
"SGO1"	0.848734767253013	-2.63538330131884	0.37	0.533	1
"GLIS3"	0.848734767253013	-4.3736880434594	0.013	0.173	1
"AL138756.1"	0.853462827214054	-0.996383955720909	0.004	0.12	1
"ITGB4"	0.857012294687715	11.6706245416396	0.004	0.227	1
"ENO1"	0.857012339556225	3.78844843396036	0.474	0.467	1
"AC090825.1"	0.860564745940318	-0.887905081847436	0.022	0.12	1
"AL356488.3"	0.862934589914535	1.73379708120096	0.004	0.133	1
"SHMT2"	0.864119961756228	3.83306752648013	0.357	0.48	1
"SYS1-DBNDD2"	0.864119975984048	5.15806863865979	0.004	0.107	1
"TUBB4B"	0.867677959133594	0.368046064167447	0.6	0.6	1
"CADM1"	0.867677959133594	-0.39151059740609	0.152	0.16	1
"RARS"	0.867677959133594	0.309202141648856	0.126	0.293	1
"DNAJB1"	0.868864553099398	3.06425525459077	0.296	0.36	1
"KIF22"	0.871238624667798	-1.94635763000775	0.5	0.6	1
"STC1"	0.872426097017693	-0.346000416723088	0.052	0.133	1
"NEFH"	0.872426097017693	9.90122634629183	0.009	0.32	1
"MFAP4"	0.874801862315761	10.2355368771047	0.074	0.373	1
"C1orf61"	0.875990228772756	-0.452347597010126	0.383	0.347	1
"PTMA"	0.875990228772756	0.616866625514807	0.8	0.8	1
"B2M"	0.877178835482344	-2.08672422132702	0.422	0.453	1
"AC012349.1"	0.883125934451797	11.8645369937356	0.009	0.173	1
"SIPA1L2"	0.883125971259192	-3.09118728840168	0.143	0.253	1
"BHLHE40"	0.88550669060774	0.498763480209647	0.117	0.253	1
"MT-CO2"	0.889079701687023	0.453106495252626	0.509	0.507	1
"PRKCA"	0.889079701687023	0.475670323567021	0.143	0.16	1
"SYNE2"	0.890271209984104	-1.0166630875575	0.713	0.747	1
"AC073050.1"	0.891462966156896	5.82866539442464	0.043	0.253	1
"ARID5B"	0.892654967547099	2.85777858494311	0.126	0.173	1
"NAV3"	0.89503969533825	0.383043045503612	0.104	0.12	1
"NKAPP1"	0.898618559603459	1.22376774328026	0.004	0.227	1
"CD81"	0.898618559603459	0.438974091514499	0.43	0.4	1
"AC113414.1"	0.899811976382014	0.313724337389937	0.004	0.187	1
"TPI1P2"	0.899811976382014	11.6648229540753	0.004	0.107	1
"TPI1"	0.902199486959354	2.59545239234174	0.613	0.587	1
"ROBO2"	0.902199486959354	0.287377698115525	0.157	0.253	1
"UBB"	0.90458788241545	-1.93535609449198	0.517	0.507	1
"PIK3R1"	0.906977141351471	1.73841328774636	0.161	0.227	1
"ACAT2"	0.908172087930893	8.55885669025145	0.626	0.56	1
"MSMO1"	0.908172087930893	1.01852712273842	0.387	0.2	1
"AC003682.1"	0.908172087930893	-1.76483315336354	0.048	0.187	1
"AKAP9"	0.910562601912872	1.32831274612957	0.152	0.107	1
"NTM"	0.911758163951331	1.25236098481347	0.126	0.053	1
"KDM3A"	0.911758163951331	-1.31998880002148	0.209	0.187	1
"TMEM132B"	0.915346038043119	1.53661222205423	0.339	0.347	1
"PTTG1"	0.918935637662695	2.57940308870462	0.683	0.613	1
"MT-TP"	0.918935637662695	2.09858465720136	0.417	0.36	1
"NOCT"	0.922526890160986	1.38871277749276	0.026	0.133	1
"AC145138.1"	0.922526890160986	11.6738363822906	0.004	0.253	1
"ASPM"	0.923724329062187	-1.14906344236875	0.33	0.453	1
"PPP1R15A"	0.924921917091993	0.791770914360186	0.1	0.08	1
"KDM5B"	0.924921940837145	2.06066048144292	0.117	0.12	1
"EPB41L4A-AS1"	0.926119699419289	0.56139258618099	0.109	0.107	1
"AL023806.1"	0.92731767221498	3.80425541673925	0.017	0.253	1
"RCOR2"	0.93091249834644	-1.90163644881103	0.122	0.16	1
"FTH1"	0.932111090665033	11.196883095345	0.209	0.16	1
"RPLP1"	0.934508734487689	0.890983547292231	0.639	0.613	1
"CAMK2N1"	0.935707780579189	1.68859687072449	0.27	0.173	1
"EGLN3"	0.936906972514064	-9.22348089396998	0.213	0.36	1
"AC002454.1"	0.939305763862094	-7.46323935323774	0.004	0.267	1
"TPX2"	0.940505396286101	-3.44441670261728	0.548	0.573	1
"ACVR1"	0.944105035074288	1.2997623921271	0.091	0.16	1
"ASCL1"	0.945305172013147	1.85178214436924	0.435	0.507	1
"H2AFX"	0.945305172013147	0.913524445792068	0.604	0.667	1
"PBK"	0.94650543309874	0.687152638325681	0.596	0.68	1
"MYBL2"	0.94890631684499	0.780401258462158	0.404	0.6	1
"UTRN"	0.94890631684499	0.65430398783452	0.139	0.333	1
"AL133353.1"	0.94890631684499	1.04528129129615	0.004	0.187	1
"DPP4"	0.95010693407103	11.683820518423	0.022	0.133	1
"CANX"	0.956111664967582	0.42614967399185	0.461	0.453	1
"AC104806.2"	0.95971570859125	-1.82656192104678	0.009	0.413	1
"PTPRD"	0.959715721358992	2.20433286496431	0.143	0.067	1
"TUBB"	0.959715721358992	-0.313766157265108	0.696	0.693	1
"AC104109.2"	0.960917247740488	3.47499923647148	0.004	0.147	1
"H2AFZ"	0.968128261682238	0.394287711915146	0.948	1	1
"PRDX1"	0.972937080762549	1.12849291850752	0.33	0.253	1
"STMN4"	0.975341870224041	0.25430814174455	0.126	0.08	1
"TMOD2"	0.977746883842142	1.49822972993705	0.157	0.12	1
"NES"	0.978949467881705	0.833276403981072	0.365	0.36	1
"NRXN3"	0.980152099765849	3.03701727729771	0.043	0.12	1
"TENM4"	0.980152099765849	0.715063730700163	0.157	0.147	1
"LCMT1-AS1"	0.983760250011218	9.6184495826286	0.013	0.2	1
"AL354872.2"	0.983760255161927	-10.9406988601723	0.091	0.12	1
"ZNF804A"	0.984963051099089	3.34187547401251	0.091	0.133	1
"AC005520.2"	0.98616588121678	11.6580582432109	0.004	0.107	1
"PTMS"	0.988571633059194	-0.626948373077	0.126	0.187	1
"FARS2"	0.988571633059194	9.84399825753621	0.052	0.16	1
"KCTD16"	0.989774549316124	1.86370940920963	0.03	0.107	1
"IDI1"	0.990977488818033	0.971360844702132	0.465	0.4	1
"CLDN5"	0.992180448830591	-1.07259300656683	0	0.107	1
"NDC80"	0.993383426619326	-1.28497643730323	0.409	0.52	1
"ZBTB18"	0.994586419449649	0.691643715748838	0.183	0.12	1
"DIO2"	0.994586419449649	-6.26119959554681	0.013	0.2	1
"ANKHD1-EIF4EBP3"	0.995789424586864	2.77781675747861	0.004	0.16	1
"SQSTM1"	0.996992438660176	2.19600418371759	0.296	0.373	1
"AC012358.3"	0.998195460270376	1.75823209882123	0.022	0.107	1
