"p_val"	"avg_log2FC"	"pct.1"	"pct.2"	"p_val_adj"
"TIMM23B"	1.35921956461032e-51	-1.01804649000639	0.012	0.89	4.07765869383095e-48
"SPESP1"	2.38466499262922e-46	7.16880755276167	0.012	0.671	7.15399497788766e-43
"GRM7"	2.76507090194512e-42	3.01744906814919	0.024	0.679	8.29521270583535e-39
"TEX14"	5.71577092141255e-41	-2.908367233579	0.024	0.691	1.71473127642376e-37
"THRB"	8.84806681764175e-38	3.03546346044686	0.012	0.476	2.65442004529253e-34
"SRP54-AS1"	2.12745114547387e-37	12.6685088195053	0.012	0.764	6.3823534364216e-34
"LAG3"	1.44972038952138e-35	2.30708147082118	0.043	0.768	4.34916116856415e-32
"AP001486.2"	2.03807509731729e-35	3.82393816718548	0.03	0.618	6.11422529195188e-32
"RNU5E-1"	5.51954637275062e-35	13.320394602214	0.018	0.748	1.65586391182519e-31
"FERMT1"	1.43948012457754e-34	3.56288289902295	0.03	0.683	4.31844037373261e-31
"BMP2"	3.85023227967512e-34	3.14103390915915	0.012	0.707	1.15506968390254e-30
"AC005609.5"	5.20895747029218e-34	-3.51806447529277	0.024	0.634	1.56268724108766e-30
"CLEC19A"	3.50309781343482e-32	2.72587249325778	0.018	0.825	1.05092934403045e-28
"NNMT"	1.53918857519314e-30	13.2511062737841	0.018	0.744	4.61756572557941e-27
"ZNF684"	1.58532032589714e-30	5.36525538868437	0.018	0.654	4.75596097769142e-27
"CRYAB"	2.25839734357452e-30	11.7691215406534	0.037	0.634	6.77519203072357e-27
"RASSF3"	2.66828660427232e-30	1.06587618224478	0.006	0.703	8.00485981281695e-27
"AL356489.2"	4.35239410256247e-30	-1.46972978558329	0.018	0.577	1.30571823076874e-26
"HIP1R"	9.03759120764696e-30	-1.87849512505459	0.055	0.285	2.71127736229409e-26
"GSEC"	2.77565355344501e-29	7.95338596472677	0.049	0.663	8.32696066033502e-26
"AC020558.1"	5.084726430718e-29	4.74917916210569	0.012	0.618	1.5254179292154e-25
"AC009283.1"	5.98408007610445e-29	5.54676436964802	0.006	0.199	1.79522402283134e-25
"KCNB2"	8.60544605602704e-29	5.08971667087009	0.122	0.805	2.58163381680811e-25
"DSCAML1"	1.80808333459585e-28	3.46682430132867	0.037	0.569	5.42425000378755e-25
"AC004158.1"	6.90816647974006e-28	0.62337224739419	0.134	0.293	2.07244994392202e-24
"ST8SIA4"	8.81600044086234e-28	-4.15176099591396	0.11	0.695	2.6448001322587e-24
"PRSS23"	3.50044056591195e-27	-8.13786263569785	0.024	0.256	1.05013216977359e-23
"ASXL3"	8.88951659090195e-27	1.25721331746832	0.177	0.707	2.66685497727058e-23
"GCC2"	9.92559527523289e-27	-4.03216486394377	0.073	0.325	2.97767858256987e-23
"RALYL"	1.5984941885384e-26	4.95556713834891	0.085	0.687	4.79548256561521e-23
"IQSEC3"	3.79861097392133e-26	4.26815025963802	0.006	0.569	1.1395832921764e-22
"ATP2C2-AS1"	4.1972997640227e-26	1.64019199748754	0.006	0.654	1.25918992920681e-22
"LINC01415"	5.71093963424754e-26	5.07271403197387	0.012	0.606	1.71328189027426e-22
"GRIP1"	1.22878409065301e-25	4.74522059298328	0.061	0.496	3.68635227195903e-22
"AC025283.3"	1.2852276527801e-25	12.9149484043397	0.012	0.683	3.85568295834031e-22
"C4orf47"	4.10546787449421e-25	3.40916931311201	0.012	0.423	1.23164036234826e-21
"ADAMTS9"	5.3581017912569e-25	9.98950199464156	0.006	0.585	1.60743053737707e-21
"EPHA1-AS1"	8.33940607843231e-25	13.4113178686163	0.018	0.663	2.50182182352969e-21
"SLIT1"	8.71574886403422e-25	-3.2208895519996	0.037	0.394	2.61472465921027e-21
"CDKN3"	1.33026001392969e-24	1.32774721563688	0.03	0.118	3.99078004178907e-21
"AC012358.3"	1.77728551384744e-24	-1.79050586900976	0.037	0.553	5.33185654154232e-21
"ZCCHC6"	2.13631152069477e-24	-2.44536710784676	0.104	0.171	6.40893456208432e-21
"ANKAR"	2.15509190917901e-24	-2.76096704227993	0.006	0.512	6.46527572753702e-21
"TNRC6C"	2.97777427831491e-24	5.46820881861441	0.116	0.569	8.93332283494473e-21
"C1QTNF2"	4.00444436903348e-24	3.81200794373063	0.012	0.654	1.20133331071004e-20
"TMEFF2"	4.25599373170751e-24	-0.769646442960733	0.037	0.333	1.27679811951225e-20
"AC008415.1"	5.10792408518179e-24	11.9626296506224	0.006	0.589	1.53237722555454e-20
"CDK18"	5.86851511306241e-24	2.66363622689817	0.012	0.622	1.76055453391872e-20
"DNAJC27-AS1"	1.1221371554299e-23	5.26712933335765	0.018	0.366	3.36641146628969e-20
"RYR2"	1.28788292948387e-23	6.14402380899596	0.024	0.492	3.8636487884516e-20
"AC104806.2"	3.44785901268338e-23	-1.19084714573763	0	0.484	1.03435770380501e-19
"SYNPR"	4.01913151150808e-23	1.19770160117021	0.055	0.593	1.20573945345242e-19
"RGS6"	1.07328978080407e-22	-0.250845310390191	0.024	0.309	3.21986934241221e-19
"ZNF354A"	2.13669129734425e-22	-2.89858140965518	0.085	0.435	6.41007389203275e-19
"HIST1H2BN"	8.21009602990309e-22	-7.9397686496603	0.049	0.374	2.46302880897093e-18
"NEFL"	1.12278321863033e-21	1.90445017162312	0.03	0.39	3.368349655891e-18
"MIR17HG"	2.18061976772737e-21	0.88264534050569	0.018	0.577	6.54185930318211e-18
"RPH3AL"	2.7399777678618e-21	11.8314640499861	0.006	0.602	8.21993330358541e-18
"MT-TS2"	3.30403908418673e-21	-6.37867770045256	0.122	0.248	9.91211725256018e-18
"ALCAM"	4.24946497899895e-21	0.282179217981974	0.006	0.309	1.27483949369968e-17
"AC103736.1"	4.53421586896642e-21	3.63813069782249	0.03	0.602	1.36026476068993e-17
"NMNAT2"	1.34481556718417e-20	1.91940978008139	0.079	0.256	4.03444670155251e-17
"ARHGAP27P1-BPTFP1-KPNA2P3"	1.55306390237072e-20	13.6065494746956	0.018	0.581	4.65919170711216e-17
"PGM2L1"	1.56552523317399e-20	-0.727034349407954	0.049	0.114	4.69657569952197e-17
"LINC01456"	1.57808542038387e-20	11.1159228430321	0.012	0.5	4.73425626115161e-17
"AL031775.1"	1.77883872970726e-20	12.9682122308913	0.012	0.577	5.33651618912178e-17
"NEAT1"	1.79314411529952e-20	8.26252846705996	0.006	0.646	5.37943234589857e-17
"AC110285.6"	2.05343270446677e-20	2.76063187026376	0.024	0.585	6.1602981134003e-17
"AC005920.2"	2.71263155542775e-20	1.4386001847796	0.006	0.618	8.13789466628327e-17
"RFTN1"	3.8143145362405e-20	-6.24602638841104	0.061	0.52	1.14429436087215e-16
"RASL11B"	4.98945610272839e-20	1.07897796989148	0.128	0.358	1.49683683081852e-16
"HIST1H3H"	5.39870679275136e-20	13.1492173333623	0.024	0.346	1.61961203782541e-16
"AC010864.1"	6.78238439292463e-20	3.40329349579791	0.018	0.699	2.03471531787739e-16
"LINC00632"	6.94444915551124e-20	8.21469801756938	0.049	0.463	2.08333474665337e-16
"AC022893.1"	7.27956008376253e-20	6.4694023865068	0.024	0.398	2.18386802512876e-16
"HIST1H2BG"	8.51625734145147e-20	-4.02952123561176	0.146	0.333	2.55487720243544e-16
"AC087564.1"	1.08548984930281e-19	8.55162882008128	0.03	0.419	3.25646954790843e-16
"HIST2H2BE"	1.43752849114824e-19	-1.83316477767844	0.079	0.114	4.31258547344472e-16
"FAM133DP"	1.94681217728439e-19	12.582571858786	0.012	0.451	5.84043653185318e-16
"AL031777.3"	2.63374074816578e-19	-6.9324411057575	0.03	0.598	7.90122224449735e-16
"ANKLE1"	2.95749068723786e-19	1.35010520522163	0.012	0.585	8.87247206171358e-16
"TTN"	3.19485727678904e-19	7.75790127585836	0.006	0.549	9.58457183036713e-16
"AC002454.1"	7.32088013128892e-19	0.797939365292738	0.024	0.598	2.19626403938668e-15
"DNAJC15"	8.92751867190309e-19	2.81971314993016	0.049	0.248	2.67825560157093e-15
"TNS2"	1.07985165698097e-18	3.72882752613705	0.012	0.407	3.23955497094291e-15
"ITM2C"	1.32559789469194e-18	-0.538554118957206	0.116	0.118	3.97679368407583e-15
"AC098936.1"	1.32559789469194e-18	-0.434668577832245	0.024	0.626	3.97679368407583e-15
"DNM3"	1.48518015355286e-18	1.05787208208909	0.012	0.199	4.45554046065859e-15
"TNFRSF25"	2.15059618886357e-18	1.29435947503668	0.024	0.549	6.45178856659072e-15
"SEZ6L2"	2.26707844827182e-18	4.70993659951842	0.061	0.122	6.80123534481545e-15
"CCDC3"	2.84099187284292e-18	0.352126304128923	0.03	0.565	8.52297561852875e-15
"NOL3"	2.92756015480638e-18	10.4695334221268	0.024	0.541	8.78268046441913e-15
"AP001318.2"	4.87010453385687e-18	2.86772128048874	0.012	0.618	1.46103136015706e-14
"PDZRN4"	4.98030804524073e-18	4.59713811977724	0.244	0.882	1.49409241357222e-14
"NAT16"	5.365733578303e-18	-9.88815726734403	0.006	0.122	1.6097200734909e-14
"FNBP1P1"	7.95586263715139e-18	-7.98302743275896	0.024	0.118	2.38675879114542e-14
"AC026979.2"	8.82524741209019e-18	11.1216758831241	0.037	0.467	2.64757422362706e-14
"GADD45B"	9.43273259195106e-18	12.8301186492469	0.012	0.654	2.82981977758532e-14
"AC005258.1"	1.02320740692318e-17	12.9698723113795	0.012	0.618	3.06962222076955e-14
"GRIP2"	1.17726339878739e-17	0.417425171742585	0.091	0.65	3.53179019636217e-14
"SDAD1P1"	1.22147325152522e-17	12.7350966753287	0.055	0.191	3.66441975457566e-14
"SYTL3"	1.26732068101213e-17	11.9873658934512	0.006	0.504	3.80196204303639e-14
"HSPD1P4"	1.76420635519345e-17	12.8276980215093	0.012	0.589	5.29261906558036e-14
"PKN2-AS1"	1.81673417724041e-17	-5.2082189149866	0.006	0.484	5.45020253172123e-14
"SETBP1"	3.35511315228304e-17	-0.323662998721862	0.11	0.171	1.00653394568491e-13
"AQP1"	3.37960144722467e-17	0.860414252841371	0.012	0.659	1.0138804341674e-13
"USP51"	3.45412916692355e-17	12.1415819542308	0.012	0.207	1.03623875007707e-13
"FBN2"	4.38892605622647e-17	3.73660565269687	0.061	0.679	1.31667781686794e-13
"TBC1D2"	5.81909066820142e-17	8.16788700068168	0.006	0.455	1.74572720046043e-13
"GALNT10"	7.81853199155951e-17	0.531994924740735	0.024	0.325	2.34555959746785e-13
"S100A4"	1.072015328657e-16	2.3617932734996	0.024	0.675	3.21604598597101e-13
"KNL1"	1.40637616927269e-16	1.13097624498252	0.037	0.106	4.21912850781808e-13
"CENPP"	1.61021493483115e-16	2.10964153335393	0.018	0.358	4.83064480449344e-13
"CA13"	1.69243614533716e-16	11.9887727009482	0.006	0.516	5.07730843601147e-13
"PLCB1"	1.92335090663291e-16	3.78041048660201	0.11	0.289	5.77005271989874e-13
"APCDD1"	2.32905908207844e-16	2.63830216675074	0.018	0.337	6.98717724623533e-13
"CTSK"	2.39594584850063e-16	11.9854447413142	0.006	0.512	7.1878375455019e-13
"RPP25"	2.41301138967537e-16	5.66194386982772	0.079	0.654	7.2390341690261e-13
"ZEB2-AS1"	2.53550292632034e-16	3.63558085882952	0.024	0.65	7.60650877896103e-13
"MT-TL1"	3.0251212025967e-16	-0.802112927110597	0.085	0.293	9.0753636077901e-13
"AL365361.1"	3.17817705498005e-16	4.80114327250975	0.024	0.585	9.53453116494016e-13
"AC007566.1"	3.29215082475068e-16	3.2050826587695	0.012	0.577	9.87645247425205e-13
"AL139260.1"	3.60767752513811e-16	-7.55891353372162	0.018	0.358	1.08230325754143e-12
"PINLYP"	3.76318239666092e-16	-3.2752519903072	0.012	0.268	1.12895471899828e-12
"MAD2L1"	3.92528927923202e-16	-0.649940302811802	0.037	0.146	1.17758678376961e-12
"ZNF454"	4.12312687354218e-16	0.382198383752039	0.012	0.301	1.23693806206265e-12
"FOCAD"	5.16007841203047e-16	-7.02932141916219	0.043	0.301	1.54802352360914e-12
"PPM1H"	5.93442441356717e-16	1.83687613615723	0.012	0.589	1.78032732407015e-12
"NLN"	6.72886444649549e-16	0.99260552118367	0.152	0.309	2.01865933394865e-12
"LINC01550"	6.9191231855188e-16	3.29502335241323	0.049	0.171	2.07573695565564e-12
"PARM1"	8.76556265631629e-16	-9.87445230292903	0	0.557	2.62966879689489e-12
"FLT3"	8.9500796836226e-16	1.29330275084616	0.006	0.516	2.68502390508678e-12
"LINC01004"	1.02818121057545e-15	3.6334334043089	0.018	0.411	3.08454363172634e-12
"ASS1"	1.0425265478023e-15	2.46774381891706	0.085	0.659	3.12757964340689e-12
"ARL9"	1.05706901690357e-15	12.0044630402909	0.006	0.504	3.1712070507107e-12
"DLL3"	1.16461448891254e-15	-6.73782528040512	0.189	0.24	3.49384346673763e-12
"CMPK2"	1.59960860488065e-15	5.70303034470096	0.012	0.496	4.79882581464194e-12
"LINC01170"	2.06254097079114e-15	-5.12492221453079	0.006	0.467	6.18762291237342e-12
"TMEM97"	2.74912827971558e-15	-0.683893812641672	0.067	0.134	8.24738483914674e-12
"CCDC7"	2.84455840702415e-15	2.15193358835907	0.012	0.272	8.53367522107245e-12
"AC125613.1"	3.282265305539e-15	0.500667837206121	0.012	0.11	9.84679591661699e-12
"GJA1"	4.16359284244182e-15	2.43755890317267	0.177	0.411	1.24907785273254e-11
"LEMD1"	4.30718628959867e-15	-6.63199855760922	0.055	0.154	1.2921558868796e-11
"VAX1"	4.48594475500741e-15	1.55018303997551	0.018	0.626	1.34578342650222e-11
"AL110118.2"	4.60906658574924e-15	12.0595792690025	0.006	0.427	1.38271997572477e-11
"ETS1"	5.27695653535923e-15	3.01669366591126	0.006	0.492	1.58308696060777e-11
"RASD1"	5.60771764653331e-15	2.17779744942134	0.268	0.606	1.68231529395999e-11
"GAS1"	5.64570543416213e-15	0.54623101535405	0.067	0.134	1.69371163024864e-11
"AC008555.5"	7.09944853581285e-15	12.9044779024526	0.018	0.484	2.12983456074385e-11
"SYT17"	7.59316955499263e-15	-0.290398081738044	0.122	0.618	2.27795086649779e-11
"AC087280.2"	8.51117412336023e-15	12.8689914228849	0.061	0.488	2.55335223700807e-11
"AC023886.1"	8.62610882331587e-15	-5.15296999453861	0.012	0.293	2.58783264699476e-11
"AP001453.2"	9.10115061255853e-15	1.9549364479303	0.018	0.585	2.73034518376756e-11
"SLC27A6"	9.86264384236065e-15	0.914229514305184	0.006	0.516	2.95879315270819e-11
"AC025164.1"	1.27970227414009e-14	7.56026130958248	0.012	0.435	3.83910682242027e-11
"GRK3"	1.68077397668828e-14	4.05317379977997	0.03	0.305	5.04232193006485e-11
"B3GALT2"	2.11919659273292e-14	3.52714647113765	0.055	0.305	6.35758977819874e-11
"CCDC191"	2.21951533204669e-14	5.36002772079082	0.024	0.305	6.65854599614007e-11
"AC008074.3"	2.61741947499862e-14	3.3211119483061	0.012	0.606	7.85225842499587e-11
"MYO10"	2.94656842477399e-14	-0.640971682718169	0.11	0.154	8.83970527432197e-11
"EGFEM1P"	3.731595273625e-14	0.261611366961121	0.012	0.386	1.1194785820875e-10
"LINC02134"	3.88115412341533e-14	-9.60896980068841	0	0.598	1.1643462370246e-10
"PLLP"	4.59994890076994e-14	12.0446336426232	0.006	0.419	1.37998467023098e-10
"PUM3"	5.07259601822763e-14	2.27123835627147	0.11	0.24	1.52177880546829e-10
"CX3CL1"	7.48933969661088e-14	-11.2690211351399	0	0.374	2.24680190898326e-10
"LINC01748"	8.0415513883884e-14	-0.370154246759586	0.079	0.622	2.41246541651652e-10
"SPATA5"	8.63394884898606e-14	-8.04218927634302	0.024	0.313	2.59018465469582e-10
"HIST1H2BH"	8.74615433022459e-14	7.43117767972284	0.067	0.317	2.62384629906738e-10
"S100A10"	8.8597927869078e-14	-0.752377196232832	0.024	0.463	2.65793783607234e-10
"ABHD8"	1.00141824360926e-13	-2.19522289531941	0.018	0.106	3.00425473082779e-10
"RASAL2-AS1"	1.01441671432568e-13	-2.5566756828263	0.006	0.337	3.04325014297703e-10
"PLAC1"	1.08882536388255e-13	11.9499902753298	0.012	0.459	3.26647609164766e-10
"ACTA2"	1.3116729966466e-13	11.8818182024106	0.012	0.512	3.93501898993979e-10
"RAP1GAP"	1.35438441807077e-13	2.91219033211896	0.037	0.447	4.06315325421232e-10
"AL158058.1"	1.5393244085152e-13	12.1451364503714	0.018	0.378	4.6179732255456e-10
"AC005498.3"	1.57918482058473e-13	8.4614745310954	0.03	0.492	4.73755446175418e-10
"AC104794.2"	1.58930734082466e-13	7.45195483905	0.043	0.211	4.76792202247398e-10
"FSIP2"	1.67261578357704e-13	0.327523544941391	0.061	0.187	5.01784735073113e-10
"SCN3A"	1.91225748767037e-13	-3.98210297872277	0.079	0.118	5.73677246301111e-10
"AC022639.1"	2.71143107732085e-13	12.0049200426728	0.006	0.516	8.13429323196254e-10
"CA9"	3.11600197732388e-13	2.08418031595665	0.134	0.463	9.34800593197163e-10
"BAMBI"	3.40373460993094e-13	1.18949690347244	0.024	0.106	1.02112038297928e-09
"AC092910.3"	3.64797297192309e-13	7.8129165900042	0.012	0.187	1.09439189157693e-09
"EDIL3"	4.37739991477912e-13	4.89806536586907	0.024	0.293	1.31321997443373e-09
"MYOT"	4.74918927110369e-13	2.27331264217288	0.006	0.557	1.42475678133111e-09
"MATN4"	5.76543343359399e-13	11.444327540579	0.006	0.366	1.7296300300782e-09
"DLEU2"	6.41042742677156e-13	-1.50370812370032	0.25	0.22	1.92312822803147e-09
"ADAMTS4"	6.41042742677156e-13	0.510353830947524	0.006	0.154	1.92312822803147e-09
"FAM157A"	6.82227986975124e-13	11.8687265955231	0.006	0.573	2.04668396092537e-09
"U91319.1"	7.63040802980226e-13	1.25780002287996	0.024	0.439	2.28912240894068e-09
"HIST1H2BE"	7.77391725973104e-13	3.05572925263838	0.043	0.419	2.33217517791931e-09
"NBAT1"	1.04004982292954e-12	2.96219008782468	0.012	0.443	3.12014946878863e-09
"ZFHX2-AS1"	1.30644743601457e-12	3.28233507766301	0.03	0.467	3.9193423080437e-09
"HELQ"	1.33077155674824e-12	-5.30172396655298	0.049	0.476	3.99231467024473e-09
"TNNT1"	1.58031690506393e-12	6.47922526734451	0.024	0.435	4.7409507151918e-09
"IGDCC3"	2.14500960363363e-12	4.55282225245424	0.079	0.211	6.4350288109009e-09
"CADM3-AS1"	2.17130381330826e-12	11.9155988520613	0.018	0.398	6.51391143992479e-09
"AL109615.3"	2.57436396637038e-12	4.10504682334053	0.03	0.533	7.72309189911115e-09
"WWOX"	2.94173333512114e-12	5.18897587681814	0.037	0.386	8.82520000536341e-09
"AL109840.2"	2.95960047201712e-12	11.9968211509681	0.037	0.427	8.87880141605137e-09
"RCAN3"	3.03209342946624e-12	1.86325104373215	0.006	0.191	9.09628028839871e-09
"AL133346.1"	3.52665257678462e-12	12.8961304375661	0.03	0.459	1.05799577303539e-08
"AP003049.2"	5.15055082109199e-12	11.9918611297918	0.012	0.423	1.5451652463276e-08
"VGLL3"	6.46356669615173e-12	12.0438856951261	0.006	0.435	1.93907000884552e-08
"NSRP1"	6.77930241036514e-12	2.74482150551692	0.152	0.224	2.03379072310954e-08
"RNVU1-6"	6.81970459257215e-12	12.0093448059747	0.006	0.565	2.04591137777164e-08
"NFKBIA"	7.72718553862891e-12	-0.29994496529382	0.146	0.37	2.31815566158867e-08
"SFRP2"	7.96007397493204e-12	-8.30258932144149	0.012	0.207	2.38802219247961e-08
"SEPT1"	8.34725130756856e-12	-3.06779145877147	0.018	0.528	2.50417539227057e-08
"LRCH4"	1.26964418834868e-11	1.27438122942698	0.012	0.431	3.80893256504605e-08
"ETV6"	1.28466588272668e-11	1.86530664725746	0.018	0.154	3.85399764818003e-08
"GPD1"	1.34651286894876e-11	1.27874363954269	0.189	0.724	4.03953860684627e-08
"AC072062.1"	1.73233467049017e-11	3.8435643602297	0.018	0.496	5.19700401147051e-08
"LEAP2"	1.81520794278048e-11	12.0685191665276	0.006	0.37	5.44562382834143e-08
"ELAVL2"	2.01612335768971e-11	-1.82079604968606	0.116	0.126	6.04837007306913e-08
"AC131212.1"	2.12458947350446e-11	12.9221333400546	0.012	0.447	6.37376842051337e-08
"PHKB"	2.26493830432047e-11	-4.04051433277192	0.079	0.138	6.7948149129614e-08
"PFKFB1"	3.20578855783453e-11	12.0068321350983	0.012	0.411	9.61736567350358e-08
"GPATCH2"	4.84758626686925e-11	4.39636742285502	0.03	0.309	1.45427588006077e-07
"STX16-NPEPL1"	5.40308993857935e-11	2.50507010539547	0.018	0.569	1.6209269815738e-07
"WBP4"	5.59126509815501e-11	6.96789748119304	0.061	0.183	1.6773795294465e-07
"MIR99AHG"	6.15955967777794e-11	4.15599152980445	0.159	0.122	1.84786790333338e-07
"AC011462.1"	7.30322056307298e-11	0.630704253651105	0.006	0.557	2.19096616892189e-07
"LINC01980"	7.95062973387004e-11	11.9224225151583	0.024	0.435	2.38518892016101e-07
"CAMKMT"	8.90151847463677e-11	3.24025278577904	0.006	0.122	2.67045554239103e-07
"NYAP2"	9.63258721663475e-11	10.6109961729235	0.018	0.411	2.88977616499042e-07
"ASIC4"	1.47485540269232e-10	0.726385795923084	0.018	0.15	4.42456620807695e-07
"CPLX1"	1.63044641802317e-10	5.32644618681249	0.055	0.508	4.89133925406951e-07
"ZNF536"	1.69519041044237e-10	4.30496672957811	0.012	0.305	5.08557123132711e-07
"ZNF679"	2.04714179919574e-10	11.960491467531	0.043	0.439	6.14142539758723e-07
"SYT6"	2.11626067526815e-10	2.72953650998527	0.018	0.427	6.34878202580445e-07
"ANKS1B"	2.19978353393229e-10	-0.698927344144357	0.037	0.138	6.59935060179688e-07
"GINS2"	2.72749681627178e-10	-5.29208233044484	0.049	0.106	8.18249044881533e-07
"LINC02482"	2.85007850318868e-10	-6.12870259872903	0.006	0.276	8.55023550956604e-07
"AL162511.1"	2.85011387377924e-10	11.8801938954007	0.043	0.411	8.55034162133773e-07
"LRP1B"	3.32315158832778e-10	0.947819649331279	0.018	0.232	9.96945476498335e-07
"AC005703.4"	3.35972983481796e-10	12.0709136491753	0.006	0.402	1.00791895044539e-06
"FRMD4A"	3.54859906226191e-10	2.60185630058071	0.073	0.106	1.06457971867857e-06
"AC021504.1"	3.72741695932164e-10	8.13646855575598	0.03	0.52	1.11822508779649e-06
"ERC2"	3.76833299299729e-10	1.02681691337802	0.043	0.159	1.13049989789919e-06
"AC024560.3"	3.85148469860936e-10	6.21479358368824	0.018	0.398	1.15544540958281e-06
"EDEM1"	4.46151317473498e-10	10.4638843101365	0.012	0.484	1.33845395242049e-06
"SNAP25"	4.73622750483369e-10	0.959630751529745	0.116	0.138	1.42086825145011e-06
"DDX11-AS1"	4.84016134194531e-10	4.38160131965187	0.012	0.476	1.45204840258359e-06
"MDGA2"	5.08221756544399e-10	10.9936815585809	0.018	0.26	1.5246652696332e-06
"MPP7"	5.54203152430986e-10	12.077018859962	0.012	0.419	1.66260945729296e-06
"AC015912.3"	5.97741013777326e-10	2.006997624013	0.006	0.451	1.79322304133198e-06
"AC017053.1"	6.00983192080183e-10	1.48997602106366	0.012	0.622	1.80294957624055e-06
"GRHL1"	7.06385322970015e-10	2.00522016165823	0.018	0.24	2.11915596891004e-06
"PIK3R1"	7.37410768701911e-10	-0.354288045234948	0.104	0.187	2.21223230610573e-06
"CREBRF"	8.12157362416668e-10	-4.7603881479684	0.043	0.333	2.43647208725e-06
"CDH13"	9.84471505788272e-10	2.67428421960863	0.012	0.106	2.95341451736482e-06
"LINC02440"	1.00568821965879e-09	3.97912924675886	0.018	0.476	3.01706465897636e-06
"MYO3A"	1.43495263284242e-09	-1.6475966486218	0.116	0.289	4.30485789852725e-06
"KDM7A"	1.68081525422821e-09	0.78816937460216	0.134	0.557	5.04244576268464e-06
"B3GAT2"	1.84754202067957e-09	4.00046852006486	0.043	0.102	5.54262606203871e-06
"ADGB"	2.46308051720229e-09	12.0661236314539	0.006	0.346	7.38924155160687e-06
"AC012368.1"	2.52805695639295e-09	-2.08168008240591	0.018	0.252	7.58417086917884e-06
"CACNA1D"	2.98522977984893e-09	12.1852284646178	0.012	0.313	8.95568933954679e-06
"PIWIL2"	3.57740257247755e-09	3.66355485379088	0.006	0.423	1.07322077174326e-05
"MTUS1"	3.59594133713775e-09	0.622905032600009	0.061	0.191	1.07878240114132e-05
"AC092839.1"	3.90491571006799e-09	12.0523439546444	0.012	0.362	1.1714747130204e-05
"AC104532.2"	4.60225204046116e-09	11.9566155776029	0.006	0.439	1.38067561213835e-05
"VGF"	4.86887034234357e-09	5.54288970308349	0.012	0.321	1.46066110270307e-05
"BTBD8"	5.33796632896406e-09	-1.47944701096899	0.024	0.106	1.60138989868922e-05
"CHGB"	5.56027655747317e-09	-0.481635811399077	0.049	0.13	1.66808296724195e-05
"SVOP"	5.58869082928015e-09	3.10519509758844	0.03	0.394	1.67660724878405e-05
"SQOR"	5.61719512523472e-09	11.9973349691957	0.006	0.362	1.68515853757042e-05
"ACVR1"	5.79158384746409e-09	5.42164584744786	0.189	0.549	1.73747515423923e-05
"PTPN4"	7.5020518936403e-09	-0.777391848510829	0.055	0.11	2.25061556809209e-05
"DACT3-AS1"	7.54007530101281e-09	4.74728741925701	0.006	0.431	2.26202259030384e-05
"LINC00491"	7.69405164542915e-09	12.0763462889364	0.055	0.337	2.30821549362875e-05
"GABRB3"	8.17455161262771e-09	1.11128680250544	0.122	0.191	2.45236548378831e-05
"CAPN6"	8.17455161262771e-09	2.59938748927145	0.006	0.435	2.45236548378831e-05
"SHQ1"	8.86072590824464e-09	3.35259146410122	0.024	0.207	2.65821777247339e-05
"KCNMB2-AS1"	8.9504429023182e-09	1.28121835510127	0.018	0.203	2.68513287069546e-05
"KHDRBS2"	1.17325148484248e-08	2.09836335516485	0.024	0.232	3.51975445452743e-05
"KIT"	1.18502509603905e-08	8.63933436243389	0.037	0.463	3.55507528811714e-05
"AC022400.8"	1.30275462849169e-08	11.9954569837887	0.037	0.459	3.90826388547506e-05
"AOC2"	1.54240009219226e-08	11.9988395149856	0.006	0.402	4.62720027657677e-05
"TGFBR3L"	1.56549161123205e-08	2.99391657994703	0.012	0.496	4.69647483369614e-05
"TTLL9"	1.86097482504867e-08	12.0522838945045	0.012	0.366	5.58292447514602e-05
"MAFB"	2.15677537213684e-08	-1.0810183703837	0.11	0.537	6.47032611641051e-05
"DLL1"	2.43768761506772e-08	-2.95898346723021	0.079	0.142	7.31306284520316e-05
"GAP43"	2.584869713286e-08	0.350569746074379	0.165	0.122	7.754609139858e-05
"AC092143.2"	2.7406375587616e-08	2.27554591020441	0.006	0.476	8.22191267628479e-05
"ST8SIA5"	2.7809806281281e-08	-1.18189468491249	0.256	0.654	8.34294188438428e-05
"LINC02487"	2.79455592433642e-08	-0.91434014771975	0.116	0.63	8.38366777300925e-05
"DOK3"	2.97699377902605e-08	13.6717871175053	0.018	0.358	8.93098133707815e-05
"PIMREG"	3.03541685456334e-08	-1.69204446967111	0.006	0.106	9.10625056369001e-05
"SLC2A13"	3.18638303830876e-08	1.30407704675067	0.018	0.232	9.55914911492627e-05
"RIMS2"	3.32846141459834e-08	-3.79293247607691	0.018	0.317	9.98538424379502e-05
"DPP6"	3.32846141459834e-08	-0.973778947695576	0.055	0.13	9.98538424379502e-05
"PCNA"	3.37717221432332e-08	1.42807406353441	0.11	0.081	0.000101315166429699
"RAD51AP1"	4.19627850143417e-08	-5.59394755051589	0.006	0.134	0.000125888355043025
"SLC35F3"	4.42410110343232e-08	11.9483421713952	0.006	0.337	0.000132723033102969
"AKNA"	4.77701386209289e-08	2.49711857169952	0.024	0.289	0.000143310415862787
"PDCD6IPP2"	4.84620197096248e-08	3.39941495181246	0.018	0.293	0.000145386059128874
"AGBL2"	5.25672083566191e-08	11.9057020857525	0.006	0.472	0.000157701625069857
"DCLK1"	5.38374414550102e-08	-0.399832461128304	0.354	0.411	0.000161512324365031
"PCDH9"	6.42068622303337e-08	2.46827833692267	0.256	0.382	0.000192620586691001
"PDZRN3"	6.42068622303337e-08	0.643655589861238	0.335	0.748	0.000192620586691001
"MYO1F"	6.8290384662076e-08	13.0022361952566	0.012	0.358	0.000204871153986228
"SPRY4"	6.926723052479e-08	-0.442125660082727	0.006	0.305	0.00020780169157437
"NPTX2"	7.75909032492159e-08	12.8834857175624	0.018	0.256	0.000232772709747648
"SOCS3"	7.94421890491185e-08	9.14210490767999	0.006	0.402	0.000238326567147356
"FBXL19-AS1"	9.27847088155228e-08	2.7382936049423	0.006	0.13	0.000278354126446568
"ANKRD36"	9.49866927414615e-08	-3.38193106623858	0.043	0.134	0.000284960078224385
"AL121761.1"	1.01899535352346e-07	-9.32644285345783	0	0.163	0.000305698606057039
"CLTCL1"	1.01899535352346e-07	6.96200050370282	0.006	0.346	0.000305698606057039
"AC009318.3"	1.09811534112429e-07	11.9470010328007	0.006	0.451	0.000329434602337286
"AC004865.2"	1.10325234383695e-07	-4.89720535217752	0.006	0.321	0.000330975703151085
"MYO3B"	1.13986814831036e-07	3.27196252951993	0.018	0.492	0.000341960444493109
"SGCZ"	1.18867677868998e-07	0.613111136905998	0.012	0.321	0.000356603033606994
"TNNI3"	1.3538063219772e-07	8.55305994125752	0.024	0.309	0.000406141896593159
"CALCB"	1.36009647521087e-07	1.03289224850839	0.006	0.419	0.000408028942563261
"POU3F2"	1.43781490125857e-07	-0.50618728396669	0.177	0.142	0.000431344470377571
"KIAA0825"	1.43781848234695e-07	9.20126017881146	0.012	0.163	0.000431345544704086
"ANKRD37"	1.54815665344598e-07	1.24392227407251	0.049	0.232	0.000464446996033795
"AP002336.2"	1.55531815007487e-07	12.0663390750916	0.018	0.341	0.000466595445022462
"GUSBP2"	1.57698171854435e-07	2.20770972281342	0.006	0.171	0.000473094515563305
"SLIT2"	1.60633937069245e-07	4.54364266360149	0.006	0.309	0.000481901811207735
"SLC38A6"	1.68207876015801e-07	3.92184453743475	0.018	0.15	0.000504623628047402
"HELZ2"	1.90418140091241e-07	12.9939568989121	0.012	0.455	0.000571254420273723
"MIR181A1HG"	1.94831145660374e-07	0.67080758848081	0.03	0.11	0.000584493436981121
"LIMA1"	2.00257323871946e-07	-6.9296829124685	0.189	0.272	0.000600771971615837
"IDUA"	2.05829426483213e-07	2.12783423404642	0.012	0.427	0.000617488279449639
"EPHA4"	2.14469472460958e-07	0.617696740004321	0.098	0.211	0.000643408417382874
"CCR10"	2.85546746715344e-07	11.99662299886	0.006	0.402	0.000856640240146033
"AL138756.1"	2.9606046753298e-07	11.942577369754	0.006	0.37	0.00088818140259894
"SPHKAP"	3.12531127996484e-07	6.94772164880919	0.024	0.346	0.000937593383989451
"MAP3K20-AS1"	3.32866083587732e-07	1.44195595651815	0.012	0.154	0.000998598250763197
"AC046185.3"	3.48164468070174e-07	-2.24649686231259	0.024	0.276	0.00104449340421052
"ITGA9-AS1"	4.12738197425397e-07	7.89879343908719	0.018	0.386	0.00123821459227619
"CDH9"	4.2583533788352e-07	12.0146118041843	0.024	0.419	0.00127750601365056
"LGALS1"	4.35432459193593e-07	-1.41363114563665	0.415	0.85	0.00130629737758078
"CWF19L2"	5.15505694654442e-07	1.29135281547541	0.14	0.244	0.00154651708396333
"SULF2"	5.31729227562877e-07	3.08622533317654	0.012	0.35	0.00159518768268863
"DLC1"	5.5331262704401e-07	-0.764706759788819	0.03	0.35	0.00165993788113203
"SHD"	6.34311013590942e-07	-9.1351079589345	0.018	0.15	0.00190293304077283
"CETN4P"	6.95550566300941e-07	12.009864174562	0.006	0.301	0.00208665169890282
"ARID4A"	7.39500644359822e-07	0.442035084389095	0.134	0.248	0.00221850193307947
"AL137005.1"	7.75897788983614e-07	1.58163909482036	0.006	0.142	0.00232769336695084
"TFEB"	7.96471885870508e-07	4.96142987281314	0.024	0.435	0.00238941565761152
"UBE2S"	8.39207802206097e-07	-4.16359199151086	0.268	0.329	0.00251762340661829
"FAM222A"	8.65148046955624e-07	4.10664816372767	0.03	0.537	0.00259544414086687
"AGBL4"	9.35446037361977e-07	5.17212686268556	0.012	0.553	0.00280633811208593
"C1QTNF4"	1.00252365936334e-06	-1.17675626241548	0.018	0.179	0.00300757097809001
"NMB"	1.0068586490654e-06	-2.26220386980866	0.012	0.11	0.0030205759471962
"AP001825.1"	1.06041058635136e-06	11.9963037050748	0.073	0.309	0.00318123175905407
"RBP1"	1.08352040338725e-06	1.73127857815782	0.104	0.667	0.00325056121016175
"SOX6"	1.14097839817016e-06	-2.78740506418734	0.085	0.146	0.00342293519451049
"GAD1"	1.19621521954226e-06	2.22540808029977	0.28	0.659	0.00358864565862678
"NUPR1"	1.21172078949577e-06	1.05310959078075	0.018	0.22	0.00363516236848732
"AC025211.1"	1.23269591655653e-06	2.75054240679589	0.006	0.512	0.00369808774966959
"AC007066.2"	1.48140343103726e-06	12.0591801670578	0.024	0.297	0.00444421029311177
"GATM"	1.57231424735577e-06	6.32325552996199	0.012	0.289	0.0047169427420673
"AC131934.1"	1.58571821518588e-06	13.0577159434918	0.012	0.354	0.00475715464555765
"GRIK1"	1.59924700883403e-06	4.48431972423674	0.006	0.248	0.00479774102650209
"CNTRL"	1.61288503699675e-06	-2.47799350129195	0.085	0.134	0.00483865511099025
"MIR181A2HG"	1.65447662012382e-06	8.68477672033669	0.012	0.171	0.00496342986037145
"ELP6"	1.66150744763758e-06	-3.4615472344755	0.055	0.11	0.00498452234291273
"LINC00467"	1.74077548738714e-06	9.69952936571892	0.006	0.301	0.00522232646216142
"AC105036.3"	1.77797920802482e-06	1.08855597014217	0.006	0.224	0.00533393762407445
"ATF5"	1.81597262692807e-06	-2.57616360645947	0.061	0.289	0.00544791788078422
"AC020663.1"	1.83912061219253e-06	12.0705851696223	0.006	0.354	0.00551736183657758
"FABP5"	2.06944020925412e-06	6.23329790039889	0.152	0.167	0.00620832062776237
"ABRACL"	2.1312070007567e-06	-0.319726484408934	0.213	0.163	0.00639362100227009
"NPTXR"	2.3079142615501e-06	-1.95351521611923	0.165	0.207	0.00692374278465029
"AC011498.1"	2.40646779257587e-06	4.01492745038592	0.006	0.301	0.00721940337772762
"AC004076.1"	2.51957863421372e-06	-0.577773966673861	0.03	0.337	0.00755873590264115
"ESRRG"	2.61586952213159e-06	9.83255017269918	0.006	0.126	0.00784760856639478
"GLCE"	2.63776473408417e-06	-3.73657432038836	0.128	0.447	0.00791329420225251
"AC073333.1"	2.64876891481152e-06	12.0786798940135	0.006	0.378	0.00794630674443456
"STYX"	2.79589386801356e-06	3.29074882934566	0.037	0.114	0.00838768160404067
"SCG5"	2.8309427832429e-06	7.51663849727585	0.006	0.301	0.00849282834972869
"KCNK3"	3.0756069985775e-06	5.71432752561797	0.061	0.443	0.00922682099573251
"ANP32E"	3.19220821979453e-06	-1.05445215619017	0.244	0.207	0.00957662465938358
"AC007490.1"	3.21865459819751e-06	3.73411113619498	0.018	0.581	0.00965596379459252
"PCDH11X"	3.21868943637817e-06	0.348539057319671	0.018	0.134	0.00965606830913451
"SMIM18"	3.3542870511128e-06	-0.316909306316808	0.024	0.15	0.0100628611533384
"DPY19L2P3"	3.42412372625202e-06	5.63893727180771	0.006	0.146	0.0102723711787561
"HCN2"	3.49532959643342e-06	-9.92941187190499	0	0.528	0.0104859887893003
"MAP4K1"	3.53877105157102e-06	12.0292089015875	0.006	0.268	0.0106163131547131
"AC022075.1"	3.5826809871981e-06	11.9195156329551	0.006	0.337	0.0107480429615943
"KIF14"	3.64207391472937e-06	1.38917803229614	0.006	0.122	0.0109262217441881
"AL021453.1"	3.9212501550566e-06	-0.803092836105264	0.024	0.439	0.0117637504651698
"FGD6"	4.0023340506864e-06	-7.68551792522263	0.049	0.11	0.0120070021520592
"AL121827.2"	4.08505111855112e-06	2.04641004364172	0.006	0.293	0.0122551533556534
"MYCBP2"	4.27286278484496e-06	0.577435345070258	0.232	0.337	0.0128185883545349
"KANTR"	5.11007215421523e-06	9.10998940343084	0.03	0.187	0.0153302164626457
"AC005393.1"	5.65351502384016e-06	-6.59853676522277	0	0.252	0.0169605450715205
"ITGA1"	6.0056489788612e-06	-9.30899221736476	0	0.431	0.0180169469365836
"ZMYND10"	6.12763536762473e-06	12.1088856568393	0.006	0.285	0.0183829061028742
"CPEB1"	6.12767526354518e-06	2.31114128151593	0.043	0.142	0.0183830257906355
"AL138760.1"	6.63975500102909e-06	12.0909728092144	0.024	0.272	0.0199192650030873
"AL136454.1"	6.69311417727532e-06	1.20655523191278	0.006	0.146	0.020079342531826
"ZNF385D"	7.60554699674552e-06	-2.35778663620497	0.006	0.175	0.0228166409902365
"AL118558.1"	7.66635451819253e-06	1.12915133314214	0.012	0.215	0.0229990635545776
"MDK"	7.82041364340272e-06	-3.96780766654961	0.372	0.301	0.0234612409302081
"SDK2"	7.85157862441197e-06	6.75592399636123	0.055	0.496	0.0235547358732359
"TNFAIP8L3"	8.04107658733102e-06	12.0645349054128	0.049	0.329	0.0241232297619931
"AL645728.1"	8.87870306460471e-06	13.0656423567624	0.012	0.411	0.0266361091938141
"CASC15"	9.16398985447832e-06	-4.86649207698409	0.146	0.358	0.0274919695634349
"ACAP1"	9.68433281049247e-06	12.1278682126683	0.012	0.26	0.0290529984314774
"FILIP1L"	9.83811125281333e-06	2.34730798803156	0.018	0.28	0.02951433375844
"CLEC20A"	9.91587242526603e-06	0.884519086093693	0.006	0.333	0.0297476172757981
"AL358472.4"	1.04358137612752e-05	12.4467613421212	0.012	0.167	0.0313074412838256
"NRCAM"	1.06426414645947e-05	-2.47032572727081	0.128	0.167	0.0319279243937842
"LINC01896"	1.10680988665289e-05	0.820187951922739	0.098	0.252	0.0332042965995866
"DLGAP1"	1.15548456696204e-05	-0.27316542037235	0.134	0.134	0.0346645370088611
"OSTN"	1.15548456696204e-05	11.141309341247	0.024	0.26	0.0346645370088611
"PIK3CD"	1.30897345304143e-05	-6.46585408620598	0.012	0.264	0.0392692035912429
"CKS2"	1.44222747343634e-05	-0.377685948892977	0.073	0.102	0.0432668242030903
"MYT1"	1.48179739778938e-05	6.24553371098918	0.177	0.484	0.0444539219336813
"TYMS"	1.62547319933883e-05	1.25266606847115	0.067	0.159	0.0487641959801648
"CKS1B"	1.73517564087551e-05	1.09357660828362	0.043	0.146	0.0520552692262653
"AC037459.3"	1.76876086533302e-05	3.43115332078718	0.006	0.496	0.0530628259599907
"HIF1A-AS2"	1.78920834026906e-05	6.4746332922999	0.006	0.276	0.0536762502080717
"PBX3"	1.82378880943971e-05	-5.62287413994675	0.018	0.289	0.0547136642831913
"PXDNL"	1.83078088671067e-05	-11.6021705221652	0.006	0.402	0.0549234266013202
"SLC4A4"	2.04501148502981e-05	-0.425086961271985	0.049	0.159	0.0613503445508944
"AL357153.2"	2.17323565375041e-05	12.0846771124547	0.012	0.309	0.0651970696125122
"ARC"	2.23170268251969e-05	2.89633152429521	0.006	0.37	0.0669510804755908
"ABCA3"	2.58582941734614e-05	-0.382009311789108	0.037	0.313	0.0775748825203841
"IFI44"	2.61518303105469e-05	1.55610109784508	0.055	0.232	0.0784554909316407
"CFL1P1"	2.64485977910676e-05	-0.84493171043705	0.03	0.276	0.079345793373203
"CENPF"	2.71533035200236e-05	-0.617444030858579	0.104	0.118	0.0814599105600708
"CYTIP"	2.79805397151688e-05	12.0698841457008	0.006	0.256	0.0839416191455064
"TUBB4B"	2.95966037419901e-05	1.58838304097226	0.152	0.154	0.0887898112259703
"HIST3H2BB"	3.00421668979783e-05	1.39748652197584	0.006	0.313	0.090126500693935
"VAX2"	3.07228498691903e-05	-7.35208965292626	0.012	0.163	0.092168549607571
"ADARB2"	3.1535327903229e-05	10.1092597366949	0.03	0.443	0.0946059837096871
"JPH3"	3.23681947899506e-05	-9.60447196303151	0.006	0.15	0.0971045843698517
"PURPL"	3.27314981466883e-05	9.49587336235255	0.006	0.268	0.0981944944400648
"AL160314.2"	3.42238183993175e-05	2.92141943325402	0.012	0.285	0.102671455197952
"DUSP6"	3.71290791231267e-05	-4.89953454202814	0.024	0.154	0.11138723736938
"AC233296.1"	3.75429366116281e-05	-4.92376945721208	0	0.159	0.112628809834884
"CTNND2"	3.75429366116281e-05	0.489010366936936	0.073	0.102	0.112628809834884
"ATP1B1"	3.96787528934693e-05	1.08726886964357	0.28	0.333	0.119036258680408
"MEF2C-AS2"	4.23937894095668e-05	1.91775209898958	0.043	0.163	0.1271813682287
"KPNA5"	4.43009725971044e-05	0.44480187764012	0.146	0.171	0.132902917791313
"BCAN"	4.46268033648485e-05	-0.309280699259012	0.122	0.15	0.133880410094546
"CACNG3"	4.69708226473662e-05	12.0739449617659	0.018	0.256	0.140912467942099
"CEP83-AS1"	4.85385423438247e-05	1.80582371249689	0.012	0.524	0.145615627031474
"ANKRD18CP"	5.03392381874587e-05	2.68567839417644	0.006	0.366	0.151017714562376
"AC092171.3"	5.5723124981353e-05	-6.7520802277485	0.012	0.26	0.167169374944059
"VRK2"	5.79839070382974e-05	-0.711634999049506	0	0.142	0.173951721114892
"SLC32A1"	5.81936851027523e-05	7.45036772679948	0.213	0.565	0.174581055308257
"CD200"	5.90400068802513e-05	0.462945344108259	0.104	0.154	0.177120020640754
"RCOR2"	5.96823832461887e-05	3.03754353186419	0.232	0.472	0.179047149738566
"MT-TE"	6.79255072194313e-05	2.79109313262254	0.415	0.504	0.203776521658294
"NES"	6.84136861187511e-05	2.26684537042497	0.232	0.39	0.205241058356253
"MCM7"	7.72380716677704e-05	0.285465923542358	0.128	0.13	0.231714215003311
"PHF21B"	7.7513231451382e-05	1.15924664887657	0.232	0.435	0.232539694354146
"AGAP2-AS1"	7.91837519616786e-05	-4.35719067744845	0.024	0.22	0.237551255885036
"NR2F2"	7.94654598007644e-05	-1.03772486939597	0.268	0.431	0.238396379402293
"ACOXL"	8.23347201383801e-05	13.0685173599834	0.012	0.329	0.24700416041514
"EPHA6"	8.23351316675026e-05	3.52171515720261	0.006	0.106	0.247005395002508
"RMST"	8.53025552326419e-05	2.64392086623094	0.012	0.329	0.255907665697926
"EIF4EBP1"	8.65175882401509e-05	1.44469616681634	0.22	0.15	0.259552764720453
"NR2F1"	9.21904222863526e-05	-0.569492673320455	0.128	0.203	0.276571266859058
"AC069257.3"	9.44895093638015e-05	-11.1729511754868	0	0.374	0.283468528091404
"HES4"	9.65040257584224e-05	-0.577309471855519	0.104	0.15	0.289512077275267
"HIST1H1E"	9.68436168514296e-05	-3.31932941895587	0.171	0.232	0.290530850554289
"ZNF32-AS3"	0.000103513717664034	-11.5809640021407	0	0.215	0.310541152992102
"ADAMTS5"	0.000103877050509902	9.2546860467129	0.006	0.244	0.311631151529706
"NRG3"	0.000135715894693152	-1.26441559832639	0.03	0.199	0.407147684079455
"GALNT13"	0.000137597972029641	1.60724847632648	0.03	0.126	0.412793916088923
"AC027307.3"	0.000138073129604757	0.272258154389448	0.006	0.293	0.414219388814271
"CTGF"	0.000139026778990531	1.16121106430583	0.134	0.577	0.417080336971594
"ESF1"	0.000140952720794777	1.92432293875268	0.11	0.154	0.422858162384332
"FRG1HP"	0.000143395492698545	-2.06590068612363	0.067	0.171	0.430186478095634
"CA3"	0.000144880234820609	2.23922689744685	0.012	0.321	0.434640704461828
"ATP7B"	0.000146378761951551	-8.96686157600641	0	0.102	0.439136285854653
"SYN3"	0.000153046428112459	-3.37210440607323	0	0.138	0.459139284337377
"PTPRO"	0.000158368278496733	1.25900707486868	0.171	0.179	0.4751048354902
"AL138826.1"	0.000168962961408521	12.098045434838	0.024	0.321	0.506888884225563
"AL354989.1"	0.000173619586639664	2.12679922414177	0.006	0.362	0.520858759918991
"AC026471.4"	0.000176592296322301	-2.601160548583	0.018	0.179	0.529776888966904
"KLHL13"	0.000177793710233025	7.36863932191885	0.03	0.248	0.533381130699074
"AC002310.4"	0.000182680209035683	0.340065487236525	0.012	0.252	0.54804062710705
"STXBP5L"	0.000185170181307993	2.53416737995964	0.024	0.264	0.55551054392398
"MDGA1"	0.000185797640576429	-4.30824471851543	0.018	0.15	0.557392921729286
"HSPH1"	0.000188327519177651	0.50584033500662	0.146	0.215	0.564982557532954
"TTLL11"	0.000194794594700751	3.81475508522426	0.024	0.463	0.584383784102252
"RAI2"	0.00022058266942531	-1.27412428848016	0.03	0.167	0.661748008275931
"MAPK15"	0.000225807716548683	12.0300115749839	0.006	0.321	0.67742314964605
"SP9"	0.000235823919281958	1.31966030088399	0.482	0.874	0.707471757845873
"LHFPL5"	0.000245437308436008	2.27535110702526	0.024	0.321	0.736311925308024
"MARCH1"	0.000247074846569122	-6.47005096310428	0.079	0.159	0.741224539707367
"RGS2"	0.000252048064394728	6.83218900219372	0.043	0.37	0.756144193184184
"ANK2"	0.000261413550705695	1.02023117540481	0.293	0.248	0.784240652117086
"CLASP2"	0.000264023523789114	0.357822228016215	0.378	0.407	0.792070571367342
"AL034417.4"	0.000270207772154384	12.0890660645603	0.006	0.289	0.810623316463151
"ARRDC4"	0.000272000775417675	5.69771203060123	0.146	0.236	0.816002326253026
"ARHGAP28"	0.000282988874524534	-3.40597726310798	0.03	0.228	0.848966623573601
"STARD9"	0.000288637606893776	-1.71353286734813	0.006	0.289	0.865912820681327
"FOXP2"	0.000290543872737904	-7.87524956283653	0.006	0.203	0.871631618213712
"LINC00174"	0.000305221318870283	-4.45073939901961	0.012	0.175	0.915663956610849
"AC021752.1"	0.000309250973302651	1.57300652351856	0.006	0.264	0.927752919907954
"PDE4D"	0.000339990221499921	1.00367071965847	0.189	0.252	1
"AMBN"	0.000341099529675299	1.85175057684465	0.341	0.76	1
"COL9A3"	0.000342212223236544	1.7410260719705	0.049	0.305	1
"CPLX2"	0.000347826806009706	1.2237442236881	0.226	0.423	1
"CD81"	0.000350096672016705	0.474791857190084	0.287	0.268	1
"AC087500.1"	0.000353527462297464	3.69624569206684	0.006	0.26	1
"NXPH1"	0.000354678029010396	-1.19689857532106	0.024	0.48	1
"ZRSR2"	0.000407598043362116	-1.62531572134577	0.085	0.207	1
"COLEC11"	0.000412878812645264	3.74205026691951	0.006	0.305	1
"KCNJ2-AS1"	0.000419569640822827	12.0155238856922	0.006	0.366	1
"CHSY3"	0.000422274215035947	-0.524086891806669	0.043	0.264	1
"ANKRD12"	0.000424995062138559	1.57271842585218	0.195	0.256	1
"PAX6"	0.000476857750547621	8.49136614287852	0.299	0.362	1
"LINC01619"	0.000484510949363311	-1.27954475740883	0.024	0.317	1
"TDRG1"	0.000513021260166343	-8.93332685413871	0.018	0.199	1
"AP001273.1"	0.000519563685707472	3.32238813788681	0.006	0.333	1
"AC073343.2"	0.000519565731463837	1.19732286561642	0.067	0.215	1
"ARF4-AS1"	0.00053288875286082	-4.12655474965303	0	0.293	1
"SLC3A2"	0.000569391571696359	1.8632938457416	0.122	0.146	1
"FO538757.1"	0.000576603249888894	8.60368652251606	0.006	0.24	1
"ANAPC5"	0.000596874293512264	0.437520515398539	0.183	0.203	1
"PCSK2"	0.000610120645532501	9.75658302618176	0.012	0.13	1
"PPP1R12B"	0.000612034871867619	-0.460049625741644	0.049	0.154	1
"NPY"	0.000627551092234619	-0.559493841638838	0.085	0.191	1
"HRH2"	0.000627551092234619	-11.1761407799358	0.043	0.114	1
"PPP1R1A"	0.000629516146604038	7.17539690350293	0.018	0.175	1
"PDIA4"	0.000641427192313631	-0.997827002788622	0.091	0.114	1
"CUTALP"	0.000657634814908812	1.21474153699691	0.018	0.167	1
"SPTBN1"	0.000676323197463321	0.826645310487643	0.311	0.35	1
"NDST4"	0.000697666469247487	10.0303205550008	0.006	0.305	1
"HECW1"	0.000719634309267596	-4.79507556762625	0.037	0.13	1
"CCDC174"	0.000735392310707182	-0.988614253661829	0.098	0.159	1
"PCDH7"	0.000737667076783324	-1.39921815612563	0.012	0.106	1
"AC124319.2"	0.000753791236014609	6.11600405840303	0.012	0.224	1
"AC087521.3"	0.000763150561526839	3.55649653727306	0.012	0.447	1
"TMOD2"	0.00076787424723097	4.12344137098227	0.183	0.309	1
"CDKN1A"	0.000784610112503828	6.478663241493	0.14	0.512	1
"PPP1R15A"	0.000791882822835043	0.347537069677632	0.177	0.248	1
"SELENON"	0.000844591918647839	8.72274113739855	0.012	0.268	1
"AC245140.2"	0.000860241908483762	1.48122670899063	0.006	0.276	1
"ADRA1B"	0.000865513833641069	-9.49085735951022	0	0.337	1
"MIR124-2HG"	0.000870822050497773	0.484710761670385	0.152	0.297	1
"AC010245.2"	0.000876157247103627	12.1757847964619	0.061	0.346	1
"FARS2"	0.000881522734742746	3.09120274049611	0.018	0.114	1
"PLA2G4C"	0.000892345209270021	-8.68879827230116	0.018	0.167	1
"ZC3H8"	0.000911581392114484	5.46510999342246	0.079	0.224	1
"ADGRL3"	0.000919942521221858	2.04960061002815	0.067	0.199	1
"BCL3"	0.000934035816904471	-7.57238453239223	0.03	0.252	1
"TSC22D3"	0.000977524850321428	7.38732590238275	0.159	0.402	1
"NSG2"	0.00103842944468664	0.449655126663469	0.152	0.093	1
"AC010442.1"	0.00104156495474115	1.02697161903884	0.006	0.207	1
"HDX"	0.00106376001617509	1.0296931422671	0.073	0.272	1
"LHFPL3"	0.00106696622024057	3.73666075839953	0.006	0.126	1
"HELT"	0.0011128018703221	10.7188561529505	0.024	0.171	1
"PRRX1"	0.00119920725019258	3.31958163336036	0.037	0.179	1
"AP000911.1"	0.0012281356537629	3.9118002335801	0.006	0.293	1
"KIDINS220"	0.00128032818262679	-0.345808713893036	0.415	0.447	1
"PCDHB11"	0.00136245428054069	-7.61754214425356	0	0.195	1
"DDIT3"	0.0014366959558865	1.91809599877217	0.055	0.154	1
"CAMTA1-DT"	0.00146225374035317	2.09341804487885	0.006	0.463	1
"AL356481.1"	0.00153697476600742	3.19826595433783	0.006	0.297	1
"SOX5"	0.00154148289810379	3.1191337700215	0.36	0.35	1
"SENP7"	0.00154148289810379	2.63899926615665	0.195	0.215	1
"ANKUB1"	0.00159182447993005	1.11928309642533	0.03	0.346	1
"SPTY2D1OS"	0.00162464347322747	11.5912523745307	0.006	0.297	1
"KAT6B"	0.00164367564806404	-0.684620770741002	0.396	0.52	1
"XKR4"	0.00177760452813672	11.1146401447719	0.03	0.118	1
"TCF12"	0.00181917210733603	3.59259121693987	0.39	0.533	1
"PAK5"	0.00199453062724524	0.581907005590951	0.073	0.106	1
"ANKRD36C"	0.00201750896559477	-2.58288539113564	0.14	0.15	1
"TFP1"	0.00204657345292086	7.38507300388819	0.006	0.207	1
"CTNNA2"	0.00215441524912817	1.47214687924224	0.079	0.183	1
"AC133552.1"	0.00216055654455941	4.01035434681446	0.006	0.285	1
"AL390719.1"	0.0021852825559835	-1.4472869758371	0.018	0.183	1
"FTX"	0.00224186723196343	6.5309614590564	0.232	0.203	1
"MTSS1"	0.00230631149620623	2.49179401371046	0.415	0.512	1
"AL450326.1"	0.00236575743939887	-10.1785297855471	0	0.354	1
"ATF3"	0.00237244842286876	-1.34662295207759	0.049	0.11	1
"BACH2"	0.00237244842286876	-1.01682929695698	0.037	0.171	1
"NKAIN4"	0.0026547254862091	1.25898474835797	0.037	0.118	1
"AC010976.1"	0.0027147389408862	-10.1809165112957	0.085	0.146	1
"DLGAP2"	0.0027992821301663	11.4685713480942	0.012	0.146	1
"AP002495.1"	0.00281490951275514	-6.53903674385861	0.012	0.187	1
"KCTD12"	0.00283850000421454	-1.68492240734266	0.043	0.199	1
"ADAM28"	0.00291035867536634	-10.8716374147892	0.012	0.211	1
"AMOTL2"	0.00308452110020309	-5.22876840705079	0.012	0.167	1
"ADD3"	0.00308453012570609	-1.34877635325403	0.067	0.13	1
"CXCR4"	0.00313601063641098	-1.6751951896881	0.067	0.37	1
"ARHGEF37"	0.00317949882256433	1.16773832210628	0.006	0.24	1
"CCDC112"	0.00324132852238863	0.853958469708139	0.384	0.366	1
"EFCAB5"	0.00331332019656894	-1.87396224997803	0.006	0.142	1
"FBXO2"	0.00339603973759517	3.79748821496659	0.006	0.171	1
"GRASP"	0.00342404107515471	4.03909338952524	0.006	0.159	1
"LINC01105"	0.00353812005067171	4.55485154587682	0.055	0.167	1
"POLE2"	0.0038282235779951	-3.14661490306888	0.006	0.102	1
"PDE1B"	0.00400816006360006	11.9864213304189	0.006	0.321	1
"PCSK1N"	0.00421835083419824	0.727283042886749	0.341	0.358	1
"BAZ2B"	0.00421835083419824	0.92983327452412	0.378	0.386	1
"AC115618.1"	0.00429827178941442	-11.0203815526234	0.006	0.195	1
"AC092506.1"	0.00436786555234883	10.1127677418077	0.006	0.301	1
"THY1"	0.00448612803504665	8.04127414668462	0.079	0.317	1
"LMNB1"	0.00464420478824496	-0.850037940855956	0.262	0.252	1
"LINC01376"	0.00483285633055092	1.21191710676662	0.018	0.118	1
"SPINK5"	0.00498874018028645	-2.76181310814082	0.018	0.114	1
"FAM155B"	0.0050151451281828	1.32557458963098	0.012	0.317	1
"ZNF19"	0.00517634152294482	1.60995903062752	0.012	0.236	1
"LMO3"	0.00525867577536576	5.70722561234465	0.098	0.159	1
"AL592424.1"	0.00527249875173032	12.087582546654	0.006	0.272	1
"PDIA3"	0.00539853171974404	-0.426667224481311	0.213	0.252	1
"TUBA4A"	0.00542690265849694	12.1553139086888	0.006	0.126	1
"LRP8"	0.00555624480305582	-3.08602472208696	0.104	0.098	1
"TENM2"	0.00557078652947509	-7.45481250279759	0.006	0.15	1
"CCDC168"	0.00557078652947509	12.0896592625571	0.012	0.272	1
"ZFHX3"	0.00561461798620649	-1.84369739410796	0.073	0.215	1
"PFKFB3"	0.00564401156155753	-1.03497023016064	0.11	0.195	1
"PICK1"	0.00571810375345573	-1.55111828475476	0.006	0.171	1
"C9orf147"	0.00574798542898088	11.3598140091764	0.012	0.167	1
"RNF31"	0.0058689102838632	2.74527295816031	0.006	0.305	1
"TCEAL5"	0.00586892534167936	-6.8224611138379	0.012	0.211	1
"PDK1"	0.00591486593018694	-0.584381466970126	0.091	0.138	1
"FOLR1"	0.00599213891994479	12.132805890752	0.006	0.179	1
"HIST1H1D"	0.00600772064074598	0.987016040872217	0.061	0.159	1
"CCNE2"	0.00629421678714159	-1.39771949497085	0.049	0.159	1
"TEX101"	0.0063431441161616	12.1150480065491	0.049	0.354	1
"PDIA2"	0.00645864152782866	13.1069012466939	0.049	0.163	1
"CDKN1C"	0.0066269203364637	0.409553242203474	0.03	0.191	1
"KCNH5"	0.00683405201182089	1.76791494353808	0.006	0.37	1
"CBLB"	0.00685157283776738	-0.747112322341123	0.128	0.122	1
"AC091551.1"	0.00704698268494665	2.29847399728077	0.018	0.264	1
"ONECUT2"	0.00760560222727527	-3.57481130659776	0.018	0.341	1
"AL138724.1"	0.00766359178604933	13.6499626379774	0.018	0.28	1
"FAM155A"	0.0077611221619794	-9.66988032370235	0.006	0.118	1
"NUSAP1"	0.00780044470950967	-2.2938925591093	0.11	0.081	1
"HS3ST5"	0.00782017284265845	4.07780735620821	0.006	0.126	1
"NPR2"	0.00804013171181358	-6.22655349102424	0.006	0.24	1
"B2M"	0.00820359788964808	-1.52929806782927	0.226	0.195	1
"AFDN"	0.00849679759437261	-1.73740464419813	0.567	0.516	1
"PGBD5"	0.0085822725919286	-4.73585225309704	0.037	0.325	1
"AC097478.1"	0.00862529767668735	-2.74234055844294	0.006	0.224	1
"AC024940.2"	0.00864686211477881	2.15521563844881	0.012	0.451	1
"EEA1"	0.00866851546504432	-2.12202072679048	0.104	0.175	1
"POU3F4"	0.00897649790296	-2.63985525860515	0.22	0.39	1
"AC025576.1"	0.00911145536109663	-10.3502447308785	0	0.13	1
"AL354920.1"	0.00911145536109663	-3.22557711590708	0.006	0.102	1
"AL049629.1"	0.00913412353604744	12.0733925177006	0.006	0.276	1
"GCNT2"	0.00915682687574235	-1.62176228478253	0.061	0.358	1
"BCL11A"	0.0094334245645593	1.98156562855498	0.226	0.289	1
"AP002852.1"	0.0098866042979731	12.1360197223742	0.037	0.154	1
"PLEKHH2"	0.0103337204629876	2.38741559817042	0.018	0.199	1
"CENPC"	0.0105898005560225	0.470363394178676	0.085	0.171	1
"AP001269.4"	0.010641709102097	12.1185328354488	0.006	0.195	1
"WLS"	0.011038157814278	0.3537387744496	0.049	0.134	1
"NETO2"	0.0110650483973976	5.66721625700784	0.201	0.195	1
"BRINP2"	0.0110919761277606	-0.347370957418143	0.085	0.402	1
"KCNA5"	0.0110919971630463	3.92125117001737	0.012	0.252	1
"AC104985.1"	0.0111190042175672	12.0772857005972	0.012	0.256	1
"PIP5K1B"	0.0112003761799776	1.89064790897976	0.012	0.28	1
"CACNB2"	0.0113923041504043	-7.65817444558165	0	0.195	1
"SPAG6"	0.0116152207000404	1.25983259409582	0.049	0.313	1
"MYLIP"	0.0117849135604088	12.1191804132858	0.006	0.163	1
"ID2"	0.0120146504917491	-0.561812996743573	0.274	0.313	1
"IGFBP6"	0.0121602275377133	2.18026978442707	0.006	0.118	1
"CSRP2"	0.0123369817079371	0.649033139722179	0.146	0.122	1
"FAM162A"	0.012606380777783	-1.82927051521225	0.085	0.154	1
"KDM3A"	0.013318644908856	1.47408745972437	0.177	0.199	1
"AC121342.1"	0.0133822023154136	12.0961234349997	0.006	0.28	1
"AC022101.1"	0.0136716979482273	12.1388065259523	0.055	0.187	1
"CNTN4"	0.0138348913569462	3.91498744955721	0.018	0.276	1
"WSB1"	0.0144026872125341	0.513077137044469	0.476	0.455	1
"PROX1-AS1"	0.0144026872125341	2.6142002897355	0.018	0.5	1
"AC022217.3"	0.0144366881861346	-10.844542213214	0	0.24	1
"LRRN3"	0.0144367180336214	-0.798232651310307	0.244	0.37	1
"CDCA7L"	0.0144707941189362	-0.69361658676429	0.159	0.187	1
"CHKB"	0.0146423960041014	2.35188498045846	0.006	0.163	1
"MT-TP"	0.0151679318296564	-3.51154257123596	0.317	0.256	1
"ARL4C"	0.0152750101121758	1.79437730604742	0.409	0.488	1
"HAVCR2"	0.0154549533149657	-0.876610171563248	0.024	0.329	1
"SLC6A1"	0.0156367595269951	4.98352863050611	0.061	0.293	1
"KCNA3"	0.015746712330154	-9.15942772761552	0	0.122	1
"ENOX1"	0.0158574086390984	2.97029549629089	0.171	0.167	1
"KIAA1211"	0.0159687565137979	-0.394709317296209	0.409	0.537	1
"STC2"	0.0164210517217542	1.96985590667471	0.134	0.35	1
"CECR2"	0.0165358690591311	-1.16918907845337	0.14	0.285	1
"NANOS1"	0.0171205609727321	-0.695884258126207	0.006	0.126	1
"RELN"	0.0171601798254182	12.1517688025405	0.006	0.15	1
"CALB2"	0.0171999129951288	0.258572739836874	0.622	0.85	1
"CDK6"	0.018726554928706	0.801176106466504	0.122	0.203	1
"ADM"	0.0191589892016905	-7.78980405342369	0.134	0.264	1
"HNRNPA2B1"	0.0192904102209052	2.17838928671218	0.427	0.524	1
"UNC79"	0.0193343919588808	1.86880283432284	0.03	0.199	1
"SLC10A4"	0.0200500732099022	-3.39421390793238	0.018	0.378	1
"MCM3"	0.0201411820660659	1.80446046416205	0.091	0.232	1
"NAV3"	0.0203704404930732	2.24529141526505	0.238	0.516	1
"SRGAP1"	0.0207419894851692	0.739905689436056	0.183	0.179	1
"AL035681.1"	0.0210245150911506	12.0822202761681	0.11	0.15	1
"KLHDC1"	0.0212147231439128	-1.30972975076656	0.006	0.146	1
"AC022154.1"	0.0214545897733157	1.27156398003733	0.061	0.126	1
"CACNA1B"	0.0216968144474029	1.54497768228881	0.018	0.154	1
"HSPB8"	0.0219414159217795	-1.39293054738404	0.012	0.154	1
"FHIT"	0.0223377691195332	-0.487220504080126	0.006	0.175	1
"ASCL1"	0.0227403329647501	-3.60866692398368	0.098	0.126	1
"SRRM4"	0.022892911566479	1.34875892033824	0.274	0.346	1
"ZBTB46"	0.0229951240130886	2.69612145733341	0.018	0.187	1
"MSMO1"	0.0233559953279963	-0.394239291932162	0.128	0.167	1
"GPM6B"	0.0239860753749075	0.3374819039237	0.189	0.146	1
"AC016705.2"	0.0244682595805026	-8.97384752898004	0	0.179	1
"BCL11B"	0.0245223506012022	-0.373312850499588	0.159	0.301	1
"CCSAP"	0.0249038969341936	-1.62796782333019	0.256	0.244	1
"AC012501.1"	0.0249038969341936	-10.0107399069129	0.201	0.041	1
"MMP16"	0.025013805839622	2.74527296130214	0.037	0.146	1
"PTPRE"	0.0252350177988941	-0.702166655925035	0.006	0.203	1
"GPR22"	0.0252905734848202	8.47787962191772	0.024	0.285	1
"TAC3"	0.0254578761187974	1.04683692178105	0.043	0.48	1
"MST1R"	0.0262513429070166	12.0466526564978	0.012	0.228	1
"NWD2"	0.0267726390189539	4.79544316360388	0.012	0.187	1
"PCBP3"	0.027007180683273	-1.65806153900506	0.012	0.394	1
"STC1"	0.0274218978910611	0.8419132808931	0.049	0.199	1
"ELAVL4"	0.0275413930192342	1.47614783105892	0.524	0.549	1
"HSPB1"	0.028452007422617	0.699654027272503	0.36	0.321	1
"LMO4"	0.0287612546984639	1.10391908035985	0.238	0.248	1
"PDZD2"	0.0302213435992186	2.01905707273553	0.006	0.35	1
"TRPM3"	0.0302213435992186	8.00085689834274	0.018	0.276	1
"AP000708.1"	0.0311408704689382	-7.83129073643775	0	0.232	1
"DRAXIN"	0.0312075152045071	1.94641898726555	0.317	0.325	1
"CHRDL1"	0.0337587972021088	-0.72873600831774	0.122	0.102	1
"CIART"	0.0343333467131606	-8.74940209769205	0.037	0.106	1
"DAPK1"	0.0345509288640597	0.32454034338083	0.177	0.386	1
"SORCS2"	0.0351369147512169	-2.87569067021614	0.006	0.154	1
"COA7"	0.0354330192208591	3.47512358720589	0.049	0.187	1
"CADM1"	0.0360317899443765	4.76052060088348	0.396	0.382	1
"AC004852.2"	0.0377229061771914	-9.63144456383919	0	0.215	1
"MIR100HG"	0.0377229061771914	-0.517417125039164	0.165	0.207	1
"AC005225.3"	0.0380375276756067	-10.9675925886125	0	0.11	1
"CCSER1"	0.0381956734578914	-8.98232343015377	0.055	0.114	1
"AC007405.2"	0.0391563339180822	1.48078020841539	0.012	0.183	1
"DIO2"	0.0395626232458788	1.32796243622451	0.018	0.228	1
"AC092614.1"	0.0398081101959061	1.75245202663014	0.006	0.35	1
"ZNF525"	0.0406357553842143	1.56734603667809	0.006	0.163	1
"IER3"	0.0412237470457066	8.15344032333932	0.03	0.142	1
"LRRC9"	0.0412237470457066	4.33268303613373	0.006	0.167	1
"HDAC9"	0.0417334341641052	-1.67724213802722	0.134	0.22	1
"AC245748.1"	0.0419902495293255	12.1181607853323	0.006	0.118	1
"CHPF"	0.042076172204495	2.72175387413476	0.079	0.22	1
"MYO1B"	0.0420762258667593	2.6723414724327	0.305	0.431	1
"RUFY2"	0.0427689059070311	-2.03183486757834	0.195	0.211	1
"PCDH17"	0.0429435746195305	-0.462085162929584	0.006	0.134	1
"VEGFA"	0.0434712027231238	-1.33078834064286	0.122	0.199	1
"AL359955.1"	0.0452696135157233	2.46845596145082	0.006	0.313	1
"LRRD1"	0.0453612255423139	-7.83566941663718	0.043	0.272	1
"MEF2C-AS1"	0.0456368015908569	-2.76126529612643	0.018	0.118	1
"SVEP1"	0.0460992294685201	1.53146080044246	0.006	0.199	1
"AC007389.1"	0.0466593455821295	-10.8896495968712	0.018	0.13	1
"RND3"	0.0504413896316772	0.495678425183987	0.896	0.907	1
"AC068722.1"	0.0506420724343524	-7.02652652113848	0	0.134	1
"AC132807.2"	0.0508433531683478	-5.67047902695955	0.006	0.272	1
"LBH"	0.0512481381981322	-0.827049466492291	0.268	0.248	1
"VSNL1"	0.0513497371798251	-4.08168549561357	0.03	0.118	1
"FAM214A"	0.0539450285758153	0.770650471383244	0.098	0.272	1
"CDKN2A"	0.0552290627143344	1.60829107717656	0.012	0.325	1
"ZCCHC12"	0.0563185976454911	-0.691718037130882	0.055	0.126	1
"LINC02488"	0.0566489037519796	2.7957867202619	0.043	0.398	1
"CD27-AS1"	0.0572029959453114	3.15870697132121	0.049	0.337	1
"KIF26A"	0.057314353580534	-1.35915658810949	0.061	0.289	1
"SLC38A1"	0.0583247076818203	0.899485103516662	0.201	0.236	1
"PTTG1"	0.0591207297230704	0.655986298523283	0.073	0.114	1
"ZIC1"	0.0593498138709528	2.60010789372931	0.018	0.191	1
"AC244517.10"	0.0596947431027001	10.0643342736985	0.006	0.175	1
"BRINP1"	0.0600414898414031	3.23677084746335	0.091	0.378	1
"PTPRR"	0.0600414898414031	3.39424981745307	0.018	0.313	1
"AP001628.1"	0.0605062320451037	-8.0051601370476	0	0.301	1
"TET1"	0.0609741094983995	0.486433991478967	0.22	0.264	1
"ROBO1"	0.0613269216453002	-1.44552625812956	0.189	0.211	1
"LINC00609"	0.0614449007056509	-0.320695579449289	0.006	0.325	1
"RAB3IP"	0.0617999659086648	5.76035236580276	0.085	0.415	1
"ALPL"	0.0620376181979773	2.72058806490462	0.006	0.285	1
"IGFBP2"	0.0621567276298756	-0.740050039336922	0.256	0.317	1
"MIR210HG"	0.0623955141372362	11.3172495476168	0.067	0.122	1
"DGKI"	0.0626349903619628	4.36177963962107	0.018	0.244	1
"LRP3"	0.0642107016096827	3.75603450955218	0.018	0.15	1
"ZFPM2"	0.0664462487963497	3.28509968192323	0.006	0.118	1
"RIPOR2"	0.0669516460582776	-3.8949141118159	0.091	0.427	1
"AC064801.1"	0.0669516460582776	12.0317160274098	0.006	0.118	1
"TMEM45A"	0.0675878386733791	2.6085656458885	0.049	0.163	1
"SRI"	0.0677156721635425	2.15417937372816	0.463	0.39	1
"AL137077.2"	0.0682289124846196	4.62962943606292	0.006	0.228	1
"TSPYL2"	0.0683578263519334	-0.500918539510947	0.03	0.102	1
"AC010531.6"	0.0686160015305792	1.26115846657607	0.006	0.179	1
"MXRA8"	0.0720469300058123	-8.03998413127509	0.006	0.313	1
"RNF215"	0.0732668964341445	-4.48768723332374	0.012	0.142	1
"AP000251.1"	0.0735401749803554	-6.6617962882414	0.006	0.244	1
"GABRA2"	0.073814462567389	6.0300893322109	0.006	0.118	1
"CDH18"	0.0743653699407529	2.51976848309131	0.012	0.248	1
"RPS20P14"	0.0768860857602862	-9.39631853650487	0	0.163	1
"PLOD2"	0.0773130050578405	-0.713952751362075	0.073	0.138	1
"AC022031.2"	0.0777416854605823	12.1210525390154	0.006	0.15	1
"AC104041.1"	0.0784606615291123	-1.00367711291965	0.012	0.11	1
"CHD3"	0.0796221447252385	0.788238574620059	0.512	0.516	1
"GRPEL2-AS1"	0.0800611965381184	-9.83206941961332	0	0.272	1
"FBXO31"	0.0805023061159678	-11.4191953507841	0	0.138	1
"TTYH1"	0.0806498729115303	-0.802531116405575	0.055	0.11	1
"SLC2A1"	0.0809454802053188	-0.681866307978725	0.043	0.159	1
"ZBTB16"	0.0833421322568563	3.27900111539484	0.043	0.293	1
"KCTD8"	0.0845617417154181	-10.0523237033172	0	0.122	1
"TIAM2"	0.0853314578547821	-0.712801975156561	0.159	0.293	1
"CLASP1"	0.0857959424210041	2.37469831936362	0.238	0.321	1
"HSBP1L1"	0.0865746219055009	-8.07471359134759	0	0.122	1
"AC004917.1"	0.0883078084657772	4.26984856122398	0.024	0.211	1
"AL359710.1"	0.088625918471673	8.55340097624951	0.012	0.118	1
"AUTS2"	0.0902303469540317	9.15479212262812	0.14	0.142	1
"CRMP1"	0.0916942403338288	0.365297500150714	0.506	0.602	1
"MEST"	0.0928459691793729	1.41291581576231	0.091	0.22	1
"KCNQ1OT1"	0.0987798693982639	-8.99424972181095	0.006	0.13	1
"XPC"	0.100882591425453	1.7241782957207	0.073	0.146	1
"CSAD"	0.103741772016987	4.22555578223801	0.049	0.203	1
"CEP350"	0.103922580840252	0.252806878620986	0.299	0.28	1
"SLC16A3"	0.106664869203573	-1.33525982319295	0.073	0.163	1
"PCDHB2"	0.107591605487834	0.4739566972703	0.226	0.248	1
"PDGFRA"	0.110600064102915	0.335050188497701	0.018	0.118	1
"GOLGA6L10"	0.110790168013061	4.96061260615284	0.006	0.183	1
"CAPN14"	0.110790276728124	12.1046503379413	0.006	0.159	1
"ZNF433-AS1"	0.111553711493788	1.17837510038594	0.03	0.354	1
"DDIT4"	0.111745217313237	-0.353551341464852	0.183	0.211	1
"DPP10"	0.111745217313237	-5.39277696058895	0.037	0.224	1
"TNIP1"	0.113674570627999	-1.32761620063287	0.055	0.15	1
"HMGB3"	0.114453619091356	-7.01404567345613	0.47	0.431	1
"ZBTB18"	0.114649036270338	-0.565388940463226	0.189	0.167	1
"RCAN2"	0.114649036270338	9.29794913786063	0.012	0.228	1
"CD36"	0.114649036270338	12.0289387985883	0.006	0.183	1
"EPHA5"	0.11504065817974	-1.37081203735298	0.061	0.167	1
"EFNA5"	0.116815993033499	-5.42705374883861	0	0.24	1
"TMEM151B"	0.117213418850111	-10.4361292016075	0	0.126	1
"NRXN1"	0.118211627664461	2.59226869878871	0.189	0.167	1
"KITLG"	0.118211627664461	-2.20996050882122	0.152	0.419	1
"LCMT1-AS1"	0.11962019452212	5.81336028700116	0.012	0.167	1
"GAD2"	0.121655477265233	0.938177181072076	0.884	0.943	1
"ECEL1"	0.122065627990045	2.49683036306958	0.018	0.39	1
"MANEA-AS1"	0.122683165256646	-6.60739309197466	0.006	0.24	1
"MAP7D2"	0.124550080799037	4.06650563541007	0.024	0.146	1
"AL163051.1"	0.128136735272914	-11.5170618053996	0	0.11	1
"ACSM3"	0.128777949473716	-10.1502900170648	0	0.175	1
"PLCL1"	0.12942177093911	1.56621827928265	0.024	0.13	1
"AL158050.1"	0.132677726055235	1.79986908767629	0.006	0.159	1
"HIST2H2AC"	0.133336606397048	1.68955397562175	0.061	0.126	1
"AC091153.3"	0.133336606397048	11.9929812035838	0.006	0.126	1
"MDM2"	0.13421880557497	0.359239092659804	0.183	0.272	1
"DST"	0.134218890304291	-0.359644750533816	0.524	0.614	1
"AC109326.1"	0.13756758695181	-1.56631288082442	0.012	0.167	1
"LINC01801"	0.138245015838082	1.71324375049478	0.006	0.203	1
"HSPA1A"	0.139379893066615	0.877313256989824	0.049	0.211	1
"ZBTB20"	0.139379893066615	0.517723821726412	0.262	0.22	1
"CAB39L"	0.139607702533224	2.51399977137676	0.22	0.248	1
"EPB41L4A-AS1"	0.140980460927787	-2.65933162098239	0.067	0.118	1
"ARHGAP5"	0.142827202939603	-1.49753019877831	0.134	0.163	1
"BDNF"	0.143059208020471	11.8837261144055	0.006	0.329	1
"RAPGEF5"	0.14399073321017	5.52109068813435	0.043	0.15	1
"ZNF121"	0.144692209174324	1.22061312179823	0.049	0.22	1
"AC007405.1"	0.14492677887998	-11.003750860798	0	0.203	1
"HMGB1"	0.148239673327997	-0.789256339073775	0.506	0.573	1
"FTH1"	0.148717628915677	0.424582259742553	0.64	0.589	1
"AC051619.5"	0.149677068894442	12.1305437846286	0.012	0.114	1
"ATP2B1"	0.150158556286339	-1.11653027455513	0.122	0.191	1
"ZNF20"	0.150399742487797	-9.10535141998599	0	0.142	1
"DLX6-AS1"	0.151125073353568	0.403118309649823	0.799	0.939	1
"IL20RB"	0.151367441683505	11.1874320362458	0.012	0.22	1
"DYNC1I1"	0.153562098767221	-0.974370148732046	0.073	0.285	1
"UBB"	0.153807435400295	1.23125566824734	0.317	0.309	1
"OSBPL10"	0.154545233102003	-3.89260507877383	0.012	0.191	1
"AC092691.1"	0.154791636505384	-1.13337988166175	0.012	0.207	1
"TOX3"	0.155780866271162	4.05709349573687	0.72	0.683	1
"TAF1D"	0.156277213416265	-0.288096680919348	0.091	0.224	1
"RPLP1"	0.161306850820645	0.396170828722911	0.463	0.37	1
"FP325335.1"	0.163095808832747	-8.2895419794588	0	0.333	1
"AL731569.1"	0.169342887758493	1.57301103701756	0.006	0.305	1
"PROX1"	0.169607159649234	4.06418301460931	0.244	0.496	1
"WNT7A"	0.171198502226257	1.34137682941717	0.085	0.346	1
"DCLK2"	0.172265591456287	1.7670122696663	0.768	0.837	1
"UBE2F-SCLY"	0.172800998351776	5.81731427239254	0.006	0.232	1
"GRID2"	0.173606309223686	0.348623669454989	0.012	0.118	1
"AL121658.1"	0.175225602898376	12.1697217603107	0.006	0.11	1
"KEL"	0.176311507850724	12.1173631730285	0.006	0.207	1
"SEPT5"	0.177949409262023	2.28065942548039	0.018	0.472	1
"HMGCR"	0.178772822584816	-1.98581008741586	0.122	0.171	1
"ERBB4"	0.180982035061024	10.7009895912479	0.079	0.134	1
"PODNL1"	0.180982035061024	1.29242695037216	0.018	0.118	1
"SMARCD3"	0.182094213049749	-3.14751232001178	0.11	0.122	1
"JUN"	0.182373047987397	-1.19855461220733	0.268	0.272	1
"SNTG1"	0.182931667493052	0.775859022507762	0.262	0.374	1
"H1F0"	0.18321145237474	-0.792270693532698	0.14	0.333	1
"HSPA5"	0.184896823305523	-0.64835633426221	0.25	0.159	1
"CHRNA7"	0.186026759728183	12.1641954447413	0.006	0.106	1
"GADD45A"	0.188301930809212	2.05143183358476	0.055	0.163	1
"AC010729.1"	0.188873783083362	-11.4614357689585	0	0.175	1
"AC099522.2"	0.190021598416759	1.49844498576244	0.006	0.268	1
"ZNF267"	0.190597429260604	1.85327457894635	0.018	0.167	1
"ETV2"	0.19088582599919	0.933611611311995	0.018	0.199	1
"SQLE"	0.190885961180797	-1.44235936606289	0.201	0.252	1
"MEIOC"	0.197312182919162	13.1427746603154	0.012	0.159	1
"SCGN"	0.199389730103484	1.24077475668279	0.793	0.874	1
"CDCA7"	0.199986240177276	-4.47922196871935	0.354	0.476	1
"KDM5B"	0.201783587543034	0.60392627047976	0.427	0.346	1
"GLCCI1"	0.202385312722808	2.37056954877873	0.366	0.537	1
"C7orf61"	0.203592683732401	12.0204077855371	0.006	0.211	1
"ACAT2"	0.203895344078351	0.551384289221882	0.171	0.142	1
"CENPW"	0.205109121848844	-2.70732921863056	0.043	0.126	1
"TBC1D32"	0.206023138615422	-2.2599295317884	0.037	0.248	1
"AC004076.2"	0.206328282913064	1.59529680124142	0.006	0.268	1
"AL358075.2"	0.206939971524441	-1.45835456645941	0.012	0.175	1
"AC011477.3"	0.208167016930711	-10.8524075523972	0	0.146	1
"MSRA"	0.211568572269892	0.276915040623427	0.116	0.28	1
"ATOH7"	0.213127946332456	1.29674467963215	0.006	0.159	1
"IGFBPL1"	0.214067544111896	-0.506203650224481	0.098	0.102	1
"HAS2-AS1"	0.214067544111896	-10.8505185430419	0.012	0.187	1
"CAMK2N1"	0.218491843539777	0.967428862448979	0.61	0.533	1
"AC145138.1"	0.218810360491809	1.31919357150004	0.006	0.171	1
"AC008443.1"	0.220087763267778	-3.10252271035416	0	0.134	1
"AC005329.1"	0.223951909473335	-10.1200007087687	0	0.159	1
"PPIB"	0.224276250800361	0.465840794937782	0.293	0.301	1
"PSD3"	0.226555047727606	-1.77505794063409	0.061	0.114	1
"KLHL35"	0.22720915589505	1.8640665641167	0.128	0.236	1
"PTMS"	0.22720915589505	0.287223276411835	0.598	0.679	1
"LINC02133"	0.229839050265264	-8.50649477363448	0	0.289	1
"AC009065.4"	0.230830679158049	12.1105724845601	0.006	0.154	1
"SYT1"	0.233156770838571	0.904123609070179	0.293	0.301	1
"STK32A"	0.234158677621592	8.36243456046146	0.006	0.167	1
"FBXO48"	0.239213965660597	3.00263188230418	0.012	0.293	1
"CEL"	0.240574948586558	12.1277210895884	0.006	0.175	1
"SLC16A1-AS1"	0.240916044992218	-5.23820583888013	0.012	0.114	1
"ID4"	0.241257481853889	-0.537406393107188	0.482	0.427	1
"MEIS2"	0.241941377314746	-1.05805933657404	0.146	0.171	1
"AL590004.4"	0.242283836097672	-6.99160670581733	0	0.236	1
"AC087633.2"	0.242283836097672	-9.93639299972563	0	0.175	1
"ADAM19"	0.24331325775043	4.06119961360266	0.024	0.37	1
"INA"	0.244345749254587	0.823438942247209	0.329	0.333	1
"AC106799.2"	0.244690595695937	-9.89262534622708	0.14	0.065	1
"LINC00639"	0.245381313019801	3.44945751256029	0.024	0.313	1
"LINC01102"	0.245381313019801	-1.72070739742181	0.073	0.118	1
"MYO1D"	0.247114086315686	-7.55581008032709	0.006	0.179	1
"CACNA2D1"	0.247809589442804	2.7597898685163	0.049	0.134	1
"H2AFZ"	0.248506461483832	-0.431459125513546	0.262	0.289	1
"AC090241.2"	0.251307652148991	2.31927102468294	0.018	0.362	1
"ZC2HC1A"	0.251307652148991	0.456792309486943	0.366	0.386	1
"GAS2L3"	0.254840019843145	6.5151214467344	0.177	0.244	1
"PLK2"	0.255550616944227	-1.48628384787757	0.335	0.366	1
"SMC4"	0.256975939597871	-5.6464994823871	0.159	0.207	1
"TAGLN3"	0.258048546326029	-0.50711536464894	0.39	0.467	1
"NTRK3-AS1"	0.264185127272134	-10.1003666326039	0	0.187	1
"DLG2"	0.264185272809448	1.31270000338219	0.049	0.118	1
"OSBPL7"	0.264185272809448	3.2241039743108	0.012	0.256	1
"AL118516.1"	0.264549364561615	-4.00045654138298	0.037	0.138	1
"RAB11B-AS1"	0.267841756115333	-6.93997608118512	0.067	0.24	1
"MIR7-3HG"	0.27005226448089	7.56311872403131	0.043	0.39	1
"USHBP1"	0.272646818405408	5.55658781977361	0.006	0.146	1
"AC243585.2"	0.273391430001564	-9.47557401044276	0	0.142	1
"ZC3H12B"	0.27826432221628	-7.99747162068283	0	0.122	1
"PTMA"	0.281292234821356	-0.432008546352626	0.372	0.407	1
"MAN1C1"	0.28319584811951	9.46004465870218	0.006	0.15	1
"PTPRD"	0.283195994806646	-1.64626005482152	0.171	0.211	1
"KIRREL3"	0.287414933312835	4.3777117599891	0.067	0.207	1
"NALCN-AS1"	0.289346436034759	12.1005455561778	0.006	0.163	1
"AL078639.1"	0.29401814928837	0.260575040272712	0.152	0.187	1
"LINC00535"	0.294801633749815	0.601691467863748	0.037	0.431	1
"C3orf14"	0.297554838379213	1.61560868383755	0.104	0.159	1
"MT-RNR1"	0.29953190147875	2.53708836147392	0.573	0.61	1
"DLX6"	0.307931074819992	0.820791811180955	0.177	0.467	1
"AC009812.1"	0.309548270736227	-11.3479311123783	0	0.15	1
"BNIP3L"	0.312799912004538	0.381381486675739	0.329	0.321	1
"CALM1"	0.315253240517787	1.23171022753992	0.189	0.215	1
"NRXN3"	0.315663354366624	4.35433869462768	0.28	0.427	1
"LINC00624"	0.320197721749728	4.47096860627675	0.024	0.317	1
"SLC8A1"	0.321441722080671	-0.823351443584121	0.055	0.159	1
"NDUFA4L2"	0.32519263342622	-8.84008209360798	0.018	0.106	1
"NR2F1-AS1"	0.327708997517064	-0.979863010826439	0.061	0.114	1
"KIF4A"	0.332355060916629	-2.37275685843733	0.024	0.122	1
"TPI1"	0.332779530048025	1.49200051945893	0.262	0.285	1
"CNTN5"	0.332779530048025	8.11133396697754	0.006	0.293	1
"TNFRSF10D"	0.332779530048025	13.6477329524804	0.067	0.309	1
"JPT1"	0.332779530048025	0.338763620639813	0.402	0.337	1
"AKAP9"	0.333204349058938	0.424081043262301	0.28	0.293	1
"AC005363.2"	0.334055036641595	-11.9098487188941	0.018	0.301	1
"WNT2B"	0.336187729837217	1.11303970792233	0.006	0.285	1
"PRDX1"	0.337471778036765	0.40395054739107	0.207	0.171	1
"EPAS1"	0.340479783080123	-10.9323591058111	0.293	0.35	1
"PFN2"	0.342638842187254	-0.953483030177817	0.293	0.447	1
"LINC00645"	0.343938322498864	-8.87403024464463	0	0.146	1
"SERINC5"	0.345676194711013	2.0445005259221	0.36	0.459	1
"SORCS3"	0.347419505034495	9.31199755059943	0.018	0.301	1
"TFDP2"	0.349606493520617	0.413770433910432	0.165	0.252	1
"FRMPD3"	0.353564893009032	0.270258471294307	0.006	0.183	1
"C11orf42"	0.354006473853871	12.1182813884215	0.006	0.191	1
"STMN1"	0.356219748406117	0.367005024908563	0.622	0.654	1
"KCNAB1"	0.363809436668521	-5.74049116345516	0.006	0.224	1
"AL117348.2"	0.369681030700235	12.1358716920019	0.006	0.163	1
"MMP2"	0.375152926160482	6.90057812626483	0.061	0.407	1
"DNAJB9"	0.380212550068205	1.05971915921775	0.11	0.167	1
"SQSTM1"	0.380674440941574	-0.480308425448046	0.098	0.126	1
"ZNRF2"	0.381136821681257	7.53280650782617	0.006	0.215	1
"TUBB2A"	0.381136966778226	-0.400248475750827	0.53	0.541	1
"MYH11"	0.387179247906551	-11.1480591738668	0	0.138	1
"IFI16"	0.389518672583108	1.54701346378238	0.012	0.354	1
"ROBO2"	0.390456844988134	0.442796222633437	0.555	0.541	1
"ITGB8"	0.396114662166959	-1.14337347015467	0.177	0.154	1
"EZR"	0.397062421911426	1.19989508879175	0.232	0.244	1
"SCRT2"	0.399437798455924	12.1828458955226	0.006	0.13	1
"ZNF81"	0.399913774556825	-8.56734800890406	0.03	0.211	1
"SMOC1"	0.399913897638225	-0.416929253220927	0.732	0.776	1
"ZNF883.1"	0.403256013056126	12.0976821794699	0.006	0.183	1
"PRKG1"	0.403734817429939	1.02801581403897	0.018	0.114	1
"AES"	0.416791483441963	-0.463853505362267	0.683	0.654	1
"AC027807.1"	0.417279651313382	10.7364920255561	0.006	0.167	1
"LINC01122"	0.417768440095051	2.95721151331326	0.055	0.134	1
"MAGI1"	0.420707393024844	3.66846496879546	0.22	0.285	1
"EAF1-AS1"	0.423165767470829	-10.0605075445597	0.018	0.146	1
"TMEM2"	0.424644820143478	3.42849196625626	0.256	0.577	1
"FAM47E"	0.429596763631112	12.004811133243	0.006	0.118	1
"PRKCA"	0.431088863285026	1.5258262635183	0.25	0.386	1
"AL353194.1"	0.431586776656765	1.89810106901776	0.006	0.15	1
"H1FX"	0.43158689694817	1.57976972208381	0.652	0.671	1
"FTL"	0.437589260636039	0.847903577194416	0.53	0.561	1
"FN1"	0.438091477077697	3.68087081175258	0.006	0.159	1
"PPM1F"	0.441112708904197	2.70254350619948	0.018	0.268	1
"CD24"	0.444652356987312	0.690129183705336	0.506	0.451	1
"AC005562.1"	0.447699195702394	2.12342724838853	0.006	0.114	1
"SCRG1"	0.450757865112949	1.53376863045763	0.11	0.195	1
"HIST1H1C"	0.451780044761392	-3.63144800435394	0.201	0.191	1
"GRIA4"	0.454341219963623	1.82727328492164	0.061	0.333	1
"AC012636.1"	0.454854435323098	2.03252821628354	0.006	0.293	1
"NREP"	0.455881845054669	0.46644770983837	0.53	0.565	1
"TFRC"	0.459488041373949	0.369102334869421	0.104	0.134	1
"COL1A2"	0.462073645999775	2.90208506135984	0.03	0.175	1
"DLX2"	0.465187062912978	2.29012009227393	0.738	0.858	1
"C1orf61"	0.465707097238707	-0.511777923854435	0.732	0.732	1
"GPR75-ASB3"	0.468311952734802	3.83082365362118	0.012	0.236	1
"AC025580.2"	0.480927653952092	12.1101752534955	0.006	0.175	1
"AC099792.1"	0.481457332063037	-1.80339381301562	0.128	0.459	1
"GRIK4"	0.489439856866353	-7.44999969680244	0	0.179	1
"ETV1"	0.489974681936301	2.14807429778113	0.287	0.378	1
"ZEB2"	0.496415436860202	0.405952000907683	0.579	0.654	1
"CEBPG"	0.498572345252046	0.313769225256936	0.152	0.163	1
"HES6"	0.504529442735815	-0.920018092313329	0.256	0.317	1
"CCDC88A"	0.505072851964216	1.04161095086455	0.701	0.715	1
"DPP10-AS1"	0.508339642896742	2.28250268522307	0.012	0.285	1
"TMEM52"	0.512165138978161	10.6346381898907	0.006	0.102	1
"FAM212B-AS1"	0.513260852212918	2.63614399655534	0.018	0.272	1
"PHLDA1"	0.514906708010689	1.29225335440591	0.348	0.366	1
"RIMS1"	0.519860676506614	5.69853270544353	0.024	0.179	1
"AL035401.1"	0.52262346562044	12.0387240294499	0.024	0.118	1
"AC245297.1"	0.523730689394938	3.91838959015868	0.152	0.386	1
"TIGD3"	0.526503876546058	0.391252908915523	0.024	0.313	1
"PTCH2"	0.527615424256395	0.386411303762314	0.012	0.24	1
"AL031963.3"	0.535988921469753	-1.06799317484194	0.018	0.285	1
"DBI"	0.537671763969722	-0.419245885589134	0.244	0.207	1
"AC008840.1"	0.543299794845902	-8.10268770797309	0	0.146	1
"CHD7"	0.543864342083874	5.23642529252794	0.488	0.488	1
"HMGN2"	0.54555936335747	-0.412471939976428	0.78	0.711	1
"RGN"	0.551796775134884	4.18534813255252	0.024	0.276	1
"SEC11C"	0.552365544988849	0.695465619134034	0.317	0.313	1
"R3HDM1"	0.554643497631875	0.610087959058317	0.152	0.154	1
"RGS16"	0.558069016783128	7.78835563179439	0.037	0.252	1
"SEL1L"	0.568406757154663	0.483419653854135	0.073	0.11	1
"KLHDC8A"	0.578835421650547	2.686027743027	0.396	0.524	1
"PRPH"	0.580582213193453	3.44257018104026	0.024	0.419	1
"TMSB15A"	0.580582213193453	1.18510645860235	0.616	0.61	1
"CNKSR2"	0.585252353276163	1.12985202197435	0.043	0.134	1
"LINC01158"	0.588180024914481	-1.81220648446477	0.445	0.443	1
"AL049780.2"	0.591114334227961	-11.0459481720041	0	0.126	1
"MIAT"	0.59111444728403	-0.430651987788899	0.043	0.142	1
"CHL1"	0.591702138538551	1.34261484268109	0.384	0.362	1
"TCF4"	0.592290098014734	0.524659988176035	0.762	0.74	1
"MCHR1"	0.592290098014734	9.05929803359969	0.11	0.041	1
"STAG3L4"	0.60469866445471	-5.44481550147134	0.006	0.163	1
"DLX5"	0.605886490955382	1.17050635297606	0.835	0.911	1
"DPF3"	0.607075360649409	-6.99870125884957	0	0.191	1
"NTRK2"	0.611244583148079	0.87763889677298	0.073	0.159	1
"DCX"	0.625634331054832	-0.766885068506121	0.787	0.809	1
"BTG2"	0.640168127205096	-5.42969024779867	0.165	0.24	1
"MT-ND1"	0.64382353943977	-0.357505761778786	0.421	0.467	1
"PFN4"	0.645043832487822	12.1271871278203	0.006	0.15	1
"FGF9"	0.645043933206341	-0.981878737210309	0.128	0.35	1
"PCDHB9"	0.654841295973343	2.53909894682511	0.012	0.183	1
"AC010320.2"	0.655455547536366	2.82526744096607	0.006	0.195	1
"STMN2"	0.657915303424579	0.289971301424194	0.402	0.415	1
"PEA15"	0.659762492433353	-1.42051458171676	0.177	0.179	1
"GARS"	0.659762492433353	-0.531456617965271	0.146	0.211	1
"HAT1"	0.662228570701648	-2.2360692492407	0.201	0.199	1
"HHIP"	0.66346309044559	2.04527774210989	0.012	0.118	1
"SDK1"	0.667171916769011	1.7863095688766	0.006	0.175	1
"LINC02327"	0.668410007165355	2.09489000640566	0.018	0.35	1
"KCNIP4"	0.669649000172341	8.31996648842801	0.012	0.199	1
"GNG2"	0.670268834239102	-1.24373942226442	0.415	0.394	1
"TTC28"	0.672750412357127	-0.393680289325529	0.128	0.126	1
"VIP"	0.677101748376405	3.01406620514536	0.03	0.321	1
"GPR153"	0.680840068649078	-4.71268670937679	0.018	0.329	1
"RPS19"	0.680840068649078	1.3731458246662	0.622	0.618	1
"NTN4"	0.681463888061156	-2.65466048963696	0.006	0.35	1
"HMGB2"	0.682087925340745	-1.19812913709506	0.159	0.167	1
"MCUB"	0.683961340625499	-2.3892463345637	0.256	0.289	1
"CLSPN"	0.690220064375511	0.963778038159797	0.012	0.114	1
"LINC01818"	0.692729527063565	1.94912339281076	0.012	0.451	1
"LINC00393"	0.695242290738478	3.61970851861335	0.006	0.146	1
"ARX"	0.70469516531554	3.54322324384086	0.634	0.752	1
"TUBB2B"	0.70532699587502	-0.428533134265055	0.567	0.61	1
"MT2A"	0.711656417234247	1.67381885829809	0.104	0.098	1
"HRK"	0.712924706268914	7.42865358523868	0.018	0.183	1
"IGFBP5"	0.717369951349795	-7.03392790236185	0.073	0.154	1
"KLHL22"	0.718641789215325	0.93557839039037	0.018	0.224	1
"TMEM123"	0.719914406926477	0.352928728034168	0.622	0.687	1
"HIST1H2AC"	0.720551007221892	-4.00605484366121	0.024	0.199	1
"PRKX"	0.720551007221892	-0.671271625481386	0.366	0.37	1
"LINGO2"	0.723099341960119	7.14023798871115	0.018	0.13	1
"AK4"	0.723099341960119	-1.73064403950443	0.037	0.138	1
"NFIA"	0.725012611969234	1.64253076735391	0.799	0.736	1
"AC025887.2"	0.730123036740193	12.1639198896231	0.037	0.122	1
"DNAJB1"	0.730123036740193	0.312799390463412	0.104	0.098	1
"BNIP3"	0.731402527929228	-3.39132738002646	0.195	0.224	1
"AL133216.2"	0.732042554032069	-10.170340711244	0	0.293	1
"CDC42EP3"	0.732682766595592	1.43118021894611	0.079	0.106	1
"PSMA1"	0.746813710858929	-10.2830460473459	0	0.175	1
"DDX21"	0.75068268683666	3.14752503215093	0.116	0.114	1
"HK1"	0.752619592613787	-0.795219844014127	0.116	0.13	1
"TMPO"	0.753265553808975	-1.32288280057844	0.415	0.394	1
"ARAP3"	0.753911687762646	-10.8893114612234	0.012	0.211	1
"CACNA1A"	0.759734597805817	-1.42264727335531	0.012	0.114	1
"AC012409.2"	0.761678616570584	2.9688009738736	0.006	0.272	1
"ZSCAN23"	0.764272981105626	0.501576390279821	0.006	0.11	1
"VCAN"	0.765571158343619	-0.502172483290296	0.354	0.256	1
"LMNA"	0.768819417324574	-1.05790575038591	0.067	0.179	1
"AC087286.2"	0.770119943849061	-10.852765927767	0	0.114	1
"NNAT"	0.772722816331296	5.45349512056914	0.488	0.423	1
"GNG5"	0.777283984911753	-0.518686925954116	0.378	0.329	1
"PDIA6"	0.77793621160125	-0.542503729063184	0.268	0.244	1
"HAS2"	0.781852842863229	-10.5121857866463	0.006	0.114	1
"LINC00487"	0.794947757329387	3.26406413073631	0.061	0.301	1
"TMSB4X"	0.796917086223673	1.98830954783526	0.652	0.642	1
"INSM1"	0.796917086223673	-3.60504579515198	0.482	0.455	1
"TRIM67"	0.801517197694957	-2.41988740454913	0.085	0.15	1
"PRR34"	0.807441731451108	-7.69022670121546	0.171	0.154	1
"MTUS2"	0.810078429015874	6.97705692317821	0.006	0.159	1
"TMEM161B-AS1"	0.810078429015874	-0.382869130160882	0.677	0.598	1
"FGF13"	0.812057369380912	0.643745062440997	0.03	0.126	1
"HERPUD1"	0.822631708015754	0.915875667463409	0.085	0.13	1
"PKD2L2"	0.825280414335106	-11.1338773720215	0.006	0.102	1
"DEK"	0.826605515743485	-3.10029309028812	0.457	0.423	1
"BSN"	0.82726825191349	0.492180538371871	0.024	0.305	1
"KCNH8"	0.830583769145892	-3.6167833715884	0.098	0.309	1
"AC090825.1"	0.831247236666465	-5.18828229988685	0.006	0.179	1
"WFDC3"	0.833902255183623	-8.12828805937623	0	0.114	1
"APOLD1"	0.834566369435488	-5.39434631857277	0.012	0.122	1
"NPB"	0.836559268700207	-6.61426304612322	0.03	0.11	1
"ZFP37"	0.837223802296929	-7.53594146823783	0.006	0.11	1
"CCDC62"	0.845207133472222	-6.80741077489275	0	0.272	1
"RTN1"	0.847205486183977	0.385757205094633	0.274	0.187	1
"SRRM3"	0.851205127893274	-2.6117329064272	0.055	0.224	1
"CYTH1"	0.8552086009222	-0.571494380270325	0.091	0.187	1
"ST7-AS1"	0.867910361131235	-4.81287494607895	0.018	0.256	1
"AGBL3"	0.873268934581326	-2.24273638705952	0.006	0.183	1
"TROAP"	0.875950401894033	1.34401701296134	0.024	0.106	1
"AL672277.1"	0.878633257280415	-10.537643060055	0	0.236	1
"SHBG"	0.890723125622869	-10.0640964415327	0	0.22	1
"H2AFV"	0.891395555178966	-1.25191609192891	0.573	0.488	1
"NAA16"	0.892068062845218	1.1715547655758	0.091	0.163	1
"SCGB2B2"	0.90014407339153	-3.90142729644507	0.006	0.15	1
"KLHL29"	0.900817522896443	-7.6620794177478	0	0.146	1
"CELF2"	0.90149110393836	0.383173289467672	0.36	0.382	1
"GADD45G"	0.902838418196421	1.53729019435001	0.646	0.573	1
"ASAP3"	0.911602583995615	3.35993118124579	0.018	0.187	1
"SOX2-OT"	0.915651318378089	-4.37895956378477	0.53	0.589	1
"AL390726.6"	0.917001379237686	-7.19148360825419	0.006	0.175	1
"MAP1B"	0.919702215280106	1.14706649075003	0.451	0.419	1
"BEST3"	0.919702215280106	2.22971226973505	0.11	0.236	1
"SMARCA5-AS1"	0.931866973467396	2.67850647246656	0.012	0.346	1
"BBC3"	0.933896086642911	-2.27396979631357	0.073	0.154	1
"LINC01876"	0.948788338819331	12.1324328462565	0.006	0.118	1
"KCNH7"	0.950143163226981	4.82619694967152	0.079	0.146	1
"RPS27L"	0.950820621935444	1.0761672456586	0.512	0.492	1
"CATSPERG"	0.950820621935444	0.82512815565618	0.012	0.24	1
"SHTN1"	0.953530807345852	2.11459822932059	0.372	0.362	1
"DLGAP3"	0.954886089825149	-2.05498612672946	0.006	0.167	1
"AL160313.1"	0.958274906275874	-10.8600238315103	0	0.13	1
"SH3BGRL3"	0.960308553848334	3.03019981773931	0.829	0.841	1
"EYS"	0.960308553848334	2.53190060573796	0.006	0.22	1
"LINC01305"	0.960986494427188	4.28267883041214	0.006	0.37	1
"LINC01252"	0.975907457325701	-9.17734000559453	0.006	0.118	1
"ZMAT4"	0.977942904179946	4.37808359592148	0.018	0.313	1
"GMFG"	0.98201421004472	12.0002872279665	0.006	0.122	1
"OLFM1"	0.986085995374983	0.335198388912907	0.14	0.179	1
"AC078923.1"	0.986085995374983	4.65548982030413	0.006	0.114	1
"TSHR"	0.989479423430795	0.977588029634543	0.012	0.317	1
"C1QTNF3-AMACR"	0.989479426636214	1.51503189288378	0.006	0.232	1
"EGFR"	0.99015813769275	-2.4032774745325	0.085	0.102	1
"SYNE2"	0.998303085435232	-0.971365094136651	0.36	0.427	1
"BTG1"	1	0.64044322658178	0.567	0.541	1
