"p_val"	"avg_log2FC"	"pct.1"	"pct.2"	"p_val_adj"
"AC021086.1"	1.45572735259939e-09	-0.254299086975213	0.08	0.833	4.36718205779818e-06
"MAN1C1"	1.59427213562436e-09	0.446968741716351	0.04	0.972	4.78281640687308e-06
"AL160314.2"	2.99493141106814e-09	2.63943623127297	0.04	0.889	8.98479423320443e-06
"AL117348.2"	3.91177026681812e-09	6.33016171915184	0.04	0.917	1.17353108004544e-05
"AC244230.2"	3.91177026681812e-09	13.2649475898545	0.04	0.944	1.17353108004544e-05
"AC099791.2"	4.27418502211604e-09	13.3034751944809	0.04	0.944	1.28225550663481e-05
"IL1RAPL2"	1.32681148008479e-08	-5.66786946405976	0	0.778	3.98043444025438e-05
"LINC00624"	1.44549013942871e-08	14.0162711982279	0.08	0.944	4.33647041828613e-05
"DUSP5"	1.57445452548233e-08	6.36036268821246	0.04	0.889	4.72336357644699e-05
"LINC00271"	1.57445452548233e-08	-13.6798903682752	0	0.778	4.72336357644699e-05
"C9orf147"	1.71456595475521e-08	13.2690969396648	0.04	0.917	5.14369786426562e-05
"TESC"	2.21052744613791e-08	-1.27944727889533	0.08	1	6.63158233841374e-05
"AC097634.3"	2.21146997605661e-08	14.0906293742364	0.04	0.917	6.63440992816982e-05
"CCDC62"	2.40625460697356e-08	7.52910813080863	0.04	0.889	7.21876382092067e-05
"AL356488.3"	2.84701711749782e-08	3.26283560963157	0.08	1	8.54105135249346e-05
"CLTCL1"	3.36569873437587e-08	6.33168540229793	0.08	0.972	0.000100970962031276
"PCSK5"	3.97554940257413e-08	8.21035689063144	0.08	0.944	0.000119266482077224
"PRX"	4.69197747045956e-08	14.0823384392448	0.04	0.889	0.000140759324113787
"ZNF630"	5.0956448056421e-08	4.12633612614505	0.04	0.917	0.000152869344169263
"PRRT4"	6.00638771650806e-08	9.26865184325806	0.04	0.861	0.000180191631495242
"DIO2"	7.07399367195414e-08	-0.687405517870256	0	0.806	0.000212219810158624
"STAM-AS1"	9.02737287453307e-08	-0.635783818638704	0	0.833	0.000270821186235992
"LINC00467"	1.149852427394e-07	3.26483650715074	0.12	0.083	0.000344955728218199
"CALN1"	1.24591307420196e-07	2.52821799184103	0.04	0.722	0.000373773922260587
"PINLYP"	1.24591307420196e-07	13.5772196026227	0.08	0.861	0.000373773922260587
"CDH18"	1.34971714857264e-07	7.16978181896995	0.04	0.861	0.000404915144571791
"AL158050.1"	1.46186472657481e-07	8.42956893866083	0.08	0.944	0.000438559417972443
"AL110118.2"	2.00751650212399e-07	2.2251064314037	0.04	0.583	0.000602254950637197
"AC125613.1"	2.17205459794936e-07	-1.3135061494475	0	0.306	0.000651616379384809
"VAX1"	2.97038072547315e-07	6.69552800132004	0.08	0.889	0.000891114217641946
"GALNTL6"	2.97038072547315e-07	3.88177116798698	0.08	0.889	0.000891114217641946
"AC011444.1"	3.46928482936146e-07	-2.69232559581606	0.04	0.806	0.00104078544880844
"AL163051.1"	3.74816078589237e-07	5.04700945996772	0.04	0.861	0.00112444823576771
"AC078778.2"	4.37223470830951e-07	9.06577631385282	0.04	0.806	0.00131167041249285
"CLU"	5.49988267272488e-07	1.87464028079107	1	0.972	0.00164996480181746
"UNC5C"	5.49988267272488e-07	1.2107436356856	0.04	0.556	0.00164996480181746
"SLC16A1-AS1"	5.49988267272488e-07	8.39573854595844	0.08	0.778	0.00164996480181746
"AC005498.2"	5.49988267272488e-07	8.21003687714832	0.12	1	0.00164996480181746
"SEMA3D"	5.49988267272488e-07	14.4102034792579	0.04	0.889	0.00164996480181746
"TLL2"	7.44655139589939e-07	14.001831500912	0.04	0.861	0.00223396541876982
"AC104109.2"	8.02841599568343e-07	13.3466432471613	0.04	0.778	0.00240852479870503
"AL358790.1"	8.65394773372357e-07	13.3380062567474	0.04	0.833	0.00259618432011707
"FGD6"	1.00487560376028e-06	-1.06954551351906	0.08	0.528	0.00301462681128083
"DPY19L2P3"	1.08249517176208e-06	12.5771237581517	0.08	0.917	0.00324748551528625
"KCNQ4"	1.16586810001421e-06	13.3359165608258	0.08	0.944	0.00349760430004262
"LINC00535"	1.25540158600643e-06	1.84933365331819	0.04	0.444	0.00376620475801929
"VTRNA1-1"	1.35153016844314e-06	14.0956552445534	0.08	0.806	0.00405459050532942
"CACNB2"	1.56545794374943e-06	6.15148067770685	0.12	0.889	0.00469637383124829
"NR2F2-AS1"	1.68427897021765e-06	2.91240822399863	0.08	0.75	0.00505283691065296
"SPINK5"	1.68427897021765e-06	4.82432622270947	0.12	0.806	0.00505283691065296
"PLAC9"	1.68427897021765e-06	7.59155692570787	0.04	0.639	0.00505283691065296
"MGAM"	1.94844850749897e-06	13.312005574584	0.04	0.806	0.0058453455224969
"AC035140.1"	1.94844850749897e-06	14.0285312445279	0.04	0.778	0.0058453455224969
"GEM"	1.94844850749897e-06	-7.25414644110607	0	0.139	0.0058453455224969
"CRTAC1"	2.09503484929329e-06	5.38272084200456	0.04	0.75	0.00628510454787986
"AC105285.1"	2.25218209938109e-06	-0.342714218343131	0	0.694	0.00675654629814326
"ZCWPW1"	2.25218209938109e-06	7.25287281498306	0.08	0.833	0.00675654629814326
"AC022400.8"	2.6011049056446e-06	9.7682466386995	0.08	0.111	0.00780331471693381
"TPI1P2"	3.22340097780955e-06	8.54489243928612	0.04	0.778	0.00967020293342865
"AC245297.1"	3.46087995232237e-06	-0.964000579245735	0.12	0.111	0.0103826398569671
"AL691403.1"	3.46087995232237e-06	-2.35519752441305	0.08	0.806	0.0103826398569671
"GAS5-AS1"	3.46087995232237e-06	2.64226593176183	0.04	0.861	0.0103826398569671
"DLC1"	3.71508529791762e-06	-6.39463729124908	0.12	0.361	0.0111452558937529
"IGSF21"	3.98713659321114e-06	-4.49230997257431	0	0.111	0.0119614097796334
"B4GALT4-AS1"	4.58961277237855e-06	13.3244773870336	0.04	0.778	0.0137688383171356
"AC231981.1"	4.92264693470055e-06	4.60999807502701	0.04	0.778	0.0147679408041017
"MOXD1"	6.06635111154654e-06	-0.819199214295831	0	0.167	0.0181990533346396
"AC133552.1"	6.50116015857182e-06	13.324638932833	0.04	0.778	0.0195034804757155
"PLEKHH2"	6.9656941850689e-06	0.670809505732527	0.08	0.528	0.0208970825552067
"ARL4A"	7.46187857271799e-06	-6.75588894971201	0.12	0.861	0.022385635718154
"AL359881.1"	7.99175581127889e-06	8.57064499451317	0.04	0.778	0.0239752674338367
"CFAP47"	8.5574921018291e-06	9.82947765534834	0.04	0.75	0.0256724763054873
"ISPD"	8.5574921018291e-06	8.2975015187875	0.08	0.806	0.0256724763054873
"PRRX1"	8.5574921018291e-06	4.56269524711166	0.08	0.611	0.0256724763054873
"AC013472.2"	9.16138429838261e-06	13.3396876572652	0.04	0.806	0.0274841528951478
"SULT2B1"	9.16138429838261e-06	13.3247432975873	0.04	0.778	0.0274841528951478
"TMEM63C"	9.16138429838261e-06	0.849928146613806	0.04	0.778	0.0274841528951478
"RELN"	1.12270804599886e-05	6.3601575464528	0.04	0.778	0.0336812413799659
"AC124854.1"	1.20062537061532e-05	3.75852765482131	0.12	0.917	0.0360187611184597
"AC119674.2"	1.20094410844062e-05	4.41250640613923	0.04	0.75	0.0360283232532186
"SCG5"	1.37330155548591e-05	11.4419010053726	0.08	0.778	0.0411990466645773
"IL1RAPL1"	1.46809144398989e-05	1.03838517936269	0.08	0.278	0.0440427433196967
"ADGB"	1.46809144398989e-05	13.7538492852461	0.08	0.75	0.0440427433196967
"GRIK1"	1.79133780413492e-05	13.426120564676	0.16	0.944	0.0537401341240477
"AC124944.3"	1.91340374969177e-05	-0.959461452845841	0.04	0.778	0.0574021124907531
"AC244517.1"	1.91340374969177e-05	8.00030854924123	0.04	0.778	0.0574021124907531
"LINC01497"	2.04336657946207e-05	13.3345607943656	0.04	0.778	0.0613009973838622
"AC087564.1"	2.18170741785004e-05	2.62154470374598	0.04	0.556	0.0654512225355013
"ZC3H12B"	2.18170741785004e-05	1.42572853598748	0.08	0.75	0.0654512225355013
"LARGE1"	2.32893468565186e-05	2.96968132105533	0.08	0.639	0.0698680405695558
"SRP54-AS1"	2.4855855180781e-05	3.15391039063932	0.04	0.583	0.0745675655423429
"SLC44A5"	2.4855855180781e-05	1.31411053064637	0.24	0.083	0.0745675655423429
"BMS1P16"	2.6522272483761e-05	13.356732120115	0.04	0.778	0.0795668174512829
"C8orf46"	2.82945895961281e-05	1.61204131418513	0.12	0.083	0.0848837687883844
"ZFP37"	2.82945895961281e-05	3.86390746151208	0.04	0.639	0.0848837687883844
"LINC00609"	3.21825721522989e-05	-3.92823856928458	0.08	0.806	0.0965477164568966
"FLRT3"	3.21825721522989e-05	-2.94293582521823	0.12	0.361	0.0965477164568966
"URB1-AS1"	3.21825721522989e-05	2.93833743597068	0.08	0.806	0.0965477164568966
"FBN2"	3.43119564832078e-05	-0.392088327851995	0.12	0.5	0.102935869449623
"HIF1A-AS1"	3.43119564832078e-05	2.15888043542696	0.04	0.722	0.102935869449623
"MYBPC1"	3.65747146363214e-05	3.95748483514073	0.16	0.806	0.109724143908964
"CLSTN2"	3.8978683441769e-05	-11.8151589465252	0.04	0.139	0.116936050325307
"RBP1"	4.15321261751908e-05	-0.390283927167737	0.2	0.833	0.124596378525572
"SATB1-AS1"	4.15321261751908e-05	14.6545653752247	0.12	0.722	0.124596378525572
"AL358075.2"	4.42437536257727e-05	-0.381815382259161	0	0.639	0.132731260877318
"SDK1"	4.42437536257727e-05	2.58885885259278	0.12	0.722	0.132731260877318
"BRINP3"	4.42437536257727e-05	7.93201385525042	0.16	0.833	0.132731260877318
"AC104333.3"	4.42437536257727e-05	14.473986841213	0.16	0.472	0.132731260877318
"CCL2"	4.71227460774214e-05	-1.16182712985691	0.04	0.639	0.141368238232264
"FAM19A1"	5.01787762353846e-05	0.963592930761856	0.16	0.083	0.150536328706154
"PRKG1"	5.01787762353846e-05	-3.77838177414301	0.08	0.528	0.150536328706154
"CA3-AS1"	5.34220331313786e-05	9.88248937417911	0.12	0.889	0.160266099394136
"PCDH11X"	5.68632470410122e-05	0.841277074279586	0.04	0.25	0.170589741123037
"ZMYND10"	5.68632470410122e-05	-3.2087074663047	0.16	0.917	0.170589741123037
"SLC11A1"	5.68632470410122e-05	-0.290448021324478	0	0.667	0.170589741123037
"ANXA2"	6.05137154480381e-05	-1.62791544570901	0.12	0.889	0.181541146344114
"NPB"	6.05137154480381e-05	-0.959329358777229	0	0.25	0.181541146344114
"AC097478.1"	6.84906051260001e-05	-10.9696290930305	0	0.167	0.205471815378
"FRMPD3"	6.84906051260001e-05	4.29366626396569	0.04	0.806	0.205471815378
"HCN1"	6.84906051260001e-05	-2.08299694984042	0.16	0.028	0.205471815378
"SHC1"	6.84906051260001e-05	-10.6112414012112	0	0.194	0.205471815378
"PPDPFL"	7.28427064489712e-05	-10.6727225377418	0.4	0.139	0.218528119346914
"RIIAD1"	7.28427064489712e-05	1.80895615805354	0.04	0.667	0.218528119346914
"AC116565.1"	7.28427064489712e-05	-2.79016399579323	0	0.111	0.218528119346914
"SYTL2"	7.74554822036075e-05	10.161006600696	0.2	0.833	0.232366446610823
"RIMS2"	8.23434945241716e-05	2.41895213594821	0.08	0.694	0.247030483572515
"PTPRT"	8.23434945241716e-05	-3.32134960706634	0.2	0.944	0.247030483572515
"AC005618.1"	8.75220525451359e-05	-1.37952489335753	0	0.111	0.262566157635408
"CPNE8"	9.30072467191999e-05	3.12365476873907	0.12	0.833	0.2790217401576
"CST3"	9.88159844832767e-05	1.1539653028713	0.96	0.917	0.29644795344983
"GDF15"	9.88159844832767e-05	-10.9368836819087	0	0.167	0.29644795344983
"AC016773.1"	9.88159844832767e-05	12.3973948859734	0.08	0.778	0.29644795344983
"RSPO3"	0.000104966027312943	2.09049644996967	0.72	0.639	0.314898081938828
"C8orf34"	0.000104966027312943	6.98318516782444	0.12	0.083	0.314898081938828
"AC090825.1"	0.000111476029206401	9.44505103395152	0.08	0.833	0.334428087619202
"PLA2G4C"	0.000111476029206401	5.78751833014391	0.04	0.111	0.334428087619202
"LINC02482"	0.000111476029206401	1.97002605000192	0.12	0.667	0.334428087619202
"AP001172.1"	0.000111476029206401	0.877210336935248	0.04	0.139	0.334428087619202
"CXCL14"	0.000118365576639525	-0.382599795680548	0.12	0.722	0.355096729918575
"KRT8"	0.000118365576639525	-1.4329816224656	0.16	0.694	0.355096729918575
"AC079296.1"	0.000125655230034049	14.6313842400719	0.04	0.639	0.376965690102146
"LINC01980"	0.000125655230034049	3.20129752032528	0.08	0.75	0.376965690102146
"AC009159.3"	0.000133339259650848	14.3525065744112	0.08	0.806	0.400017778952545
"MSX1"	0.000133366566781412	-0.536722161085935	0.16	0.917	0.400099700344236
"AQP1"	0.000133366566781412	0.569053845408911	0.04	0.722	0.400099700344236
"ZMAT4"	0.000141522225865193	11.1674675585727	0.16	0.778	0.42456667759558
"C21orf91"	0.000141522225865193	3.68577459849727	0.08	0.611	0.42456667759558
"EPB41L4B"	0.000150145954125424	3.12080140824178	0.12	0.056	0.450437862376272
"SCOC-AS1"	0.00015926265420841	6.38399091896865	0.04	0.778	0.477787962625231
"LRMDA"	0.00015926265420841	-7.06539224686588	0.04	0.167	0.477787962625231
"DSCAM"	0.000168898434245966	-0.522295696983751	0	0.111	0.506695302737897
"AC124319.2"	0.000168898434245966	4.44014911923421	0.12	0.778	0.506695302737897
"AC073050.1"	0.000179080659308176	5.30241388623423	0.08	0.611	0.537241977924529
"AC114803.1"	0.000179080659308176	8.86096823189198	0.24	0.194	0.537241977924529
"MBP"	0.000179080659308176	4.42502784318468	0.04	0.694	0.537241977924529
"LINC00944"	0.000189838004674001	-10.5661989689977	0.12	0.028	0.569514014022003
"RASD1"	0.000201200510964103	1.88864433735006	0.04	0.25	0.603601532892308
"SEPT1"	0.000201200510964103	1.33025532269327	0.04	0.25	0.603601532892308
"STEAP2-AS1"	0.000201200510964103	14.4296966037957	0.04	0.667	0.603601532892308
"AC015971.1"	0.000201200510964103	9.6864181701107	0.04	0.667	0.603601532892308
"SLC13A4"	0.000201200510964103	-2.64297562114267	0.04	0.694	0.603601532892308
"SLC2A13"	0.000213199641180376	0.955360876680592	0.12	0.611	0.639598923541128
"MT-TE"	0.000225868339696602	-1.80818182689682	0.4	0.944	0.677605019089807
"ZFHX3"	0.000225868339696602	-0.291405495714409	0.2	0.583	0.677605019089807
"PGM5"	0.000225868339696602	-1.53106311253534	0.12	0.694	0.677605019089807
"CLDN5"	0.000239241093244583	-3.20332802198667	0.04	0.639	0.71772327973375
"PPP1R42"	0.000239241093244583	6.09039648211736	0.12	0.75	0.71772327973375
"TINCR"	0.000239241093244583	6.41098529425422	0.04	0.639	0.71772327973375
"AC009163.7"	0.000239241093244583	14.5931611581395	0.04	0.583	0.71772327973375
"MUM1L1"	0.000253353993939939	-12.2335726725575	0	0.167	0.760061981819816
"ZSCAN23"	0.000253353993939939	7.11031764458535	0.04	0.361	0.760061981819816
"TMEM132D"	0.000268244804391519	-9.98990632390438	0	0.111	0.804734413174558
"RPS6KA6"	0.000268244804391519	8.58062303979253	0.08	0.722	0.804734413174558
"RMST"	0.000268244804391519	4.20377274021401	0.12	0.778	0.804734413174558
"LRRC9"	0.000268244804391519	-4.11110485387511	0	0.139	0.804734413174558
"CENPW"	0.000268244804391519	-2.33031895194538	0.24	0.167	0.804734413174558
"GABRG3"	0.000283953024938071	6.45750071354942	0.08	0.528	0.851859074814213
"KIT"	0.000300519963055364	-3.90582175662283	0	0.139	0.901559889166092
"NFKBIA"	0.000300519963055364	2.49786917646565	0.12	0.444	0.901559889166092
"AC091153.3"	0.000317988804976527	-12.9536417157715	0	0.222	0.953966414929582
"IGFBP7"	0.000336404689567728	-0.489961275588259	0.24	0.917	1
"AC145422.1"	0.000336404689567728	13.7829632202076	0.04	0.444	1
"EFCAB5"	0.000355814784500658	0.331984664018404	0.04	0.222	1
"SMOC2"	0.000376268364762501	-1.07102758749906	0.08	0.667	1
"BMP2"	0.000376268364762501	-13.7063814801552	0	0.111	1
"SERPINF1"	0.000376268364762501	0.504034645340104	0.08	0.722	1
"AC116535.1"	0.000376268364762501	8.64742848862633	0.04	0.75	1
"PKN2-AS1"	0.000376268364762501	0.544827871244039	0.04	0.472	1
"AC132938.3"	0.000420514105538495	14.5990085926067	0.04	0.639	1
"AC120049.1"	0.000420514105538495	14.7786925739747	0.08	0.583	1
"SDAD1P1"	0.000420514105538495	0.79252317382044	0.2	0.722	1
"GPM6B"	0.000444416092707362	3.24148377391343	0.96	0.778	1
"B3GALT2"	0.000444416092707362	-0.252447382555771	0	0.111	1
"FOXP2"	0.000444416092707362	1.02971481812391	0.04	0.472	1
"KLHL13"	0.000444416092707362	2.01451985709685	0.04	0.417	1
"CCK"	0.000469581392518661	-2.95704667854435	0.16	0.722	1
"ABHD8"	0.000523948854687305	0.370229798667678	0.12	0.139	1
"EPAS1"	0.000523948854687305	-8.25227684153805	0.24	0.222	1
"PAAF1"	0.000553281149309807	-1.17534468633661	0.08	0.194	1
"SMAD5-AS1"	0.000553281149309807	10.0590488233687	0.04	0.528	1
"KLHDC1"	0.000553281149309807	-1.4534146011885	0	0.111	1
"NTRK2"	0.000584137215569957	-0.658428806029082	0.96	1	1
"CRYM"	0.000584137215569957	5.44716699828067	0.04	0.417	1
"LIX1"	0.000584137215569957	-3.25189219435695	0.36	0.194	1
"TNS2"	0.000584137215569957	-2.44060735430296	0	0.111	1
"EPS8L2"	0.000616589231717308	-0.585742171330365	0.16	0.083	1
"STYX"	0.000650712405140269	13.8316506382365	0.12	0.639	1
"DIRC3"	0.000686585078934037	0.880016419606104	0.04	0.194	1
"AL354920.1"	0.000686585078934037	-6.09448171712318	0	0.167	1
"ZNF385D"	0.000724288841190214	2.96388116024194	0.24	0.917	1
"RCAN3"	0.000724288841190214	-0.538944709251158	0.16	0.139	1
"STAG3L4"	0.000763908637027473	5.65500827909417	0.08	0.583	1
"TIMM23B"	0.000849253586557572	2.85787788651229	0.04	0.639	1
"NBAT1"	0.000895166462588417	8.29801235014617	0.04	0.528	1
"NCAM1"	0.000895166462588417	0.716020122713702	0.2	0.028	1
"TCEAL5"	0.000943371060352411	1.45887745727086	0.08	0.194	1
"TNFRSF25"	0.000943371060352411	6.1169263674667	0.04	0.139	1
"IQCH"	0.000943371060352411	9.90170241198127	0.04	0.667	1
"HSBP1L1"	0.000943371060352411	0.5065476224429	0.2	0.889	1
"MACROD2"	0.00104707353922387	0.297534749228031	0.04	0.111	1
"ITM2C"	0.00104707353922387	2.99460326566608	0.92	0.694	1
"DGKI"	0.00104707353922387	-0.370142199213282	0	0.111	1
"NRG1"	0.0011027908296825	-0.331508886649069	0	0.222	1
"SDK2"	0.00116123892639982	0.721275765605212	0.04	0.167	1
"ZNF19"	0.00116123892639982	13.2489057042494	0.04	0.778	1
"TTYH1"	0.00128681480056112	1.16270916047124	0.96	0.583	1
"ASS1"	0.00128681480056112	2.01940613086307	0.12	0.639	1
"CPE"	0.00135419792720271	5.11867184870783	0.88	0.556	1
"S100A16"	0.00135419792720271	2.84128733089224	0.24	0.861	1
"AC244517.10"	0.00135419792720271	-8.79178933851658	0	0.111	1
"SOCS3"	0.00149882960344877	4.93554029754682	0.04	0.528	1
"RAP1GAP"	0.00157636346049123	1.77345030972811	0.12	0.639	1
"TRIM67"	0.00157636346049123	-10.9197415783751	0.2	0.167	1
"SOX3"	0.00157636346049123	4.41288677092221	0.2	0.444	1
"MGST1"	0.00157636346049123	0.456788651846949	0.8	0.611	1
"SCGB1B2P"	0.00157636346049123	2.47646121041047	0.04	0.611	1
"AC040169.1"	0.00157636346049123	1.0107197617644	0.04	0.472	1
"ZNF385C"	0.00157636346049123	13.0526997982292	0.04	0.639	1
"AC135050.2"	0.00165757504972552	-4.97994155443907	0.04	0.111	1
"CLDN10"	0.00165757504972552	6.32709097090723	0.2	0.833	1
"CA4"	0.00192486637446346	-2.22941657434826	0.16	0.722	1
"OSBPL7"	0.00192486637446346	-0.675764243869342	0	0.222	1
"CXorf58"	0.00192486637446346	8.01037726867697	0.04	0.694	1
"AL133166.1"	0.00202240812378444	0.692372758403643	0.04	0.278	1
"AC010531.6"	0.00202240812378444	-0.256306679512905	0	0.5	1
"RPS27L"	0.00212446685976384	-0.257923956589263	0.28	0.694	1
"AC012368.1"	0.00212446685976384	1.35786159773021	0.04	0.444	1
"MATN2"	0.00223122879448698	0.656331153203105	0.04	0.222	1
"AL591485.1"	0.00223122879448698	4.3437998521209	0.04	0.389	1
"FGF22"	0.00234288665206604	14.6317621379564	0.04	0.5	1
"ALK"	0.00258169462753278	10.3342656239514	0.04	0.444	1
"AL445248.1"	0.00258169462753278	-5.88756783347105	0	0.111	1
"NUF2"	0.00270926431347258	1.26617055095098	0.04	0.389	1
"ITGB4"	0.00270926431347258	13.1949003928966	0.04	0.556	1
"CFAP126"	0.00284220286806235	0.595678696022272	0.12	0.778	1
"OLIG1"	0.00284256941242927	2.02661964218757	0.12	0.306	1
"DLX6"	0.00284256941242927	3.50050212153945	0.04	0.111	1
"BACH2"	0.00284256941242927	-0.301277931946986	0	0.111	1
"DNAJC15"	0.00284256941242927	0.467808404259509	0.2	0.611	1
"UNC5D"	0.00298183783029289	-0.968366932261296	0	0.167	1
"S100A4"	0.00298183783029289	-10.780904550328	0	0.111	1
"HSPA1B"	0.00312730504627038	-1.59987050029204	0.04	0.167	1
"RNU6-6P"	0.00312730504627038	-0.380812075401269	0.08	0.139	1
"PTN"	0.00327921429553934	0.678505006777577	0.92	0.75	1
"SLC24A4"	0.00327921429553934	-13.6503756909784	0	0.361	1
"SCG3"	0.00343781675321299	-7.97081715739319	0.56	0.222	1
"AC006329.1"	0.00343781675321299	-5.30730730053399	0	0.139	1
"HIP1R"	0.00343781675321299	0.383354555604929	0.12	0.139	1
"AC006946.2"	0.00343781675321299	-12.8293873690794	0.12	0.028	1
"CREBRF"	0.00360337171947272	-3.30556477245257	0.2	0.528	1
"SYT9"	0.00377614680571603	-4.65720228915388	0.08	0.639	1
"PRSS36"	0.00377614680571603	1.05329538574639	0.04	0.583	1
"VRK2"	0.00395641812156018	-6.68571093395557	0	0.194	1
"CECR2"	0.00395641812156018	1.05286057713533	0.36	0.083	1
"SLFN11"	0.00395641812156018	4.7873357432859	0.08	0.306	1
"LMO3"	0.00414447046253368	1.82637547786732	0.28	0.306	1
"GRIA4"	0.00414447046253368	14.656218359072	0.16	0.639	1
"DOCK10"	0.00414447046253368	9.77037734435743	0.4	0.944	1
"ZNF121"	0.00414447046253368	0.871365224965429	0.16	0.028	1
"SFTPD"	0.00434059749827917	14.4632543396977	0.04	0.417	1
"AC012358.3"	0.00434059749827917	1.64827224536438	0.08	0.139	1
"TMEM158"	0.00454510196108324	-0.31938905632984	0.12	0.028	1
"ADM"	0.00454510196108324	-1.02252677456456	0.52	0.778	1
"LIMA1"	0.00454510196108324	0.403170977049093	0.2	0.167	1
"ACOXL"	0.00454510196108324	14.6111153930095	0.04	0.556	1
"AL022341.1"	0.00454510196108324	8.71197355376747	0.04	0.5	1
"RGCC"	0.00454510196108324	-12.0977609713158	0.2	0.722	1
"NT5E"	0.00454510196108324	2.89972472275339	0.08	0.472	1
"APOE"	0.00475829583454044	0.65927506344438	1	1	1
"DENND4A"	0.00475829583454044	-1.11279161860076	0.04	0.139	1
"TOX2"	0.00475829583454044	5.98235243173173	0.12	0.222	1
"PCP4"	0.00498050054214966	-1.07030659944509	0.04	0.528	1
"AC233992.3"	0.00498050054214966	14.3017244005189	0.04	0.528	1
"PHKB"	0.00498050054214966	-2.76362889450552	0.32	0.694	1
"AL021068.1"	0.00498050054214966	14.6648213955464	0.04	0.472	1
"WNT7B"	0.005200150696834	1.59529802813894	0.48	0.417	1
"OTX2"	0.00521204713563349	-0.356971575122135	0.12	0.694	1
"AL354872.2"	0.00521204713563349	-9.91436569591744	0.12	0.083	1
"AC034236.2"	0.00521204713563349	0.776437361142529	0.04	0.417	1
"MYH14"	0.00545327648276168	-4.00278484159087	0	0.194	1
"HIVEP1"	0.00545327648276168	-1.41578202156213	0.04	0.194	1
"AC113414.1"	0.00570453945445189	5.10127988525878	0.04	0.611	1
"NAPA-AS1"	0.00570453945445189	-12.3978339693059	0.04	0.222	1
"BARX1"	0.00596619711091202	10.4129859410219	0.16	0.611	1
"ADAMTSL3"	0.00596619711091202	9.72922844273726	0.04	0.417	1
"TYMS"	0.00596619711091202	-2.07795021625463	0.04	0.139	1
"FILIP1L"	0.00596619711091202	-11.0137448212213	0	0.111	1
"PRTG"	0.00596619711091202	-12.2847361057184	0	0.278	1
"GRIK4"	0.00596619711091202	3.17210494362383	0.04	0.167	1
"U91319.1"	0.00652219277360774	-7.54565888299596	0.04	0.167	1
"CRYGS"	0.00652219277360774	5.39986718906468	0.04	0.278	1
"HSPB1"	0.00681730550362931	-4.4157951547357	0.64	0.806	1
"SYN3"	0.00681730550362931	-2.05928620746875	0	0.139	1
"SUGCT"	0.00681730550362931	2.06560919540151	0.04	0.639	1
"VIP"	0.00712436272754123	-1.46530401642041	0	0.111	1
"ST6GAL2"	0.00712436272754123	-0.875066617953384	0.16	0.167	1
"CTTNBP2"	0.00744377919301891	-0.359940813204629	0.08	0.111	1
"AL137003.1"	0.00744377919301891	14.3080774020525	0.04	0.694	1
"FAR2"	0.00744377919301891	-1.71799042854656	0	0.194	1
"LIMD1-AS1"	0.00812140537020918	0.466419424892874	0.04	0.25	1
"SLC43A1"	0.00812140537020918	14.6460424966722	0.04	0.444	1
"ASAP3"	0.00812140537020918	-10.1135714226645	0	0.111	1
"KIAA0825"	0.00812140537020918	0.742731903399558	0.08	0.5	1
"LGALS1"	0.0084805016213145	-4.8381433545347	0.36	0.778	1
"WSCD2"	0.0084805016213145	7.26629407403763	0.08	0.667	1
"ARF4-AS1"	0.0084805016213145	-12.3989243533193	0	0.167	1
"FBXO2"	0.00885283273610498	0.496311955740552	0.24	0.861	1
"RYR3"	0.00885373052724925	1.00254372510763	0.04	0.306	1
"LINC00607"	0.00885373052724925	-12.1528355581141	0	0.139	1
"NR4A3"	0.00885373052724925	4.10841045204526	0.12	0.194	1
"STRADA"	0.00885373052724925	14.6418550752582	0.04	0.5	1
"CACNA1E"	0.00885373052724925	0.373664958612688	0.04	0.111	1
"C1orf61"	0.00924156488253559	5.46167432337194	0.96	0.667	1
"DCN"	0.00924156488253559	3.53982201171316	0.44	0.444	1
"TTN"	0.00924156488253559	-3.8982171525639	0	0.167	1
"ZNF385B"	0.00924156488253559	3.84569582117392	0.04	0.556	1
"CFL1P1"	0.00924156488253559	-1.24507655867672	0.04	0.5	1
"ECHDC2"	0.00924156488253559	5.11728052777133	0.12	0.194	1
"ARHGAP28"	0.0096444895793906	3.02251154597826	0.08	0.111	1
"FBXO31"	0.0096444895793906	7.2621885645283	0.08	0.333	1
"SCD"	0.0100630017609118	1.23139174873124	0.96	0.917	1
"FABP5"	0.0100630017609118	-0.638597742410319	0.28	0.639	1
"R3HDM1"	0.0100630017609118	0.401980534532141	0.16	0.222	1
"AL118516.1"	0.0100630017609118	1.22292184176319	0.12	0.389	1
"AC005498.3"	0.0100630017609118	0.545708419020922	0.12	0.139	1
"DEPTOR"	0.0100630017609118	-5.06335314408261	0	0.167	1
"POLD3"	0.0100630017609118	-0.858482770245303	0.08	0.194	1
"WBP4"	0.0104976109694823	-0.678589663908138	0.12	0.083	1
"CAVIN1"	0.0104976109694823	-1.02168207265842	0.08	0.75	1
"CYBA"	0.0104976109694823	-14.2682869643437	0	0.111	1
"LINC02253"	0.0104976109694823	14.6228556047397	0.04	0.5	1
"PON2"	0.0109488392900482	-1.40507111539711	0.88	0.528	1
"ADRA1A"	0.0109488392900482	-4.93374117026673	0.24	0.306	1
"AKAP9"	0.0109488392900482	-4.98540256067725	0.32	0.5	1
"PRKCA"	0.0109488392900482	3.21133547505317	0.28	0.611	1
"CDKN2B"	0.0109488392900482	-8.7948068344657	0.08	0.278	1
"NEAT1"	0.0109488392900482	5.72833325208016	0.08	0.333	1
"NECAB1"	0.0109488392900482	12.3025277518953	0.04	0.611	1
"HIST1H1E"	0.0114172214879117	0.424760041548191	0.08	0.111	1
"SIPA1L2"	0.0114172214879117	-1.35660527439894	0.28	0.25	1
"AL354793.1"	0.0114172214879117	3.58711333749599	0.16	0.167	1
"AC121342.1"	0.0114172214879117	14.7031101065842	0.04	0.472	1
"AL121658.1"	0.0114172214879117	8.12631956258823	0.04	0.472	1
"MCM4"	0.0119033051406813	0.395621296624386	0.12	0.083	1
"FAM133A"	0.0119033051406813	-8.86552070916121	0	0.222	1
"BDNF"	0.0119033051406813	-1.18146481030934	0	0.139	1
"AL359198.1"	0.0119033051406813	-10.6251319798971	0	0.361	1
"ZNF57"	0.0119033051406813	2.62066910708108	0.04	0.139	1
"ST7-AS1"	0.0119033051406813	1.19007208066108	0.04	0.278	1
"AL356481.1"	0.0119033051406813	5.67820858237022	0.04	0.25	1
"HIVEP2"	0.0119033051406813	1.53667008183264	0.16	0.111	1
"RASSF9"	0.0124030197411079	4.79925982278271	0.16	0.278	1
"GAPDH"	0.0124076507640092	5.67269278332132	0.44	0.833	1
"LMO2"	0.0124076507640092	-1.86296874372015	0.12	0.222	1
"NCAN"	0.0124076507640092	-4.16468598079032	0.52	0.25	1
"LINC01550"	0.0124076507640092	1.46778644496154	0.16	0.694	1
"AL109615.3"	0.0124076507640092	-2.43871396789969	0.04	0.194	1
"RGS2"	0.0124076507640092	-12.4778662433619	0.04	0.25	1
"PTPRE"	0.0124076507640092	6.91319259948361	0.28	0.667	1
"TSPAN13"	0.0124076507640092	0.514039723011727	0.12	0.139	1
"ERC2"	0.0129308319307442	2.65736436508682	0.12	0.083	1
"GPM6A"	0.0129308319307442	0.278380769727838	0.8	0.583	1
"RGS16"	0.0134734353831216	-7.72038365286741	0.04	0.278	1
"SVIL"	0.0134734353831216	0.280986613863777	0.24	0.528	1
"WNT2B"	0.0134734353831216	-10.9727505585994	0	0.167	1
"NUS1P2"	0.0134734353831216	14.3771878201451	0.04	0.556	1
"RNU2-63P"	0.0134734353831216	-4.09351374249377	0	0.139	1
"PEA15"	0.0140360611376056	0.631642939257587	0.76	0.444	1
"RAB11B-AS1"	0.0140360611376056	1.44193101664308	0.12	0.139	1
"MALINC1"	0.0140360611376056	-6.17964086664034	0	0.139	1
"MXRA8"	0.0140360611376056	-13.0825684362595	0	0.25	1
"SLC16A3"	0.0146193225819962	-7.88064915336074	0.24	0.278	1
"ZNF578"	0.0146193225819962	1.39339059200585	0.04	0.139	1
"FRMD3"	0.0146193225819962	-0.740936294565628	0.04	0.222	1
"BCAN"	0.0152238465644081	1.96284783611597	0.96	0.778	1
"HSPA1A"	0.0152238465644081	2.17710913100608	0.12	0.056	1
"DACH1"	0.0152238465644081	-0.375749034368849	0.24	0.694	1
"KDM4D"	0.0152238465644081	-4.38059627911013	0	0.111	1
"AP003721.1"	0.0152238465644081	8.72794280937461	0.04	0.389	1
"OLFM3"	0.0152238465644081	-4.32378171857206	0.04	0.25	1
"CALCB"	0.0158502734737257	8.17309804979383	0.04	0.694	1
"TTC7B"	0.0158502734737257	3.02208281454974	0.08	0.306	1
"MCM3"	0.0164992573111335	-0.918513790462256	0.16	0.222	1
"SHISA9"	0.0164992573111335	0.424349207437104	0.08	0.667	1
"GLCE"	0.0164992573111335	-0.841649271602088	0	0.139	1
"GABRG2"	0.0164992573111335	0.736163440778174	0.04	0.472	1
"OSMR"	0.0164992573111335	-0.757943444407077	0.08	0.111	1
"AC025164.1"	0.0171714657523193	-4.65872725178766	0	0.222	1
"C1QL1"	0.0171714657523193	-11.2791332000054	0.16	0.306	1
"DST"	0.0178675801999471	0.333522456611828	0.6	0.417	1
"KCNJ2"	0.0178675801999471	4.73320550402764	0.04	0.111	1
"FDFT1"	0.0185882958259898	1.64229681120865	0.24	0.139	1
"IGDCC3"	0.0185882958259898	0.520739384739774	0.12	0	1
"HIST2H2BD"	0.0185882958259898	-11.956886032067	0	0.111	1
"DCLK1"	0.0185882958259898	1.54479619114856	0.84	0.833	1
"MYO1D"	0.0185882958259898	-4.18379510830178	0	0.139	1
"EDNRB"	0.0193343216035175	0.326340173221077	0.84	1	1
"CDH11"	0.0193343216035175	-2.15677342606127	0.28	0.25	1
"AL157871.4"	0.0193343216035175	14.4662784922929	0.04	0.417	1
"UPP2"	0.0193343216035175	-0.327556746412482	0.04	0.111	1
"IDI1"	0.0201063803275289	0.28032993138405	0.76	0.444	1
"AC064807.4"	0.0201063803275289	-7.52463131342234	0	0.444	1
"NALCN-AS1"	0.0201063803275289	2.71072973825157	0.04	0.556	1
"LRP1B"	0.0209052086244204	0.635899181864848	0.12	0.639	1
"NXPH4"	0.0209052086244204	6.41200641676455	0.04	0.333	1
"AGT"	0.0209052086244204	3.25358745488393	0.36	0.306	1
"CCNB1"	0.021731556949683	-1.12241033140811	0.04	0.111	1
"HCG23"	0.021731556949683	-3.55437990693419	0	0.361	1
"SLC8A1"	0.0225861895734198	0.500796042461247	0.04	0.194	1
"NOVA1-AS1"	0.0225861895734198	9.87731233353687	0.04	0.333	1
"AC099792.1"	0.0225861895734198	-0.625567508086344	0	0.139	1
"SORBS2"	0.0225861895734198	-0.68165090026678	0.12	0.194	1
"AC023886.1"	0.023469884553281	1.28136583149497	0.04	0.111	1
"SRRM3"	0.023469884553281	-0.829080705780959	0	0.111	1
"ECEL1"	0.023469884553281	-11.7663979461528	0.04	0.528	1
"AF117829.1"	0.023469884553281	1.05056490111285	0.04	0.528	1
"CCDC175"	0.023469884553281	-8.06682879327824	0	0.139	1
"ID3"	0.0243834336944115	4.01135668275175	0.12	0.333	1
"TRPM3"	0.0243834336944115	-1.75068804417655	0.12	0.694	1
"ZEB1"	0.0243834336944115	2.40893008207342	0.16	0.417	1
"TNFRSF11B"	0.0243834336944115	-12.3215669147641	0.04	0.139	1
"GSEC"	0.0243834336944115	4.72622161907065	0.16	0.5	1
"HTRA1"	0.0253276424960136	-0.583388692896802	0.64	0.361	1
"NR4A2"	0.0253276424960136	-7.23842788252583	0	0.167	1
"FNBP1P1"	0.0253276424960136	-2.34573379095867	0.08	0.167	1
"AL358852.1"	0.0253276424960136	3.75413798782413	0.08	0.694	1
"TFEB"	0.0253276424960136	-0.328104785076109	0.04	0.139	1
"TGFBI"	0.0263033300841288	2.10743709035002	0.28	0.833	1
"MT3"	0.0263033300841288	2.63506034709155	0.44	0.361	1
"ATF5"	0.0263033300841288	-1.24236917542307	0.04	0.222	1
"FAM135B"	0.0263033300841288	-6.66301598644592	0.12	0.5	1
"MAP3K20-AS1"	0.0263033300841288	-6.95502077655596	0	0.556	1
"HSPH1"	0.0263033300841288	0.428363940031234	0.48	0.25	1
"SYTL3"	0.0263033300841288	-5.79692741692379	0	0.167	1
"SNCG"	0.0263033300841288	3.70279036724897	0.28	0.806	1
"LINGO2"	0.0273113291302485	7.31231252945334	0.08	0.472	1
"MT-TP"	0.0273113291302485	-9.88241835135038	0.28	0.333	1
"ZBTB16"	0.0273113291302485	-0.508501493091213	0.08	0.306	1
"GALNT10"	0.0273113291302485	-5.579142092815	0.08	0.194	1
"METTL7B"	0.0273113291302485	-3.82626896868249	0.04	0.278	1
"TNNT1"	0.0273113291302485	-4.33882164848675	0.04	0.139	1
"MAGI1"	0.0283524857553683	0.666847157492008	0.2	0.222	1
"KIAA0586"	0.0283524857553683	-0.365753682030207	0.08	0.111	1
"DDIT4L"	0.0283524857553683	-12.3400911775294	0	0.333	1
"ARID4A"	0.0283524857553683	1.97484809330899	0.2	0.472	1
"PLS3"	0.0294276594191073	-0.752002753326225	0.36	0.611	1
"HRK"	0.0294276594191073	-10.9969329243103	0.04	0.194	1
"ZIC1"	0.0294276594191073	9.27467442021879	0.28	0.694	1
"PHF20L1"	0.0294276594191073	1.41570209094848	0.24	0.083	1
"SCGB2B2"	0.0294276594191073	0.33629751435235	0.08	0.222	1
"OPCML"	0.0305377227935209	-3.94586012987637	0.08	0.528	1
"DKK2"	0.0305377227935209	-9.09004225496255	0	0.139	1
"AC107067.1"	0.0305377227935209	-7.8297623125292	0.04	0.222	1
"MYL6"	0.0305377227935209	6.29101726462754	0.4	0.722	1
"FAM19A2"	0.0316835616212423	-1.95311906971169	0.04	0.111	1
"TMEM100"	0.0316835616212423	1.23501682495796	0.04	0.111	1
"PTAFR"	0.0316835616212423	-13.8805438685656	0	0.167	1
"NTS"	0.0328660745575987	2.54022668956162	0.4	0.5	1
"PRSS12"	0.0328660745575987	-9.20397883417469	0	0.111	1
"EZR"	0.0328660745575987	1.89301475395428	0.84	0.5	1
"MASP1"	0.0328660745575987	3.85769749084569	0.76	0.528	1
"CALY"	0.0328660745575987	-0.77999774995325	0.08	0.139	1
"TSC22D3"	0.0328660745575987	0.835480556776146	0.32	0.583	1
"TSPYL2"	0.0328660745575987	-0.689860546412734	0.36	0.25	1
"ANXA1"	0.0328660745575987	1.38740663841577	0.12	0.694	1
"SLC7A5"	0.0328660745575987	-0.665283315170703	0.08	0.111	1
"ADGRV1"	0.0340861729963556	2.4625848690533	0.8	0.556	1
"OLFM1"	0.0340861729963556	-0.250544525269784	0.16	0.111	1
"SQLE"	0.0340861729963556	0.394250098964212	0.16	0.167	1
"NIM1K"	0.0340861729963556	-1.367982165498	0.08	0.139	1
"FTH1"	0.0353447808787539	2.17543213934507	0.88	0.972	1
"S100B"	0.0353447808787539	0.753771582673657	0.92	1	1
"NR3C2"	0.0353447808787539	8.64175612379278	0.12	0.75	1
"LRFN5"	0.0353447808787539	14.0697667120173	0.04	0.306	1
"LURAP1L"	0.0366428344855158	-3.59545482742602	0.04	0.139	1
"AC073941.1"	0.0366428344855158	3.41577680813591	0.24	0.778	1
"MROH8"	0.0379812822115069	0.303457576538257	0.04	0.139	1
"IQGAP2"	0.0379812822115069	11.0486710628746	0.36	0.306	1
"AL357060.1"	0.0379812822115069	-13.5673505253127	0.04	0.111	1
"SOX13"	0.0379812822115069	3.07523120967042	0.04	0.306	1
"CLMN"	0.0379812822115069	-3.40829652375113	0.08	0.111	1
"TNIK"	0.0379812822115069	-0.287622901022377	0.12	0.222	1
"LINC01619"	0.0393610843227555	0.613030401908528	0.08	0.306	1
"RPE65"	0.0393610843227555	3.31739734873262	0.36	1	1
"IL33"	0.0407832126955424	-1.32155353377301	0.28	0.444	1
"PPFIA2"	0.0407832126955424	0.569716311260981	0.12	0.056	1
"ESF1"	0.0407832126955424	3.08578355739544	0.36	0.639	1
"NTNG1"	0.0407832126955424	-0.306905461515174	0	0.111	1
"NWD1"	0.0407832126955424	3.79076912091083	0.08	0.667	1
"ACAP1"	0.0407832126955424	2.72104711500772	0.04	0.639	1
"TFPI"	0.042248650537292	7.50121835520716	0.68	0.528	1
"FLRT2"	0.042248650537292	-0.44658768930604	0	0.167	1
"CEBPB"	0.042248650537292	-1.63799403830692	0.32	0.333	1
"LINC00632"	0.042248650537292	2.04043650308234	0.04	0.139	1
"OR7E14P"	0.042248650537292	9.87523083304217	0.08	0.556	1
"MEF2C-AS2"	0.042248650537292	0.483046239750981	0.12	0.056	1
"BNIP3"	0.0437583920890073	7.40406043435392	0.52	0.75	1
"PRSS23"	0.0437583920890073	-9.63832762205564	0.08	0.306	1
"AL035401.1"	0.0437583920890073	8.69973820224892	0.04	0.389	1
"PSAT1"	0.0453134423090101	3.65390849336571	0.92	0.917	1
"OSBPL10"	0.0453134423090101	-0.887197250661845	0	0.111	1
"GADD45B"	0.0453134423090101	-9.60802295707277	0.04	0.333	1
"SLC17A8"	0.0453134423090101	-15.4089840461108	0	0.25	1
"PICK1"	0.0453134423090101	-0.701338730354421	0	0.111	1
"TRANK1"	0.0453134423090101	0.887319309262482	0.08	0.611	1
"CNTN4"	0.0469148165377651	-4.14865165227285	0.04	0.167	1
"MEGF11"	0.0469148165377651	-0.886119185629536	0.04	0.278	1
"TMEM45A"	0.0469148165377651	3.25331052980157	0.24	0.611	1
"PRICKLE2"	0.0469148165377651	8.21819331207139	0.08	0.444	1
"AL158211.5"	0.0469148165377651	-10.7281498954723	0	0.167	1
"AC004594.1"	0.0485635401435823	14.7118592022636	0.04	0.5	1
"RAB3C"	0.0485635401435823	-0.565600483484475	0	0.194	1
"MT1E"	0.0502606481490144	-6.90909061820093	0.04	0.583	1
"VCAN"	0.0502606481490144	2.85325289068526	0.28	0.111	1
"PCSK1N"	0.0502606481490144	0.941410740205415	0.52	0.333	1
"KIF26B"	0.0502606481490144	0.759075710887241	0.12	0.056	1
"DPP10-AS1"	0.0502606481490144	-5.11000808576557	0	0.194	1
"CLASP2"	0.0502606481490144	0.55566765572351	0.24	0.139	1
"VIM"	0.052007184837782	-4.48162669004098	0.76	0.472	1
"CEP290"	0.052007184837782	0.75821290438262	0.16	0.139	1
"SLITRK4"	0.052007184837782	-1.91813676549053	0	0.222	1
"PI15"	0.053804203342084	1.05076441556507	0.48	1	1
"AC008403.3"	0.053804203342084	-3.18837137113844	0	0.111	1
"CHST9"	0.053804203342084	3.80130619632036	0.08	0.194	1
"NKAIN3"	0.0556527652101673	0.631505934307377	0.6	0.333	1
"RASSF3"	0.0556527652101673	-12.971654843508	0	0.167	1
"STXBP5L"	0.0556527652101673	4.59188150040505	0.24	0.611	1
"MARCH1"	0.0556527652101673	-0.378683809096157	0.12	0.194	1
"OMG"	0.0556527652101673	3.39711179582933	0.28	0.583	1
"ENPP2"	0.0556527652101673	-4.41696563493261	0.08	0.194	1
"ZRSR2"	0.0575539399540568	0.673741500798948	0.12	0.167	1
"RFTN1"	0.0575539399540568	-4.00259949501572	0	0.222	1
"NCAM2"	0.0595088045773672	4.94446344908531	0.56	0.417	1
"LMO4"	0.0595088045773672	0.983176990618429	0.32	0.25	1
"AL391261.2"	0.0595088045773672	14.489311200772	0.04	0.361	1
"MT-ND5"	0.0615184430831414	1.9671340280164	0.84	0.667	1
"CDKN1C"	0.0615184430831414	-3.99002512156261	0.08	0.333	1
"FRZB"	0.0615184430831414	-1.50389137584935	0.12	0.722	1
"CA9"	0.0615184430831414	-0.327763961170318	0.4	0.361	1
"MAPK15"	0.0615184430831414	-13.3297062763045	0	0.139	1
"MT-ND4"	0.0635839459616867	-0.398838257743937	0.8	0.611	1
"PKM"	0.0635839459616867	0.73976413561695	0.6	0.722	1
"TXNDC16"	0.0635839459616867	0.42038317200638	0.12	0.194	1
"CSAD"	0.0635839459616867	0.378323148365844	0.16	0.111	1
"MYH11"	0.0635839459616867	-12.8531764030197	0	0.111	1
"VCAM1"	0.0635839459616867	2.90472920028514	0.64	0.583	1
"GPNMB"	0.0657028402660822	1.60049248636943	0.12	0.722	1
"PTPRZ1"	0.0657064096584051	-3.87162283221039	0.52	0.278	1
"ANKAR"	0.0657064096584051	-1.46101611193726	0	0.167	1
"SLC1A3"	0.0678869360216374	-3.98666835526874	0.8	0.417	1
"CCND2"	0.0678869360216374	-0.289011487967777	0.12	0.111	1
"MAPT"	0.0678869360216374	0.535648226052675	0.16	0.083	1
"ARL4C"	0.0678869360216374	-2.1873030371178	0.24	0.25	1
"TTLL9"	0.0678869360216374	-3.8339934478126	0.04	0.472	1
"ATG9B"	0.0678869360216374	-3.24497466697833	0.28	0.056	1
"FAT3"	0.070126631730572	1.32854250852684	0.6	0.278	1
"MAGI2"	0.070126631730572	0.944884572123432	0.2	0.222	1
"HYDIN2"	0.070126631730572	14.717736828306	0.16	0.5	1
"TMEM132C"	0.070126631730572	-10.2383826702439	0	0.194	1
"VWC2L"	0.070126631730572	-13.70418691561	0	0.194	1
"PSD3"	0.070126631730572	-0.779344561603389	0.32	0.472	1
"MT-CYB"	0.0724266077032927	0.349359331212937	0.68	0.528	1
"GPC5"	0.0724266077032927	-7.11154744770454	0	0.222	1
"SULF2"	0.0724266077032927	3.10631820519194	0.56	0.583	1
"BHLHE40"	0.0724266077032927	6.32374095722211	0.32	0.722	1
"EGF"	0.0724266077032927	-5.77292669908391	0.12	0.333	1
"SLC4A4"	0.0724266077032927	1.16265021951086	0.64	0.611	1
"NES"	0.0747879784850699	1.39241304796474	0.76	0.583	1
"CTSH"	0.0747879784850699	2.69768005539499	0.36	0.944	1
"TACR1"	0.0747879784850699	1.42911410876191	0.2	0.278	1
"HDAC9"	0.0747879784850699	-0.8799075979572	0.16	0.361	1
"AL035681.1"	0.0747879784850699	14.6675889476661	0.2	0.556	1
"HIST1H2BD"	0.0772118616170275	-6.93732894949652	0.08	0.167	1
"ADAMTS5"	0.0772118616170275	-0.658865980521553	0	0.139	1
"SERPINE2"	0.0772118616170275	-2.55348249222895	0.64	0.583	1
"ERO1B"	0.0772118616170275	-2.69438257125582	0.04	0.222	1
"SH3D19"	0.0772118616170275	-7.99236444322115	0.2	0.556	1
"CAMK2B"	0.0796993769853483	3.34288288232595	0.2	0.111	1
"ZCCHC6"	0.0796993769853483	0.497827825949752	0.24	0.139	1
"DANT2"	0.0796993769853483	-1.42627897148499	0	0.139	1
"SELENON"	0.0796993769853483	-0.325924824402238	0	0.111	1
"LIMCH1"	0.0796993769853483	-2.83650877291511	0.16	0.222	1
"CRYAB"	0.0822516461512081	3.11515963728916	0.56	0.556	1
"UBE2S"	0.0822516461512081	-0.773392032269663	0	0.167	1
"FBXO32"	0.0822516461512081	-1.06500189688343	0.04	0.111	1
"LINC01004"	0.0822516461512081	-2.52257255296163	0.04	0.222	1
"PLXDC1"	0.0822516461512081	-2.61609345541586	0.12	0.222	1
"SDF2L1"	0.0822516461512081	-0.564498672640922	0.32	0.278	1
"KCNG1"	0.0822516461512081	-1.66341553122734	0.04	0.111	1
"MT-TL1"	0.084869791661661	-1.21926369164834	0.12	0.361	1
"CAB39L"	0.084869791661661	-0.503463990338318	0.28	0.333	1
"HELQ"	0.0875549363417291	0.843743489612543	0.16	0.361	1
"DDN-AS1"	0.0875549363417291	-1.07088716485541	0	0.194	1
"PLD1"	0.0875549363417291	-14.1019599826501	0	0.139	1
"TMEM132B"	0.0903082025679785	-1.98197910688346	0.16	0.056	1
"INTU"	0.0903082025679785	12.2522944202734	0.36	0.722	1
"TLE4"	0.0903082025679785	4.44297862463884	0.32	0.694	1
"AP000317.2"	0.0903082025679785	-12.7967504285045	0.12	0.222	1
"KIDINS220"	0.0903082025679785	0.688303585160871	0.24	0.028	1
"CBR3-AS1"	0.0903082025679785	3.79650241155704	0.08	0.194	1
"TMSB4X"	0.0931307115238986	-1.32275923405006	0.04	0.167	1
"ATP1B2"	0.0931307115238986	5.0934021749256	0.88	1	1
"ANKRD37"	0.0931307115238986	5.6095921083598	0.16	0.306	1
"SIX4"	0.0931307115238986	-0.698053531543619	0	0.167	1
"SULF1"	0.0931307115238986	2.50790292401946	0.08	0.639	1
"SQSTM1"	0.0931307115238986	-4.43546894727626	0.84	0.667	1
"BAMBI"	0.0931307115238986	5.8519221527233	0.16	0.722	1
"CHL1"	0.0960235824374309	0.334019085223787	0.2	0.167	1
"TUBB4B"	0.0960235824374309	-0.926088223467252	0.32	0.417	1
"TBC1D32"	0.0960235824374309	4.33076250173598	0.2	0.611	1
"PARM1"	0.0960235824374309	2.67416539837595	0.08	0.389	1
"TMEM123"	0.0989879318010264	-2.95167819252686	0.28	0.194	1
"ATF3"	0.0989879318010264	-2.22297139974078	0.12	0.278	1
"MAFB"	0.102024872574643	-0.740994379739402	0.04	0.222	1
"DOCK5"	0.102024872574643	-7.6160378818468	0	0.111	1
"AC025211.1"	0.102024872574643	11.5354365515574	0.04	0.472	1
"FAM181B"	0.102024872574643	-1.70407201027459	0.36	0.333	1
"PUM3"	0.102024872574643	-0.909669359855596	0	0.194	1
"PCDHB2"	0.102024872574643	0.669340510040632	0.24	0.167	1
"AL121821.1"	0.102024872574643	7.96739121666842	0.12	0.389	1
"SLIT2"	0.102024872574643	1.35419245345984	0.24	0.75	1
"AL161421.1"	0.102024872574643	-10.6755390334207	0	0.111	1
"AC132807.2"	0.102024872574643	3.33519498679185	0.04	0.222	1
"HMGN2"	0.105135513372127	0.978644509339134	0.08	0.194	1
"PLOD2"	0.105135513372127	5.87849203048856	0.56	0.806	1
"FUT9"	0.105135513372127	0.646728216145717	0.28	0.167	1
"HS6ST3"	0.105135513372127	-0.402413855579738	0	0.111	1
"PGM2L1"	0.105135513372127	-0.515559699093178	0.08	0.139	1
"FAM171B"	0.105135513372127	-2.64944078628026	0.72	0.5	1
"FAM13A"	0.105135513372127	-1.77236375865946	0.16	0.25	1
"AL121827.2"	0.105135513372127	9.94219316905545	0.08	0.5	1
"ARHGDIG"	0.105135513372127	1.61332375483887	0.12	0.389	1
"ACAT2"	0.108320957631459	-0.716119173460868	0.4	0.222	1
"LRRC4C"	0.108320957631459	-3.02992157568571	0.08	0.167	1
"ABHD6"	0.108320957631459	-3.15143082072118	0.24	0.361	1
"HGF"	0.11158230276936	14.1799582280616	0.16	0.528	1
"ZNF267"	0.11158230276936	-2.65282174341006	0.04	0.111	1
"CCDC170"	0.114915839617271	1.19163546922119	0.08	0.472	1
"LRRN3"	0.114920639320826	2.43232431661817	0.2	0.222	1
"PCDH17"	0.114920639320826	4.36975665506003	0.08	0.472	1
"GCNA"	0.114920639320826	12.5285882037671	0.04	0.306	1
"PCDH7"	0.114920639320826	4.23429831100281	0.4	0.556	1
"CADM3-AS1"	0.114920639320826	-3.29350802976255	0	0.111	1
"MPZL3"	0.114920639320826	10.197340068573	0.04	0.417	1
"ST6GALNAC3"	0.114920639320826	-12.6208004543304	0.04	0.167	1
"AC008443.1"	0.114920639320826	14.5895992774809	0.04	0.5	1
"MT-TS2"	0.114920639320826	-2.19701403288633	0.48	0.528	1
"CHAC1"	0.118337050064135	-6.65101714973184	0.16	0.306	1
"LPL"	0.118337050064135	-6.42169781289875	0.08	0.25	1
"TNNI3"	0.118337050064135	10.5823531047124	0.04	0.444	1
"GJA1"	0.121832609131958	3.3760270954576	0.76	0.944	1
"CETN4P"	0.121832609131958	-6.72358363155282	0	0.222	1
"AC092958.1"	0.121832609131958	4.17768241218841	0.4	0.861	1
"SHQ1"	0.121832609131958	-3.16223700642957	0	0.25	1
"GRASP"	0.121832609131958	-4.49289744891115	0	0.25	1
"AC073343.2"	0.121832609131958	-1.64862550067313	0.08	0.167	1
"AC233296.1"	0.125408381109203	14.4095065147505	0.04	0.167	1
"GCC2-AS1"	0.125408381109203	-7.68054703824767	0	0.25	1
"ESR1"	0.125408381109203	-12.5687532471835	0	0.167	1
"TPI1"	0.129065420118265	-6.09503691237022	0.56	0.667	1
"SPON1"	0.129065420118265	8.19669156365653	0.44	0.889	1
"UCHL1"	0.129065420118265	-0.273866697762019	0.24	0.194	1
"NR2F1"	0.129065420118265	-3.49377756384124	0.68	0.5	1
"C1orf115"	0.129065420118265	-4.93573986246081	0	0.222	1
"ID4"	0.132804768892391	3.34056756521048	0.72	0.583	1
"PLP1"	0.132804768892391	1.4049744984724	0.72	1	1
"GRIA2"	0.132804768892391	1.05502956931609	0.2	0.056	1
"DOK5"	0.132804768892391	-0.397365791827552	0.32	0.333	1
"WWC2"	0.132804768892391	-2.36233786222586	0.16	0.25	1
"RAB11FIP1"	0.132804768892391	-11.1368987897543	0.04	0.222	1
"B2M"	0.136627457837889	1.19700850052979	0.96	0.944	1
"HIST1H1C"	0.136627457837889	-0.980326577910901	0.2	0.111	1
"CNN3"	0.136627457837889	1.77602533839474	0.8	0.583	1
"ADD3"	0.136627457837889	-4.40914083605075	0.92	0.75	1
"IFI16"	0.136627457837889	4.51025367672386	0.04	0.278	1
"LYPD1"	0.136627457837889	-12.0652381639105	0.12	0.25	1
"FBXO16"	0.136627457837889	0.386805856623284	0.16	0.111	1
"CD81"	0.136627457837889	5.65607847091925	0.84	0.778	1
"AL133216.2"	0.136627457837889	-5.49461864952355	0	0.389	1
"LRIG1"	0.136627457837889	-3.71777828663823	0.68	0.556	1
"MYCBP2"	0.140534504085958	-0.338148293709996	0.24	0.222	1
"DNAJB1"	0.140534504085958	0.661481181131262	0.36	0.667	1
"ASXL3"	0.140534504085958	-1.00516717831307	0.08	0.111	1
"METRN"	0.144526910534922	-1.07642968370491	0.92	0.806	1
"MT-RNR2"	0.144526910534922	-3.89827994856733	0.28	0.444	1
"PDIA6"	0.144526910534922	-1.0822112357519	0.56	0.472	1
"HES4"	0.144526910534922	3.86140639381559	0.56	0.444	1
"CATSPERE"	0.144526910534922	-1.49824257348154	0	0.139	1
"SHMT2"	0.144526910534922	1.109606189663	0.44	0.722	1
"PSRC1"	0.144526910534922	-0.871760303804663	0	0.111	1
"CKAP2"	0.148605664883719	0.674365896931201	0.24	0.222	1
"FAM155A"	0.148605664883719	5.81342107408177	0.08	0.194	1
"MT1G"	0.148605664883719	-14.3536531606236	0.12	0.333	1
"NFE2L2"	0.148605664883719	-5.64567345446863	0.32	0.639	1
"GPR158"	0.148605664883719	6.51056586772892	0.08	0.25	1
"AL133346.1"	0.148605664883719	-1.01864972689713	0.08	0.194	1
"SMC2"	0.152771738657479	-3.64233108557549	0.16	0.222	1
"RAB31"	0.152771738657479	2.15102816341465	0.52	0.778	1
"ARHGEF37"	0.152771738657479	-2.39219518199056	0.04	0.167	1
"WFDC3"	0.152771738657479	-7.04725042331776	0	0.278	1
"HIST2H2BE"	0.152771738657479	-5.75868960062735	0.24	0.389	1
"PTPRD"	0.157026086226091	-0.686037658711532	0.2	0.139	1
"CA2"	0.157026086226091	-1.41766862786436	0.12	0.639	1
"CANX"	0.157026086226091	0.429260542459875	0.84	0.667	1
"KAT6B"	0.157026086226091	0.279755583358776	0.28	0.194	1
"SLC38A6"	0.157026086226091	6.6852868158009	0.08	0.278	1
"NRXN3"	0.161369643816679	1.71761843627317	0.16	0.139	1
"CXCL12"	0.161369643816679	-0.556647495112893	0.12	0.222	1
"LINC00324"	0.161369643816679	9.39679122565945	0.08	0.417	1
"PAK5"	0.161369643816679	-0.839267875165429	0	0.111	1
"SORCS2"	0.161369643816679	-3.32115727825555	0.32	0.444	1
"CYTH1"	0.161369643816679	-0.455753674751184	0	0.111	1
"ELP6"	0.161369643816679	-0.710855457416861	0.2	0.167	1
"CCDC191"	0.161369643816679	0.628140041617467	0.12	0.278	1
"TESK2"	0.165803328520917	-10.4216469857838	0	0.194	1
"TRIB3"	0.165803328520917	-2.71304087117931	0.16	0.278	1
"ADAMTS17"	0.165803328520917	-13.8786939218953	0.04	0.139	1
"BHLHE41"	0.165803328520917	1.33011234907307	0.68	0.556	1
"CAMKMT"	0.165803328520917	4.65605022129439	0.08	0.167	1
"SCN9A"	0.165803328520917	-1.74380679966926	0	0.111	1
"PPP1R14A"	0.170328037298159	-1.56417027928227	0	0.139	1
"DNAJC3"	0.170328037298159	1.03462221549165	0.36	0.444	1
"SGO1-AS1"	0.170328037298159	14.6812154745504	0.04	0.528	1
"LINC00491"	0.170328037298159	8.99039429761584	0.12	0.333	1
"SYBU"	0.170328037298159	0.794282069084078	0.24	0.083	1
"NANOS1"	0.170328037298159	-4.81272790485714	0.04	0.306	1
"DCLK2"	0.174944645975386	2.64667683420099	0.4	0.222	1
"AP003064.1"	0.174944645975386	14.4946953272353	0.04	0.389	1
"ARFGEF3"	0.174944645975386	-3.74685574701915	0.08	0.194	1
"EIF2S2"	0.174944645975386	-1.31879050688678	0.56	0.417	1
"DDX24"	0.174944645975386	0.383099585849049	0.28	0.389	1
"PGK1"	0.179654008244981	-2.12069919091292	0.32	0.5	1
"BRINP1"	0.179654008244981	3.1199708537787	0.2	0.167	1
"INSIG1"	0.179654008244981	5.74382367252891	0.56	0.333	1
"SNRPN"	0.179654008244981	10.719207479928	0.04	0.472	1
"SAT1"	0.184456954661375	7.73048616471683	0.76	0.806	1
"B4GALT1-AS1"	0.184456954661375	-5.41339651521725	0.04	0.111	1
"KCNK1"	0.184456954661375	-11.7300709017441	0.04	0.111	1
"NEGR1"	0.189354291637645	2.12199633833778	0.12	0.139	1
"SLC6A17"	0.189354291637645	6.94435414235415	0.04	0.528	1
"TMEM2"	0.189354291637645	-0.942587226246004	0	0.111	1
"H1F0"	0.194346800443129	-1.30813257251168	0.04	0.222	1
"PRKX"	0.194346800443129	-2.44803786820122	0.08	0.194	1
"FOLR1"	0.194346800443129	-14.8254248563917	0	0.5	1
"LINC00943"	0.194346800443129	-1.61404165740657	0	0.139	1
"GPR85"	0.199435236203197	-1.69629313480128	0.04	0.222	1
"NSRP1"	0.199435236203197	-2.85089023619021	0.2	0.278	1
"SGCD"	0.199435236203197	5.33130202618134	0.32	0.5	1
"PDK1"	0.204620326902271	1.03198869972073	0.24	0.333	1
"WLS"	0.204620326902271	6.32687586838681	0.72	0.611	1
"MSMO1"	0.204620326902271	9.71155679689429	0.76	0.639	1
"LINC01185"	0.204620326902271	-8.92493765546723	0	0.25	1
"ATP7B"	0.204620326902271	-8.03215598340287	0	0.111	1
"STMN4"	0.20990277239127	0.305004726191394	0.12	0.083	1
"QKI"	0.20990277239127	-0.656804996027726	0.8	0.722	1
"OCLN"	0.215258979656284	5.15185557540876	0.16	0.667	1
"CD99"	0.215283243400621	2.84112959648195	0.92	0.75	1
"EMX2"	0.215283243400621	-7.36269957545487	0.32	0.583	1
"P2RX7"	0.215283243400621	-9.47719070453479	0	0.25	1
"RPLP1"	0.215283243400621	-2.4566409530656	0.36	0.583	1
"PLA2G5"	0.215283243400621	-13.121553429027	0	0.333	1
"PDIA3"	0.220762380560024	-3.37216612021014	0.76	0.75	1
"ENOX1"	0.220762380560024	1.12185499980554	0.12	0.111	1
"KISS1R"	0.220762380560024	-8.96313170926792	0.24	0.583	1
"FNDC3A"	0.220762380560024	0.622444947964501	0.36	0.417	1
"AC024075.3"	0.220762380560024	-9.10526819163557	0	0.111	1
"FBLN2"	0.220762380560024	0.350690037631743	0.04	0.528	1
"FTL"	0.22634079342615	5.70300241138189	0.84	0.944	1
"ATAD2"	0.22634079342615	0.587081030014113	0.12	0.028	1
"AC009961.1"	0.22634079342615	-0.666431328855228	0	0.139	1
"CTNNA2"	0.232019059519487	7.18496246612143	0.56	0.444	1
"HMOX1"	0.232019059519487	0.848510348703691	0.16	0.667	1
"CDC42EP3"	0.237797723371535	-1.61849943537494	0.08	0.194	1
"ANKRD36"	0.237797723371535	1.12192901281879	0.08	0.139	1
"VEGFA"	0.243677295583567	11.4365191853989	0.4	0.583	1
"TSHZ2"	0.243677295583567	2.86642700721708	0.04	0.417	1
"LEMD1"	0.243677295583567	-0.972550365819718	0.04	0.111	1
"HS6ST2"	0.243677295583567	-2.3968055886535	0.16	0.25	1
"CXCL2"	0.243677295583567	-2.37595169946372	0	0.167	1
"CFAP52"	0.243677295583567	0.709360748353507	0.16	0.389	1
"ACTA2"	0.243677295583567	-12.5018997823882	0	0.306	1
"ARRDC4"	0.249658251898198	-4.31310203173909	0.04	0.167	1
"BTG2"	0.249658251898198	-3.56154960573016	0.28	0.417	1
"GCC2"	0.249658251898198	-12.0683435619227	0.2	0.333	1
"PTPN14"	0.249658251898198	2.5592972124198	0.04	0.444	1
"DCC"	0.255741032284978	0.837823329302732	0.04	0.222	1
"NMU"	0.255741032284978	0.676644851023749	0.16	0.639	1
"PDIA4"	0.255741032284978	-6.92477837183257	0.4	0.306	1
"FGFBP3"	0.255741032284978	-0.495366029936552	0.32	0.167	1
"CAPN6"	0.255741032284978	-6.49172285032078	0	0.222	1
"SNCAIP"	0.255741032284978	2.75241767953704	0.44	0.222	1
"HAT1"	0.255741032284978	-0.507551191652905	0.24	0.278	1
"GRIN2B"	0.261926040041254	2.06112289925644	0.12	0.111	1
"CSMD3"	0.261926040041254	12.4596389690791	0.04	0.333	1
"IER3"	0.261926040041254	-11.9455954760151	0.04	0.25	1
"PRDX1"	0.261926040041254	-0.550532053433519	0.24	0.278	1
"CAMK2N1"	0.261926040041254	0.362271133132911	0.16	0.139	1
"PPM1H"	0.261926040041254	-6.33475743054891	0.04	0.278	1
"NDUFA4L2"	0.268213640909526	-8.86481389749759	0.08	0.5	1
"PDE1A"	0.268213640909526	-1.90208530390927	0.4	0.528	1
"BBC3"	0.268213640909526	-0.83568286581932	0.08	0.25	1
"MTSS1"	0.268213640909526	0.879548453696342	0.12	0.028	1
"PLCB1"	0.268213640909526	-1.66051860091878	0.12	0.167	1
"AC002429.2"	0.268213640909526	7.30955625549763	0.24	0.389	1
"MFAP4"	0.268213640909526	-7.86461592614258	0.12	0.361	1
"WSB1"	0.274604162212552	7.45180402929442	0.32	0.472	1
"KCTD16"	0.274604162212552	1.33237977629599	0.04	0.278	1
"SPRY1"	0.274604162212552	-5.25110096231419	0.32	0.472	1
"CD44"	0.274604162212552	1.99334054886992	0.36	0.528	1
"NRP2"	0.281097892007414	7.67490575812185	0.6	0.917	1
"AC093677.2"	0.281097892007414	-11.7229477408286	0	0.194	1
"FBXO48"	0.281097892007414	1.95216249030666	0.08	0.278	1
"PPP1R12B"	0.281097892007414	1.506000769904	0.2	0.361	1
"AL139260.1"	0.281097892007414	4.21138423810262	0.16	0.25	1
"ANP32E"	0.287695078259791	0.530151729779037	0.12	0.333	1
"GINS2"	0.287695078259791	-0.460933054059117	0.12	0.056	1
"CNTNAP4"	0.287695078259791	-2.20448356611124	0	0.333	1
"THAP9"	0.287695078259791	-5.3400988909303	0.04	0.194	1
"IGFBP2"	0.294395928039651	-8.2308459054133	0.28	0.278	1
"PDZD2"	0.294395928039651	-13.301025950237	0	0.167	1
"SLC2A1"	0.294395928039651	-2.01920159632884	0.32	0.611	1
"CXCR4"	0.294395928039651	0.336058056816491	0.12	0.167	1
"LHFPL6"	0.294395928039651	6.69079428450204	0.44	0.889	1
"MCUB"	0.294395928039651	0.365687074422408	0.36	0.333	1
"ITGB8"	0.294395928039651	-0.849718401214643	0.48	0.444	1
"LAYN"	0.294395928039651	-14.7903569264757	0.08	0.25	1
"C4orf47"	0.294395928039651	-6.39155356374485	0.04	0.389	1
"CEP350"	0.294395928039651	-1.79606001040783	0.28	0.278	1
"ZNF491"	0.294395928039651	1.60443345084291	0.12	0.028	1
"IFITM3"	0.301200606739588	-0.661475332162048	0.64	0.694	1
"OCIAD2"	0.301200606739588	-0.796936268848156	0.04	0.278	1
"CCDC174"	0.301200606739588	-3.57884307817512	0.4	0.5	1
"DCT"	0.301200606739588	11.7564742379855	0.04	0.417	1
"CROT"	0.301200606739588	-3.29682855253911	0.28	0.667	1
"LRP8"	0.301200606739588	-0.338493345108063	0.16	0.167	1
"AC005822.1"	0.301200606739588	-8.75677687855452	0.12	0.194	1
"MT-RNR1"	0.308109237316998	-2.71113775270736	0.92	0.917	1
"MT-CO2"	0.308109237316998	3.87436126308557	0.6	0.333	1
"MDK"	0.308109237316998	-3.58689475489398	0.68	0.556	1
"SH3BGRL3"	0.308109237316998	-0.557609679766799	0.16	0.111	1
"KIF22"	0.308109237316998	2.73135802673055	0.2	0.111	1
"TLE2"	0.308109237316998	-2.80463478506559	0	0.139	1
"ZC3H8"	0.308109237316998	-1.01971195861706	0.08	0.194	1
"TNC"	0.315121899561295	2.46264632745962	0.56	0.528	1
"PROX1-AS1"	0.315121899561295	2.6800212914574	0.04	0.111	1
"PTCHD1-AS"	0.315121899561295	-4.55399379811151	0	0.111	1
"LINC00598"	0.315121899561295	-2.2774073497554	0	0.222	1
"PCDHB11"	0.315121899561295	14.8592267137496	0.04	0.417	1
"AP001107.9"	0.315121899561295	2.35060194718727	0.08	0.167	1
"EGLN3"	0.322238629387343	-8.16767139121536	0.52	0.528	1
"LUZP2"	0.322238629387343	0.591149702050366	0.44	0.889	1
"LGALS3"	0.322238629387343	-2.58668464991749	0.12	0.444	1
"LINC01896"	0.322238629387343	0.333892009069655	0.12	0.028	1
"AC008758.1"	0.322238629387343	9.771377959921	0.04	0.361	1
"UNC5B"	0.322238629387343	-5.72411104664054	0.08	0.389	1
"ZBTB38"	0.322238629387343	-0.413938016643287	0.12	0.306	1
"FAM214A"	0.322238629387343	-0.386184481941954	0.08	0.194	1
"PDIA2"	0.329459418156267	13.2670531407094	0.12	0.417	1
"GRIP1"	0.329459418156267	0.993368144144813	0.08	0.111	1
"TWISTNB"	0.329459418156267	9.04956980032364	0.36	0.472	1
"CEP126"	0.329459418156267	0.700009869589495	0.16	0.306	1
"ETS2"	0.329459418156267	-5.00219966019521	0.04	0.472	1
"NMNAT2"	0.329459418156267	3.34982738659532	0.2	0.194	1
"ATP2B1"	0.336784212024788	3.73534415411049	0.44	0.75	1
"CD63"	0.336784212024788	1.4415120313461	0.92	0.694	1
"GRID2"	0.336784212024788	-0.392143208786047	0	0.111	1
"USP51"	0.336784212024788	-7.06061132867196	0.16	0.639	1
"LINC02525"	0.336784212024788	-13.6594325465465	0.08	0.333	1
"ENO1"	0.344212911324206	8.3909746112606	0.6	0.694	1
"CNTNAP2"	0.344212911324206	1.93532949809809	0.84	0.75	1
"DEK"	0.344212911324206	-0.369303161549226	0.08	0.194	1
"GMNN"	0.344212911324206	1.34800610124118	0.12	0.194	1
"LHX2"	0.344212911324206	-0.286331972323424	0.16	0.25	1
"FAM156A"	0.344212911324206	14.7835527535009	0.04	0.444	1
"CBLB"	0.344212911324206	-0.488624711446659	0	0.111	1
"DBI"	0.35174536997014	1.30428702125051	0.76	0.694	1
"JUN"	0.35174536997014	-1.9971036003122	0.4	0.444	1
"STK17A"	0.35174536997014	-4.45029718589108	0.04	0.167	1
"AC091826.2"	0.35174536997014	0.900268985992722	0.04	0.25	1
"ANOS1"	0.359381394904088	0.602261542025266	0.64	0.611	1
"PIK3R1"	0.359381394904088	-0.804175218130972	0.36	0.361	1
"ERBB4"	0.367120745567879	0.914905301976629	0.44	0.194	1
"COL11A1"	0.367120745567879	-0.787575548622754	0.4	0.306	1
"CTNND2"	0.367120745567879	1.99524942695556	0.48	0.611	1
"AC104041.1"	0.367120745567879	1.31819850199192	0.04	0.194	1
"ZBTB20"	0.367120745567879	-2.46313731928996	0.4	0.25	1
"LRRN1"	0.37496313341203	4.1432449377231	0.56	0.389	1
"SPTB"	0.37496313341203	-14.0609102599711	0.04	0.306	1
"BEX1"	0.37496313341203	0.382089347890101	0.2	0.111	1
"UNC80"	0.37496313341203	14.4417263393353	0.16	0.444	1
"MT-ND4L"	0.382908221439001	1.70187840437467	0.52	0.417	1
"ACVR1"	0.382908221439001	2.47331137776272	0.12	0.194	1
"UFL1"	0.382908221439001	1.95576730246993	0.52	0.528	1
"CCSAP"	0.382908221439001	0.27814885562274	0.12	0.056	1
"FN1"	0.382908221439001	-3.46362293686798	0.28	0.639	1
"ERMN"	0.382908221439001	-1.61123713441819	0.04	0.5	1
"SLC2A3"	0.382908221439001	-1.35040070446143	0.04	0.278	1
"CDO1"	0.390955623782322	-3.2926659783507	0.68	0.694	1
"PDZRN4"	0.390955623782322	10.5394984766275	0.2	0.278	1
"HMGCR"	0.390955623782322	0.628821244770631	0.48	0.333	1
"NMB"	0.390955623782322	-8.819781648663	0.32	0.472	1
"EPHA6"	0.399104905322503	-0.603872390213239	0	0.222	1
"SLC16A1"	0.399104905322503	-2.02341342726624	0.36	0.444	1
"CWF19L2"	0.399104905322503	-0.911586448297686	0.28	0.278	1
"PDZRN3"	0.407355581340644	-0.27003495653441	0.08	0.111	1
"CD9"	0.407355581340644	-6.8047231817964	0.32	0.667	1
"AP001486.2"	0.407355581340644	-8.41873254255152	0.04	0.194	1
"CELF2"	0.407355581340644	-0.62234450263729	0.12	0.111	1
"ZBTB20-AS4"	0.407355581340644	7.73550008827539	0.04	0.361	1
"GLIS3"	0.407355581340644	2.66162948564801	0.32	0.667	1
"GDA"	0.407355581340644	-1.69783933578412	0.24	0.444	1
"LRRC3B"	0.415707117210576	-1.6694562191858	0.44	0.389	1
"COL25A1"	0.415707117210576	6.42833152972891	0.04	0.278	1
"SLC7A11"	0.415707117210576	3.5952698659839	0.48	0.444	1
"ZNF433-AS1"	0.415707117210576	-0.489539827614003	0.04	0.139	1
"KLHL29"	0.415707117210576	-0.418555674628362	0	0.111	1
"SOX2-OT"	0.424158928130369	0.363687029322601	0.2	0.306	1
"CCND1"	0.424158928130369	-9.82787281143013	0.08	0.528	1
"MTUS1"	0.424158928130369	1.77725846908803	0.24	0.083	1
"CTSV"	0.424158928130369	4.89706533697221	0.04	0.444	1
"PVT1"	0.424158928130369	-3.96659168588466	0	0.333	1
"GSTP1"	0.424158928130369	-1.90231463740485	0.72	0.833	1
"FAM162A"	0.432710378893976	-1.79632183544013	0.56	0.611	1
"KCNQ1OT1"	0.432710378893976	-4.52475770750396	0	0.222	1
"SERINC5"	0.432710378893976	-9.82427215229838	0.44	0.556	1
"MSRA"	0.432710378893976	-2.48690878415605	0.04	0.194	1
"AC010210.1"	0.432710378893976	6.55388463431062	0.12	0.306	1
"FOXP1"	0.432710378893976	-1.43246307159666	0.24	0.361	1
"AP000282.1"	0.441360783703738	-10.6794766354935	0	0.278	1
"TMEM130"	0.441360783703738	1.5938701519473	0.08	0.444	1
"HERPUD1"	0.450109406024455	-9.769295635018	0.32	0.5	1
"NAV3"	0.450109406024455	-3.40757812060359	0.32	0.222	1
"MYO10"	0.450109406024455	1.39135875712381	0.72	0.806	1
"SYT17"	0.450109406024455	0.461457010524843	0.2	0.278	1
"AC012213.1"	0.450109406024455	-13.6659600968223	0	0.278	1
"TAF4B"	0.450109406024455	-14.9114057159024	0	0.306	1
"VAX2"	0.450109406024455	-1.98483958976927	0	0.139	1
"GRIA1"	0.458955458479653	2.11654007430208	0.28	0.111	1
"FARS2"	0.458955458479653	0.260955001829982	0.16	0.139	1
"SIX3"	0.458955458479653	2.12664740002529	0.28	0.722	1
"PTH2R"	0.458955458479653	-2.03527197848131	0.04	0.139	1
"PDE5A"	0.458955458479653	8.66662379166726	0.04	0.167	1
"KANTR"	0.458955458479653	-3.75614984897422	0.08	0.139	1
"CDKN1A"	0.46789810279065	-7.26615872146922	0.24	0.444	1
"HSPA5"	0.46789810279065	-10.6988254560028	0.68	0.639	1
"PHEX"	0.46789810279065	5.97301846971197	0.04	0.417	1
"ZNF684"	0.46789810279065	-7.23780156414364	0	0.111	1
"DSEL"	0.46789810279065	3.52121779603245	0.24	0.167	1
"AL353194.1"	0.46789810279065	-4.57178658662054	0.04	0.306	1
"CPS1"	0.46789810279065	9.75920865304274	0.04	0.139	1
"IDUA"	0.46789810279065	3.74645730217596	0.04	0.222	1
"MT-CO3"	0.476936449758964	-2.32733409200211	0.12	0.083	1
"NRXN1"	0.476936449758964	1.55921353676316	0.16	0.028	1
"H2AFV"	0.476936449758964	-0.573668696076058	0.08	0.194	1
"CAPS"	0.476936449758964	-14.3200063785357	0	0.139	1
"AL731569.1"	0.476936449758964	-1.59818935363249	0	0.111	1
"TFP1"	0.476936449758964	5.61928104201299	0.04	0.25	1
"SCRG1"	0.486069559292565	4.01640975847983	0.56	0.5	1
"TNFRSF10D"	0.486069559292565	4.76733933024302	0.16	0.444	1
"CUX2"	0.486069559292565	-0.655796815870129	0	0.111	1
"ZNF704"	0.486069559292565	-0.736495260514329	0.12	0.167	1
"NPW"	0.486069559292565	-6.33799264214433	0	0.25	1
"EEA1"	0.486069559292565	3.46603389403177	0.36	0.472	1
"SESN3"	0.486069559292565	-3.12085605452201	0.68	0.722	1
"GARS"	0.486069559292565	-1.19683776914399	0.28	0.333	1
"GRIN2D"	0.486069559292565	-3.76268903314629	0	0.139	1
"PRUNE2"	0.486069559292565	1.40119222681122	0.48	0.694	1
"SMC4"	0.495296440476407	-0.542926224803614	0.08	0.111	1
"DDIT3"	0.495296440476407	-10.0940257576652	0.24	0.444	1
"NLGN1"	0.495296440476407	1.17909347453378	0.2	0.25	1
"HK2"	0.495296440476407	-0.77851876971037	0.24	0.361	1
"TTLL11"	0.495296440476407	-1.32797520838896	0	0.139	1
"HMGN3"	0.495296440476407	-1.83844432692486	0.4	0.472	1
"NOL3"	0.495296440476407	-9.3902966858581	0.16	0.389	1
"GPX3"	0.504616051687645	-10.5552306398869	0.16	0.444	1
"KHDRBS2"	0.504616051687645	-0.716924399016617	0	0.278	1
"LINC00504"	0.504616051687645	-13.4751390404264	0.08	0.111	1
"SOX5"	0.504616051687645	1.07386325810126	0.2	0.056	1
"GALNT17"	0.504616051687645	8.56934501249556	0.08	0.25	1
"NR2F1-AS1"	0.504616051687645	1.2745241498025	0.72	0.917	1
"ARHGAP5"	0.504616051687645	2.36511344045339	0.76	0.722	1
"MDM2"	0.504616051687645	-0.739737817122178	0.32	0.444	1
"MSH4"	0.504616051687645	14.9028481297379	0.08	0.194	1
"AP000708.1"	0.504616051687645	2.56030306712535	0.04	0.111	1
"ADGRL2"	0.504616051687645	0.574630065714222	0.04	0.222	1
"SERPINI1"	0.51402730075587	1.87132189005001	0.12	0.25	1
"CNTN1"	0.51402730075587	0.895335813230327	0.08	0.111	1
"S100A10"	0.51402730075587	0.763639045929697	0.56	1	1
"RORB"	0.51402730075587	-0.991013492906009	0	0.25	1
"AC008040.5"	0.51402730075587	-13.6402227257588	0	0.139	1
"ZGLP1"	0.51402730075587	1.14235712823334	0.04	0.194	1
"WFDC2"	0.51402730075587	-7.99927449724639	0.04	0.361	1
"MYLIP"	0.51402730075587	8.35929128431579	0.04	0.389	1
"LURAP1"	0.51402730075587	-2.89404537031369	0.04	0.5	1
"VGLL3"	0.51402730075587	-3.90313512297642	0	0.222	1
"CCR10"	0.51402730075587	-10.6445648230918	0	0.222	1
"IGFBP5"	0.523529045168641	0.794379238880996	0.56	0.778	1
"SOX9"	0.523529045168641	0.661545244194753	0.64	0.611	1
"TENM2"	0.523529045168641	0.591483306999835	0.04	0.167	1
"ROBO1"	0.523529045168641	0.935293061104106	0.28	0.083	1
"ARID5B"	0.523529045168641	-1.65576655832776	0.28	0.528	1
"CREB5"	0.523529045168641	-0.892465901025089	0.32	0.306	1
"CCDC112"	0.523529045168641	0.63665490018206	0.12	0.139	1
"NUPR1"	0.533120092322551	2.54902161879325	0.68	1	1
"PLCB4"	0.533120092322551	-9.23672391089671	0.08	0.222	1
"DAPK1"	0.533120092322551	-3.34089295808906	0.12	0.139	1
"CX3CL1"	0.533120092322551	9.11305996403312	0.12	0.306	1
"MDGA2"	0.542799199819997	1.11888428044973	0.04	0.111	1
"FAM89A"	0.542799199819997	0.911903088027877	0.44	0.833	1
"NFIA"	0.542799199819997	1.18126943442291	0.52	0.389	1
"TMEM97"	0.542799199819997	-0.475052351146084	0.32	0.278	1
"RGS6"	0.542799199819997	1.04759415856555	0.4	0.694	1
"HOPX"	0.552565075811765	-3.66023237344062	0.28	0.361	1
"SPARC"	0.552565075811765	1.31250393420596	0.96	0.917	1
"SORCS3"	0.552565075811765	4.36403416827788	0.08	0.389	1
"DUT"	0.552565075811765	0.918212486011581	0.32	0.361	1
"ZFHX2-AS1"	0.552565075811765	-1.04395809393539	0	0.111	1
"HSP90AB1"	0.552565075811765	-0.482593388225873	0.2	0.333	1
"SH2D6"	0.552565075811765	-7.69350330908196	0	0.333	1
"CHPF"	0.552565075811765	-5.58503057071789	0.52	0.639	1
"RPS2"	0.552565075811765	-3.8686900411047	0.2	0.361	1
"FABP7"	0.562416379385481	-3.76239803542723	0.04	0.194	1
"SNHG14"	0.562416379385481	0.423680860972242	0.32	0.194	1
"FSTL5"	0.562416379385481	0.91523072780428	0.2	0.5	1
"C3orf14"	0.562416379385481	0.574958155572441	0.56	0.417	1
"SLC3A2"	0.572351720999938	-6.33727487505403	0.64	0.611	1
"H3F3B"	0.572351720999938	0.711610190521467	0.2	0.167	1
"ZFHX4"	0.572351720999938	3.56857885197691	0.28	0.306	1
"HRH2"	0.572351720999938	-4.20706407623129	0.08	0.222	1
"EIF4EBP1"	0.572351720999938	-1.03802230461524	0.16	0.278	1
"SEZ6L2"	0.572351720999938	-1.58323900142666	0.04	0.167	1
"STARD9"	0.572351720999938	1.52170192589411	0.04	0.222	1
"GUCY1A1"	0.58236467605502	11.3106810733806	0.12	0.5	1
"NELL2"	0.582369662965226	-0.956613647318275	0.24	0.167	1
"MT-ND2"	0.582369662965226	0.781220278991613	0.48	0.361	1
"UTRN"	0.582369662965226	2.77128793896495	0.36	0.667	1
"B3GAT2"	0.582369662965226	8.31490130102766	0.36	0.139	1
"AC004076.1"	0.582369662965226	-2.92228161563727	0.12	0.472	1
"PPP1R1A"	0.582369662965226	1.11497233199524	0.16	0.444	1
"SPP1"	0.592468719968538	-1.38271887168269	0.28	0.528	1
"DPP6"	0.592468719968538	-0.767955679973493	0.28	0.222	1
"TBC1D2"	0.592468719968538	-3.8357771198224	0	0.222	1
"NPAS3"	0.592468719968538	13.6958679094052	0.56	0.5	1
"ZNF354A"	0.592468719968538	3.4169020554978	0.12	0.194	1
"ZNF81"	0.592468719968538	-2.24782917797858	0.08	0.139	1
"DDIT4"	0.602647359645491	-0.554260377131241	0.76	0.639	1
"KPNA2"	0.602647359645491	-0.36353165552765	0.04	0.139	1
"GFAP"	0.602647359645491	1.32926671065898	0.48	0.861	1
"ANK3"	0.602647359645491	-1.60524340623829	0.12	0.278	1
"CKS1B"	0.602647359645491	-2.82574897098298	0.12	0.25	1
"CALD1"	0.602647359645491	-11.4155911562792	0.32	0.417	1
"CA3"	0.602647359645491	-3.58610903746541	0.04	0.222	1
"ARRDC3"	0.602647359645491	-1.98196493756484	0.08	0.194	1
"MT-ATP6"	0.612904003196684	1.67299154709966	0.6	0.389	1
"EYA1"	0.612904003196684	-7.69346057585183	0	0.139	1
"MIR210HG"	0.612904003196684	-0.485376261262607	0.2	0.361	1
"SLC38A1"	0.623237026049225	-0.846101285198828	0.12	0.111	1
"CLASP1"	0.623237026049225	0.298320174406864	0.32	0.056	1
"WWOX"	0.623237026049225	-2.11504416568495	0.2	0.306	1
"RUFY2"	0.623237026049225	2.67428607988495	0.16	0.083	1
"NPPA"	0.633644758562839	0.47768010832975	0.04	0.111	1
"ARHGAP10"	0.633644758562839	8.15380816810837	0.04	0.528	1
"AC103876.1"	0.633644758562839	-2.70447642999696	0	0.361	1
"FOCAD"	0.633644758562839	-8.36219624599315	0.16	0.444	1
"SLC7A9"	0.633644758562839	-10.8431445502965	0	0.111	1
"CALB1"	0.633644758562839	-0.315256448004813	0.12	0.583	1
"AC110769.2"	0.633644758562839	-1.89638681582579	0	0.222	1
"MGAT4C"	0.644125486780133	3.45784149753121	0.4	0.417	1
"ETV2"	0.644125486780133	0.799531565588485	0.12	0.389	1
"KCTD8"	0.644125486780133	2.1748022607391	0.04	0.528	1
"NRG3"	0.654677453220552	12.4763769186538	0.36	0.222	1
"CADPS"	0.654677453220552	5.61531820244246	0.2	0.222	1
"ALCAM"	0.654677453220552	3.34015999467547	0.4	0.667	1
"KCNC4"	0.654677453220552	14.8944060786625	0.04	0.361	1
"PDE4B"	0.654677453220552	0.737701959017156	0.28	0.194	1
"CSRP2"	0.665298857717452	-0.252190851342504	0.24	0.139	1
"SRM"	0.665298857717452	0.323796222525161	0.32	0.222	1
"BCHE"	0.665298857717452	1.02740949751769	0.24	0.333	1
"NRN1"	0.675987858297713	-5.39726424370825	0.08	0.361	1
"FOS"	0.675987858297713	-1.07058433938687	0.12	0.194	1
"AP1S2"	0.675987858297713	-5.32371130848054	0.16	0.278	1
"ATP1B1"	0.675987858297713	2.33897119517005	0.44	0.472	1
"CAMTA1-DT"	0.675987858297713	13.5862086180553	0.04	0.389	1
"SNORC"	0.675987858297713	-1.89500078273515	0	0.333	1
"GRIA3"	0.675987858297713	3.08072950815359	0.32	0.167	1
"ADGRB3"	0.6867425721032	2.19292240605267	0.28	0.278	1
"H2AFZ"	0.6867425721032	-0.961947170975888	0	0.139	1
"VSNL1"	0.6867425721032	-1.9607239181591	0.04	0.222	1
"TFDP2"	0.6867425721032	1.10431819130626	0.28	0.278	1
"SPRY4"	0.6867425721032	-0.741802301575169	0	0.194	1
"SNTG2"	0.6867425721032	5.25621218376766	0.08	0.25	1
"HSP90B1"	0.697561076353379	-10.4786381069385	0.48	0.528	1
"RND3"	0.697561076353379	1.45275608366713	0.12	0	1
"GATM"	0.697561076353379	5.75656836211214	0.4	0.75	1
"ANKRD36C"	0.697561076353379	0.619927302338545	0.2	0.028	1
"AK4"	0.697561076353379	-1.31032302458445	0.16	0.472	1
"ZNF804A"	0.708441409348276	0.456775450985516	0.12	0	1
"AKR1C3"	0.708441409348276	-2.40312614790419	0.2	0.5	1
"GRM5"	0.708441409348276	10.4486943351844	0.16	0.444	1
"GPC3"	0.708441409348276	-13.0542870317509	0	0.361	1
"AC006064.2"	0.708441409348276	2.31054078415635	0.04	0.5	1
"SEC11C"	0.708441409348276	0.738433408892941	0.4	0.361	1
"TFRC"	0.71938157151097	-0.916445841228884	0.16	0.389	1
"CSRNP3"	0.71938157151097	0.994428380014988	0.24	0.194	1
"TNRC6C"	0.71938157151097	0.686176448674364	0.08	0.111	1
"DNAJB9"	0.730379526468703	-3.58223612071304	0.36	0.444	1
"ANGPTL4"	0.730379526468703	2.27831332849822	0.28	0.5	1
"NTM"	0.730379526468703	0.428216159835972	0.2	0.278	1
"PKIA"	0.730379526468703	0.503051679582481	0.2	0.083	1
"AATK"	0.730379526468703	-7.5118850836276	0	0.111	1
"BAZ2B"	0.730379526468703	1.6302614336056	0.32	0.222	1
"TAGLN2"	0.741433202171676	-2.63009707923529	0.56	0.556	1
"LDHA"	0.741433202171676	-13.630036646694	0.08	0.306	1
"FAM107A"	0.741433202171676	-3.20001826770763	0.52	0.611	1
"CKB"	0.741433202171676	2.20064294975535	0.4	0.306	1
"SEC61G"	0.741433202171676	-0.824344294352762	0.24	0.306	1
"P2RY1"	0.741433202171676	-2.23645048172647	0.16	0.444	1
"PPP1R3G"	0.741433202171676	0.60462677106746	0.04	0.333	1
"IRS1"	0.741433202171676	-4.45534448776857	0.16	0.528	1
"AGBL3"	0.741433202171676	6.54211670924085	0.08	0.306	1
"CGNL1"	0.741433202171676	-13.3357603280418	0	0.389	1
"CACNA2D3"	0.752540492048514	-2.552162737235	0	0.111	1
"AL031777.3"	0.752540492048514	3.29257828567999	0.04	0.278	1
"IER2"	0.752540492048514	0.684660424550925	0.28	0.25	1
"SOX6"	0.752540492048514	1.72248376942119	0.44	0.722	1
"FAM49A"	0.752540492048514	4.87961849072276	0.44	0.639	1
"SEMA6D"	0.752540492048514	-1.32281313631084	0.56	0.861	1
"SFRP2"	0.752540492048514	4.37272211697931	0.2	0.444	1
"NLN"	0.752540492048514	0.275369681441131	0.12	0.111	1
"CPXM2"	0.763687131124495	3.37889618331757	0.12	0.5	1
"DLG2"	0.763699256197351	1.36543214312892	0.24	0.111	1
"MALAT1"	0.763699256197351	1.87062815321799	0.6	0.556	1
"KLF10"	0.763699256197351	-6.44313320414002	0.12	0.333	1
"RAMP1"	0.763699256197351	4.99046651450178	0.28	0.667	1
"FILIP1"	0.763699256197351	-0.885843879297946	0.04	0.194	1
"RARS"	0.763699256197351	-2.28608910064977	0.36	0.25	1
"LMNA"	0.763699256197351	6.24285482807004	0.24	0.389	1
"MT2A"	0.774907322611436	2.28445028448385	0.8	0.889	1
"KIAA1211"	0.774907322611436	0.606880448147311	0.12	0.083	1
"CHRNA7"	0.774907322611436	5.08247726176454	0.04	0.444	1
"ID1"	0.786162488438079	-10.7264155728613	0.04	0.444	1
"TIMP3"	0.786162488438079	-0.851696022726497	0.76	0.722	1
"MEST"	0.786162488438079	-10.3742408948726	0.56	0.556	1
"NR2F2"	0.786162488438079	-4.20018827089075	0.36	0.417	1
"SPDL1"	0.786162488438079	-0.973253083663589	0.08	0.222	1
"TUBA4A"	0.786162488438079	-2.37979384330696	0.16	0.417	1
"SPARCL1"	0.797462521269765	-0.97241262962358	0.64	0.917	1
"PEG10"	0.797462521269765	-1.28962621908529	0.2	0.25	1
"TNFAIP8L3"	0.797462521269765	-2.23868088107694	0.12	0.444	1
"SLAIN1"	0.797462521269765	0.483258507190173	0.16	0.028	1
"EYS"	0.797462521269765	-2.02150017546053	0	0.194	1
"KCNAB1"	0.797462521269765	2.97031555031524	0.04	0.139	1
"CALM1"	0.808805160466149	0.930075295470747	0.72	0.611	1
"PCDH10"	0.808805160466149	2.85278336421165	0.48	0.556	1
"CDKN2A"	0.808805160466149	-4.04714042176061	0	0.167	1
"TGFB1"	0.808805160466149	1.18842914963703	0.04	0.167	1
"CDCA7L"	0.808805160466149	-0.919918431280644	0.08	0.139	1
"PMP2"	0.82018811850566	-3.40879822411872	0.48	0.611	1
"AL078639.1"	0.82018811850566	-5.14716472496481	0.32	0.472	1
"PALMD"	0.82018811850566	-9.14815319381913	0.08	0.333	1
"FRMD4B"	0.82018811850566	-1.49464287763313	0.12	0.194	1
"CALR"	0.82018811850566	-1.05967621329149	0.56	0.5	1
"MMP16"	0.82018811850566	3.13081895290044	0.16	0.111	1
"PHLDA1"	0.831609082365365	-4.60328252340014	0.04	0.306	1
"NKAIN4"	0.831609082365365	7.51958002554228	0.6	0.75	1
"NRCAM"	0.831609082365365	1.114922620225	0.44	0.389	1
"AKNA"	0.831609082365365	-0.640558488889031	0	0.167	1
"AKAP12"	0.843065714927702	-1.49106577901831	0.12	0.417	1
"GRHL1"	0.843065714927702	-5.75298147891577	0.04	0.417	1
"HIST1H2BN"	0.843065714927702	-0.629818291538318	0	0.139	1
"AGBL4"	0.843065714927702	4.57001243281417	0.04	0.278	1
"USHBP1"	0.843065714927702	-2.95300150122432	0	0.222	1
"AL136454.1"	0.843065714927702	-4.12049831820714	0	0.111	1
"KCTD12"	0.854555656412676	-4.88675669454808	0.12	0.472	1
"SPTBN1"	0.854555656412676	-0.586715928965897	0.52	0.472	1
"ZFR2"	0.854555656412676	-1.89658315453565	0.08	0.111	1
"FGF12"	0.866076525834038	0.456447298716511	0.12	0.111	1
"RYR2"	0.866076525834038	-0.763413820199955	0.04	0.139	1
"GABRB3"	0.866076525834038	1.02671926064633	0.28	0.167	1
"AL391069.2"	0.866076525834038	-13.2096292041595	0	0.222	1
"APCDD1"	0.866076525834038	-2.29360062436113	0.36	0.444	1
"ZFP36L1"	0.877625922477975	-7.20186339721154	0.84	0.806	1
"FTX"	0.877625922477975	2.0694051882311	0.2	0.083	1
"CCDC88A"	0.877625922477975	-0.707644184423757	0.28	0.194	1
"UBB"	0.877625922477975	0.513150984865139	0.72	0.778	1
"HIST1H2AC"	0.877625922477975	-2.94537475004718	0.08	0.306	1
"NOC3L"	0.877625922477975	2.40814611531055	0.2	0.194	1
"CIART"	0.877625922477975	2.44893141249294	0.08	0.361	1
"DCST1-AS1"	0.877625922477975	14.8900663963676	0.04	0.111	1
"ZFP36L2"	0.877625922477975	-3.67668151358855	0.4	0.5	1
"MTHFD2"	0.889201427402758	-1.94193119033823	0.12	0.333	1
"GADD45A"	0.889201427402758	-7.78457925778873	0.16	0.472	1
"MIS18BP1"	0.889201427402758	-0.46836123349934	0	0.111	1
"MCHR1"	0.889201427402758	-5.87959518742305	0.32	0.5	1
"SPATA5"	0.889201427402758	0.28546069216301	0.08	0.222	1
"TTC28"	0.889201427402758	0.892299369025061	0.2	0.083	1
"TNFRSF12A"	0.900800604957811	0.337370231722426	0.2	0.5	1
"KITLG"	0.900800604957811	1.20194975748597	0.2	0.167	1
"EPHA4"	0.900800604957811	-0.814259020123204	0.16	0.25	1
"ALPL"	0.900800604957811	10.0840927838071	0.04	0.472	1
"ESRRG"	0.900800604957811	-1.26391968208972	0	0.278	1
"BCL3"	0.900800604957811	-2.54094729292605	0.04	0.25	1
"TNFAIP3"	0.900800604957811	-8.79890093184878	0	0.25	1
"HES5"	0.912421004320588	3.80328560588637	0.4	0.306	1
"BTG1"	0.912421004320588	-1.05652311338133	0	0.167	1
"PURPL"	0.912421004320588	3.59986710262701	0.04	0.472	1
"LINC01551"	0.912421004320588	-0.593821215967477	0.16	0.028	1
"CEBPG"	0.912421004320588	-0.841371769265904	0.16	0.278	1
"TAGLN"	0.912421004320588	-5.15552676363666	0.04	0.472	1
"SFRP1"	0.924060161049668	-9.73626815558861	0.04	0.139	1
"TRH"	0.924060161049668	2.25809760021307	0.04	0.25	1
"APLF"	0.924060161049668	9.51925110485014	0.04	0.417	1
"AC005076.1"	0.924060161049668	-3.04448201844219	0	0.139	1
"XBP1"	0.935715598652403	-1.04945139871321	0.24	0.417	1
"DAB1"	0.935715598652403	-0.542943381528409	0.08	0.139	1
"STC1"	0.935715598652403	-1.3284562718372	0.04	0.333	1
"GPC6"	0.935715598652403	-2.62531087759538	0.08	0.389	1
"ELOVL6"	0.935715598652403	0.916129280023786	0.28	0.167	1
"RSPO2"	0.94738483016548	0.907202823141382	0.6	0.917	1
"MT-CO1"	0.94738483016548	-0.270622789391075	0.28	0.306	1
"P4HA1"	0.94738483016548	-1.08531334933148	0.48	0.556	1
"CDH13"	0.94738483016548	1.66869392377164	0.12	0.222	1
"CCDC186"	0.94738483016548	-1.32507912129654	0.32	0.333	1
"STC2"	0.959065359746695	-7.87704809778006	0.44	0.5	1
"NQO1"	0.959065359746695	1.77630586753282	0.68	1	1
"KCNH8"	0.959065359746695	1.61310356010256	0.12	0	1
"SLC6A1"	0.959065359746695	1.61687886171807	0.2	0.222	1
"CYR61"	0.959065359746695	-10.2797210531492	0.12	0.333	1
"NAALADL2"	0.970754684276263	0.92450268965583	0.08	0.361	1
"MIR99AHG"	0.970754684276263	9.56378760322833	0.4	0.222	1
"AUTS2"	0.970754684276263	0.496761041411021	0.12	0.056	1
"GLI3"	0.970754684276263	-0.293491120340657	0.2	0.278	1
"PPIB"	0.970754684276263	-2.6649089182161	0.52	0.444	1
"MSTN"	0.970754684276263	3.75255170351632	0.32	0.583	1
"AC008014.1"	0.970754684276263	-5.56538623915318	0	0.361	1
"FALEC"	0.970754684276263	-5.88951116006732	0.04	0.167	1
"CTGF"	0.982450294965932	-8.70607819858268	0.08	0.111	1
"CADM1"	0.982450294965932	0.408546901386727	0.32	0.222	1
"LINC00461"	0.982450294965932	4.17957917361245	0.4	0.417	1
"AL133353.1"	0.982450294965932	8.73084731103784	0.04	0.306	1
"TMEM161B-AS1"	0.982450294965932	-0.314024505346229	0.04	0.111	1
"HES1"	0.994149678974187	0.298890054704405	0.72	0.75	1
"CKS2"	0.994149678974187	-14.187357854738	0.16	0.167	1
"GNG5"	0.994149678974187	-1.7689703144434	0.52	0.528	1
"UBE2T"	1	-0.447384003078929	0.04	0.111	1
"DNAH3"	1	-13.6270618500427	0	0.167	1
"PTPRO"	1	0.293397868501648	0.12	0.111	1
