"p_val"	"avg_log2FC"	"pct.1"	"pct.2"	"p_val_adj"
"FOXP2"	2.87718679634636e-50	5.78491261084915	0.045	0.626	8.63156038903909e-47
"BAMBI"	2.3131586698668e-46	7.20236638164578	0.012	0.461	6.93947600960039e-43
"LRFN5"	3.12874003422748e-46	10.1080999521854	0.019	0.626	9.38622010268245e-43
"FAM155A"	3.25719353743357e-46	9.66657472532686	0.026	0.413	9.77158061230072e-43
"CKM"	1.64784330104595e-43	11.9849410984197	0.017	0.714	4.94352990313785e-40
"MIR181A1HG"	3.25692990609447e-43	-6.91001624440998	0.038	0.413	9.77078971828342e-40
"AC092506.1"	4.43740433020173e-42	2.08353410586646	0.028	0.767	1.33122129906052e-38
"ZNF267"	1.03586433112869e-41	3.90953557894415	0.024	0.461	3.10759299338606e-38
"ETV2"	2.75141105369644e-41	5.53382949752042	0.033	0.583	8.25423316108932e-38
"FGF9"	3.65706217273417e-41	4.56511656200781	0.057	0.374	1.09711865182025e-37
"HIST1H1B"	4.09729966964131e-41	1.18917439769171	0.038	0.17	1.22918990089239e-37
"LINC02440"	2.74921567958666e-38	7.55643604049408	0.021	0.578	8.24764703875998e-35
"FAM155B"	1.64767107232392e-36	12.3726310020543	0.021	0.68	4.94301321697177e-33
"CMPK2"	4.29874971549748e-36	0.645587307506392	0.012	0.461	1.28962491464924e-32
"OR7E14P"	4.39962683444951e-35	11.5369204233993	0.007	0.553	1.31988805033485e-31
"TIMP3"	2.02708084837665e-34	1.39805935760854	0.135	0.422	6.08124254512996e-31
"DYNC1I1"	2.50801465518048e-34	-0.936205417430413	0.04	0.223	7.52404396554143e-31
"AC073050.1"	4.60784387405778e-34	10.4067629812899	0.019	0.456	1.38235316221733e-30
"ZNRF2"	8.78865803443262e-34	-0.654142846785389	0.017	0.515	2.63659741032979e-30
"SLC2A3"	1.3167810569105e-33	-5.86857053061752	0.035	0.16	3.9503431707315e-30
"LINC01965"	6.41774912910798e-33	5.52176806143177	0.069	0.248	1.9253247387324e-29
"SHBG"	6.60082948591838e-33	10.6831073522454	0.007	0.641	1.98024884577551e-29
"AC098936.1"	9.09267697013715e-33	3.91611771888723	0.026	0.427	2.72780309104114e-29
"SPATA5"	6.70762941610519e-31	0.74351007319903	0.021	0.379	2.01228882483156e-27
"AC234782.2"	5.72412086958284e-30	1.66793528715053	0.009	0.539	1.71723626087485e-26
"APCDD1"	6.94086333397845e-30	-3.59835207871364	0.066	0.617	2.08225900019353e-26
"MXRA8"	1.88035478684094e-29	0.261595241694558	0.012	0.563	5.64106436052283e-26
"EGFEM1P"	8.20133712874567e-29	0.826456737961698	0.009	0.383	2.4604011386237e-25
"SLC16A1-AS1"	8.96690729225773e-29	4.62571658990017	0.012	0.286	2.69007218767732e-25
"DLGAP3"	1.90398111565038e-28	10.8534684962171	0.009	0.592	5.71194334695115e-25
"OSBPL7"	2.12428144424424e-28	-0.253599134935328	0.028	0.563	6.37284433273271e-25
"FAP"	2.36973923747796e-28	1.18570835583239	0.009	0.583	7.10921771243387e-25
"VAX2"	4.53430528945076e-28	6.04108474954103	0.014	0.427	1.36029158683523e-24
"TXNDC16"	1.98599836532133e-27	4.81657150961986	0.137	0.388	5.95799509596398e-24
"GRIA3"	4.40832488642681e-26	0.456918403926993	0.222	0.573	1.32249746592804e-22
"FBXO16"	5.40640677591311e-26	7.42553164558873	0.038	0.369	1.62192203277393e-22
"DPYD"	6.99997376785488e-26	3.56393561959085	0.04	0.218	2.09999213035646e-22
"KLHL35"	1.39230184333062e-25	1.72135570949256	0.175	0.456	4.17690552999187e-22
"SGIP1"	2.7985831944337e-25	6.65985311891697	0.09	0.408	8.3957495833011e-22
"AL445623.2"	3.4208202612937e-25	1.74883659069461	0.012	0.16	1.02624607838811e-21
"LEMD1"	1.24730697342663e-24	1.43793490703054	0.113	0.646	3.74192092027988e-21
"AC092471.2"	1.87074457774769e-24	11.8088781643611	0.009	0.558	5.61223373324308e-21
"HTRA1"	3.37746983888756e-24	-2.20579177242502	0.069	0.121	1.01324095166627e-20
"JPH3"	3.6638813678951e-24	9.90303369178217	0.031	0.519	1.09916441036853e-20
"FABP6"	3.71686513643624e-24	11.0493034083073	0.007	0.549	1.11505954093087e-20
"AC073343.2"	7.52902768097462e-24	0.868644734696709	0.043	0.301	2.25870830429239e-20
"IDUA"	7.67354004787193e-24	11.3294539941186	0.014	0.388	2.30206201436158e-20
"PLEKHH2"	8.27957790874982e-24	-0.483397243788902	0.028	0.311	2.48387337262495e-20
"UTRN"	8.27957790874982e-24	4.62050534901207	0.028	0.233	2.48387337262495e-20
"SGCG"	8.39837665023931e-24	3.18913767376725	0.099	0.709	2.51951299507179e-20
"GAS1"	8.64106178568758e-24	1.41108120278381	0.139	0.291	2.59231853570627e-20
"LINC01830"	9.2785840146455e-24	10.4540886923045	0.054	0.471	2.78357520439365e-20
"CUX2"	1.01053482820685e-23	2.44953581701924	0.073	0.141	3.03160448462056e-20
"PCDH7"	1.66023684622388e-23	10.9616611421182	0.043	0.558	4.98071053867163e-20
"LINC01967"	3.8135577845193e-23	1.03847105599195	0.031	0.641	1.14406733535579e-19
"ANGPTL4"	3.88559749354429e-23	7.4858975256165	0.095	0.107	1.16567924806329e-19
"DSCAM"	5.33819943204626e-23	-3.25450801324951	0.014	0.194	1.60145982961388e-19
"KALRN"	7.71079611112756e-23	1.98028228429032	0.121	0.34	2.31323883333827e-19
"NKAPP1"	9.90664688951319e-23	10.8325743848932	0.009	0.563	2.97199406685396e-19
"ZBTB20-AS5"	1.11224555958359e-22	2.9442422896378	0.009	0.587	3.33673667875076e-19
"GCNT2"	1.19220020751444e-22	3.20165669047107	0.05	0.301	3.57660062254332e-19
"AP000251.1"	3.19246822618965e-22	11.1921735908852	0.009	0.432	9.57740467856895e-19
"LINC02568"	6.07637067872533e-22	2.95987805935559	0.047	0.626	1.8229112036176e-18
"HSPB8"	8.77737171877952e-22	11.6381757087883	0.033	0.408	2.63321151563386e-18
"SYBU"	9.60963032482739e-22	0.814237470587594	0.095	0.214	2.88288909744822e-18
"FAM133DP"	1.16721432587382e-21	4.72283080249092	0.009	0.398	3.50164297762147e-18
"TEX15"	2.40907502778727e-21	5.49110162688114	0.009	0.238	7.2272250833618e-18
"PPM1N"	2.65865309678837e-21	10.5541170306796	0.026	0.573	7.97595929036512e-18
"KIF26A"	4.19330631206628e-21	-2.19140601842605	0.061	0.485	1.25799189361988e-17
"C21orf91"	5.21526341183611e-21	0.695946037593575	0.035	0.131	1.56457902355083e-17
"FARS2"	1.33194206573006e-20	1.90251868417888	0.076	0.495	3.99582619719018e-17
"ST8SIA4"	1.47370270824745e-20	8.6437353090367	0.087	0.146	4.42110812474236e-17
"AL031777.3"	2.52619913976643e-20	0.947417820910951	0.012	0.107	7.5785974192993e-17
"ANKHD1-EIF4EBP3"	2.7447081558532e-20	0.471971023362332	0.005	0.549	8.23412446755959e-17
"AC093677.2"	3.19724489293815e-20	12.2303489121861	0.007	0.578	9.59173467881445e-17
"PSMA1"	4.24177725818142e-20	3.82146393873415	0.009	0.364	1.27253317745443e-16
"GRID2"	4.37268496421884e-20	4.15219968956713	0.028	0.34	1.31180548926565e-16
"AC132807.2"	6.31913734674356e-20	12.1997234739722	0.009	0.413	1.89574120402307e-16
"NXPH4"	8.08216748340078e-20	1.21818679291676	0.208	0.806	2.42465024502023e-16
"EFCAB5"	1.01098240293086e-19	-4.52541389783198	0.009	0.345	3.03294720879258e-16
"PEX5L"	2.34822552590927e-19	12.3047836510308	0.017	0.49	7.04467657772782e-16
"PPM1F"	2.89206997004154e-19	8.20759583990009	0.028	0.519	8.67620991012463e-16
"TCEAL5"	3.18857133593057e-19	3.97958059868077	0.024	0.214	9.56571400779172e-16
"AC017053.1"	3.48541321453756e-19	11.580081064741	0.005	0.461	1.04562396436127e-15
"SNCA"	9.94204051780853e-19	-1.37851912474263	0.045	0.121	2.98261215534256e-15
"CPLX2"	1.45948038865551e-18	4.4512462095193	0.213	0.485	4.37844116596652e-15
"DACT3-AS1"	2.20150500121788e-18	8.55835314903716	0.007	0.306	6.60451500365363e-15
"GSEC"	2.60845669816501e-18	1.12759545509278	0.014	0.228	7.82537009449503e-15
"ANK3"	6.28514160398639e-18	3.1132003609672	0.191	0.442	1.88554248119592e-14
"AF117829.1"	6.90411847991039e-18	1.74670319836289	0.007	0.597	2.07123554397312e-14
"ZFPM2"	7.07524976697976e-18	6.65334760876585	0.031	0.136	2.12257493009393e-14
"MATN4"	9.6023223191434e-18	4.40184079057572	0.009	0.34	2.88069669574302e-14
"TEX14"	1.6322240541753e-17	-2.72934945096662	0.031	0.364	4.89667216252591e-14
"LMO2"	2.17261540003093e-17	-2.30908573874008	0.078	0.175	6.5178462000928e-14
"AL359955.1"	2.53076527803151e-17	10.9783727903633	0.005	0.442	7.59229583409454e-14
"AC091180.5"	3.67203151261238e-17	1.55965865072809	0.005	0.393	1.10160945378371e-13
"SCG2"	4.18859819108034e-17	6.24552735505151	0.05	0.408	1.2565794573241e-13
"LDHA"	4.20532242419733e-17	-3.26546983263944	0.04	0.107	1.2615967272592e-13
"AC010976.1"	5.78020977180482e-17	11.6458509385697	0.092	0.553	1.73406293154145e-13
"PTPRO"	5.91943494068982e-17	3.0979272462909	0.128	0.15	1.77583048220694e-13
"RASAL2-AS1"	6.15886252718924e-17	5.31893396301253	0.033	0.505	1.84765875815677e-13
"EML6"	6.64038397552388e-17	5.32827338877278	0.064	0.379	1.99211519265716e-13
"ATF3"	1.02115692158605e-16	-2.10980838572959	0.069	0.102	3.06347076475815e-13
"ZGLP1"	2.29597140190621e-16	0.770698195049446	0.014	0.461	6.88791420571862e-13
"AC244517.10"	2.35930463577875e-16	0.889854559031322	0.017	0.529	7.07791390733624e-13
"GAS1RR"	2.36856296868262e-16	3.4610868505682	0.009	0.51	7.10568890604787e-13
"BPIFC"	2.75607219488149e-16	-10.5665965541187	0	0.126	8.26821658464447e-13
"AP001453.2"	4.28411823061014e-16	10.0156402936433	0.007	0.374	1.28523546918304e-12
"AC010320.2"	4.41830632680862e-16	1.20612619663012	0.009	0.204	1.32549189804259e-12
"HRK"	4.90279572996684e-16	-1.38044624627538	0.05	0.592	1.47083871899005e-12
"GRK3"	5.3977200199556e-16	1.22443095139282	0.035	0.316	1.61931600598668e-12
"CAPS"	6.44032761321249e-16	2.68898192418974	0.005	0.539	1.93209828396375e-12
"AC005261.2"	6.74347044683917e-16	0.529199956243678	0.009	0.107	2.02304113405175e-12
"HES4"	1.058257484863e-15	-3.75398543840172	0.121	0.214	3.174772454589e-12
"RORB"	1.08269912046862e-15	-3.19353921156856	0.064	0.184	3.24809736140587e-12
"PLCL1"	1.35469012295294e-15	7.73775421217799	0.035	0.277	4.06407036885883e-12
"AC004852.2"	1.77900408773359e-15	0.371478175159021	0.002	0.223	5.33701226320076e-12
"SPON2"	2.35117696587131e-15	10.6532613809477	0.005	0.495	7.05353089761394e-12
"KANTR"	2.85824623051407e-15	-6.59665734430192	0.085	0.228	8.57473869154221e-12
"NPTXR"	2.93424412176798e-15	1.28535834932426	0.123	0.282	8.80273236530394e-12
"APOL4"	3.37022809799633e-15	0.683246229852284	0.019	0.422	1.0110684293989e-11
"TAGLN2"	4.80336465409987e-15	1.11939107173712	0.142	0.121	1.44100939622996e-11
"ARHGAP28"	5.57297717981452e-15	2.13883751672494	0.052	0.126	1.67189315394436e-11
"LINC02133"	6.51170965263674e-15	11.54764090681	0.005	0.5	1.95351289579102e-11
"NPSR1-AS1"	9.38433660314384e-15	10.6481919994366	0.005	0.466	2.81530098094315e-11
"CDKN1C"	1.02881331601929e-14	-3.71958748171275	0.017	0.32	3.08643994805788e-11
"ABCA3"	1.05559539017193e-14	4.06356721118236	0.064	0.374	3.16678617051579e-11
"ELOVL6"	1.07122249393786e-14	0.547517913760224	0.123	0.16	3.21366748181357e-11
"AL118558.1"	1.10318050614606e-14	9.18162031764979	0.012	0.32	3.30954151843817e-11
"RFTN1"	1.45730053062317e-14	3.52959974897295	0.026	0.233	4.3719015918695e-11
"TMEM123"	1.69876013246353e-14	3.47735947204891	0.281	0.354	5.09628039739058e-11
"AC104532.2"	1.99388047556453e-14	-0.929255473024487	0.002	0.117	5.9816414266936e-11
"CABP7"	3.23956724199146e-14	6.99966273586827	0.064	0.345	9.71870172597439e-11
"SYT6"	4.57573373631391e-14	1.08453582475647	0.012	0.374	1.37272012089417e-10
"SGCZ"	4.59217510866114e-14	9.10837014728304	0.019	0.447	1.37765253259834e-10
"RAB11B-AS1"	5.69258097798782e-14	0.954245812914065	0.038	0.262	1.70777429339635e-10
"AC024560.3"	6.02739930943937e-14	12.1355838922162	0.012	0.553	1.80821979283181e-10
"ANKRD18CP"	7.33278431846969e-14	11.6450834548193	0.005	0.451	2.19983529554091e-10
"TNFRSF25"	7.51769166975376e-14	1.14001900995568	0.021	0.199	2.25530750092613e-10
"SORBS2"	9.36871539099213e-14	0.594418592850181	0.175	0.194	2.81061461729764e-10
"FRMD4A"	1.16658560903126e-13	4.4417704156587	0.298	0.393	3.49975682709378e-10
"HSPA1B"	1.31057138659282e-13	1.87907194943406	0.033	0.403	3.93171415977847e-10
"RNU6-6P"	1.5846815599225e-13	-1.8491307138688	0.052	0.354	4.75404467976751e-10
"CCDC191"	1.90163232205318e-13	10.4446191928786	0.019	0.126	5.70489696615954e-10
"CALCB"	2.17943256983774e-13	-9.05590084926892	0	0.102	6.53829770951322e-10
"SERPINF1"	2.45381930750382e-13	4.86331584862912	0.009	0.529	7.36145792251145e-10
"TMEM225B"	2.60355459241305e-13	3.15025919901658	0.014	0.515	7.81066377723915e-10
"CHAC1"	2.61263321174454e-13	0.893938733182059	0.099	0.102	7.83789963523361e-10
"ERICH5"	3.25185253529359e-13	10.6895029554792	0.033	0.51	9.75555760588076e-10
"FRG1-DT"	3.89320942010144e-13	11.7781629696474	0.012	0.51	1.16796282603043e-09
"FGD6"	6.3895942571163e-13	1.12901864319127	0.047	0.131	1.91687827713489e-09
"KCNQ1OT1"	7.5296631308508e-13	7.77872952740948	0.014	0.286	2.25889893925524e-09
"CBR3-AS1"	7.76460466181995e-13	10.748409248975	0.007	0.437	2.32938139854598e-09
"RUNX2"	9.17564073373134e-13	2.74897592987017	0.007	0.505	2.7526922201194e-09
"TES"	1.39213879914398e-12	9.42844451327074	0.026	0.233	4.17641639743194e-09
"LINC00958"	1.52485055240249e-12	-10.8477312889165	0	0.112	4.57455165720747e-09
"USP49"	1.5300272886789e-12	-0.41155210898423	0.069	0.194	4.59008186603671e-09
"AL137003.1"	1.80427369690728e-12	11.7011718738553	0.005	0.461	5.41282109072183e-09
"NR2F2"	1.85340994071947e-12	4.87402281485535	0.298	0.408	5.5602298221584e-09
"TRMT9B"	2.14087113864566e-12	-0.68723224768184	0.038	0.243	6.42261341593699e-09
"KIT"	2.72304694768487e-12	1.84109647972423	0.017	0.146	8.16914084305461e-09
"AC046185.3"	2.77798963378973e-12	-1.06120225161017	0.024	0.34	8.3339689013692e-09
"CNBD1"	3.57635211267614e-12	11.659885714172	0.005	0.374	1.07290563380284e-08
"EYS"	3.97621067814277e-12	-0.400668524319784	0.014	0.432	1.19286320344283e-08
"CHST9"	4.76816599700202e-12	10.7704168832467	0.007	0.316	1.43044979910061e-08
"RALYL"	5.17755576236799e-12	9.40223995735686	0.078	0.311	1.5532667287104e-08
"PRL"	6.47311192200943e-12	1.28356735649769	0.054	0.121	1.94193357660283e-08
"MEF2C-AS2"	7.09443027114518e-12	3.00732473111217	0.047	0.291	2.12832908134355e-08
"GALNT17"	8.29854938739479e-12	-0.783100028442711	0.019	0.107	2.48956481621844e-08
"ESF1"	1.01206460551588e-11	4.09504242420747	0.182	0.248	3.03619381654765e-08
"AL139021.2"	1.11911951450686e-11	12.3371253419485	0.009	0.437	3.35735854352058e-08
"PRSS23"	1.15974317728308e-11	1.86126776158681	0.052	0.456	3.47922953184925e-08
"TMEM52"	1.19790342787455e-11	8.39315825187533	0.007	0.451	3.59371028362366e-08
"AC087500.1"	1.3241847669812e-11	4.7406937389587	0.014	0.413	3.9725543009436e-08
"PRKG1"	1.4872251839913e-11	4.36172083324254	0.031	0.282	4.4616755519739e-08
"BRINP2"	1.51137351289666e-11	2.10336732506436	0.05	0.175	4.53412053868997e-08
"TGFB1"	1.60669082202098e-11	9.02051032445549	0.04	0.451	4.82007246606295e-08
"OLFM1"	1.71892769914029e-11	1.45025783276542	0.121	0.228	5.15678309742086e-08
"SHD"	2.01788602453294e-11	1.84589414310607	0.024	0.136	6.05365807359881e-08
"CBWD4P"	2.01788602453294e-11	10.7139977454913	0.012	0.422	6.05365807359881e-08
"TENM1"	2.10360729870913e-11	2.93158889362834	0.035	0.272	6.3108218961274e-08
"AL137779.2"	2.35998778252298e-11	10.5227673096524	0.005	0.485	7.07996334756894e-08
"AC100814.1"	2.42099525679715e-11	4.79081637143944	0.007	0.583	7.26298577039146e-08
"ZNF491"	2.83880401865787e-11	1.76028783423759	0.035	0.175	8.51641205597362e-08
"PGBD5"	3.04432457474106e-11	-0.596342660249168	0.007	0.345	9.13297372422319e-08
"STK32A"	3.08321644166901e-11	-0.57159397221259	0.012	0.466	9.24964932500704e-08
"AC003006.1"	3.2232055410468e-11	1.14907279262301	0.033	0.422	9.66961662314041e-08
"HECW1"	3.70489685645805e-11	6.4938619887106	0.163	0.553	1.11146905693741e-07
"MROH8"	3.75202835795583e-11	9.23497371054661	0.028	0.301	1.12560850738675e-07
"ZC3H12B"	3.79974641759949e-11	-0.713049384523491	0.014	0.456	1.13992392527985e-07
"GINS2"	4.00925930126937e-11	-0.29022735084136	0.064	0.121	1.20277779038081e-07
"HELQ"	4.23006262442256e-11	6.3839015733673	0.04	0.141	1.26901878732677e-07
"MAFK"	4.2836497065239e-11	-5.42997460428747	0.002	0.121	1.28509491195717e-07
"ARHGAP15"	4.5478284367964e-11	11.6899721748428	0.005	0.369	1.36434853103892e-07
"TTLL9"	5.50802601732629e-11	1.62381415625828	0.007	0.456	1.65240780519789e-07
"AC005726.1"	5.71901026033118e-11	3.31837716128296	0.012	0.558	1.71570307809935e-07
"CRISPLD2"	5.80923523172548e-11	-9.60109672057405	0.113	0.063	1.74277056951765e-07
"ASS1"	6.32103893095181e-11	1.92611754178501	0.054	0.539	1.89631167928554e-07
"AC078923.1"	6.40051941892443e-11	3.14353212419302	0.014	0.49	1.92015582567733e-07
"MIPOL1"	6.83409914997804e-11	-0.60772713972535	0.019	0.131	2.05022974499341e-07
"EPHA6"	6.94149259446971e-11	2.03447777904402	0.014	0.413	2.08244777834091e-07
"CDCA7L"	7.05043988008264e-11	-0.781475787665695	0.083	0.112	2.11513196402479e-07
"TTC9B"	7.11676414841798e-11	1.31225298056513	0.255	0.17	2.13502924452539e-07
"NEAT1"	7.11676414841798e-11	-5.58557958752054	0	0.17	2.13502924452539e-07
"ZCWPW1"	7.16125388668612e-11	1.3809333385785	0.012	0.243	2.14837616600584e-07
"GRIP1"	7.41085234856331e-11	0.498209553992239	0.057	0.136	2.22325570456899e-07
"LINC01990"	7.86216063306322e-11	4.87162765508275	0.007	0.539	2.35864818991897e-07
"UBE2R2-AS1"	8.06000927085775e-11	11.1151753604858	0.005	0.495	2.41800278125733e-07
"GALNT13"	8.44439949350823e-11	-1.60547749426211	0.017	0.117	2.53331984805247e-07
"PINLYP"	8.68372506893398e-11	-0.680854259038997	0.012	0.228	2.60511752068019e-07
"LAMTOR5-AS1"	8.9018901570827e-11	3.06761246118121	0.007	0.33	2.67056704712481e-07
"DDX11-AS1"	1.13652104791927e-10	11.68057077837	0.009	0.34	3.4095631437578e-07
"NWD2"	1.14355198299171e-10	9.95508793347027	0.009	0.325	3.43065594897512e-07
"MAZ"	1.28548958883151e-10	-0.254658611510584	0.007	0.485	3.85646876649453e-07
"FO538757.1"	1.29344039880947e-10	1.14805836975397	0.002	0.383	3.8803211964284e-07
"AC010331.1"	1.38812875032167e-10	11.0635669524328	0.007	0.34	4.16438625096502e-07
"FSTL5"	1.49876341500102e-10	0.627847203264221	0.059	0.233	4.49629024500307e-07
"LRP1B"	1.53597230127907e-10	3.72848315077364	0.021	0.107	4.6079169038372e-07
"TMEM132D"	1.61801814111242e-10	5.16862748768167	0.04	0.296	4.85405442333725e-07
"CSMD1"	1.68363376456373e-10	10.5730531369661	0.031	0.345	5.05090129369119e-07
"XBP1"	2.04028302708455e-10	2.58286097207297	0.106	0.141	6.12084908125365e-07
"AC233296.1"	2.05899213501225e-10	8.55642506071418	0.014	0.461	6.17697640503674e-07
"CCK"	2.24188970823606e-10	-8.41296155397179	0.069	0.112	6.72566912470819e-07
"ZNF684"	2.24870704652174e-10	4.33517928190641	0.014	0.466	6.74612113956521e-07
"PCDHB11"	2.50804628782597e-10	2.76068679223881	0.017	0.466	7.52413886347792e-07
"AC018413.1"	2.57736220437173e-10	2.3964008137888	0.002	0.369	7.7320866131152e-07
"WWOX"	2.60086778059763e-10	4.71027315956193	0.066	0.262	7.80260334179289e-07
"C19orf38"	2.82205869279265e-10	-10.6352614320575	0.121	0.034	8.46617607837796e-07
"PTCH2"	3.04318039898416e-10	3.2795262118615	0.021	0.519	9.12954119695247e-07
"TWISTNB"	3.06158360636683e-10	1.61685365159632	0.08	0.16	9.1847508191005e-07
"LINC01105"	3.09871661762525e-10	1.77835419975476	0.033	0.146	9.29614985287575e-07
"SMIM18"	3.13628927676741e-10	5.4977876497811	0.054	0.32	9.40886783030222e-07
"MT-TL1"	3.7114164000758e-10	-7.30460168231489	0.087	0.15	1.11342492002274e-06
"AC020558.1"	4.08501713750689e-10	5.35379941523588	0.002	0.432	1.22550514125207e-06
"ZEB2"	4.18400873429964e-10	0.935812134342865	0.173	0.17	1.25520262028989e-06
"DSCAML1"	4.24706349008374e-10	5.28073788624519	0.021	0.32	1.27411904702512e-06
"ELMO1"	4.2981742651133e-10	3.14424245657381	0.203	0.495	1.28945227953399e-06
"INSIG1"	4.6731455256517e-10	2.95334006876253	0.161	0.267	1.40194365769551e-06
"WNT2B"	5.21785923938338e-10	11.6241666891511	0.012	0.398	1.56535777181501e-06
"SUMO1P3"	5.21785923938338e-10	5.36810819854253	0.005	0.403	1.56535777181501e-06
"MYCBP2"	5.75578056439849e-10	0.420482812383025	0.177	0.228	1.72673416931955e-06
"NOL3"	6.07147896386862e-10	-2.70544169133136	0.014	0.102	1.82144368916059e-06
"ZNF883.1"	6.46129047692964e-10	-0.984578326856834	0.002	0.485	1.93838714307889e-06
"PTH2R"	7.76022462113232e-10	1.03873942169606	0.009	0.301	2.3280673863397e-06
"AL049780.2"	9.2578548638855e-10	12.1956509335519	0.012	0.403	2.77735645916565e-06
"ZNF311"	9.73119649280433e-10	10.8019324006036	0.012	0.272	2.9193589478413e-06
"DGKI"	1.10040261936604e-09	3.05150881507917	0.024	0.199	3.30120785809813e-06
"HIST1H2BG"	1.19763215632094e-09	-4.69633786100301	0.142	0.257	3.59289646896281e-06
"AC022217.3"	1.41780058568005e-09	10.7273179163147	0.002	0.476	4.25340175704015e-06
"ZNF578"	1.51565822088584e-09	0.805327726960893	0.009	0.112	4.54697466265751e-06
"AC016773.1"	1.58295660854354e-09	11.0694602930631	0.009	0.388	4.74886982563061e-06
"TET1"	2.11843074912629e-09	2.940587182248	0.31	0.413	6.35529224737887e-06
"POLE2"	2.13064187516296e-09	-2.40656773566427	0.009	0.204	6.39192562548887e-06
"SH2D6"	2.2436724857384e-09	-9.38205849165734	0	0.117	6.73101745721519e-06
"BDNF"	2.80469580678915e-09	-6.25526692804893	0	0.126	8.41408742036745e-06
"AC008443.1"	3.07252685521013e-09	4.47799471126733	0.019	0.359	9.21758056563038e-06
"AC008691.1"	3.28954992625611e-09	10.7063975492428	0.031	0.267	9.86864977876834e-06
"SPTY2D1OS"	3.46203995131394e-09	1.86365439213553	0.007	0.107	1.03861198539418e-05
"CCDC141"	3.59199635376265e-09	12.47343567072	0.009	0.403	1.07759890612879e-05
"AC012349.1"	3.76922680895131e-09	-1.31425708448115	0.005	0.451	1.13076804268539e-05
"FAR2"	3.97741973676968e-09	2.7594505073778	0.014	0.272	1.1932259210309e-05
"CHODL"	4.59298125991366e-09	0.317563245498528	0.007	0.345	1.3778943779741e-05
"AL358075.2"	4.85887927722403e-09	-0.8132971172998	0.014	0.136	1.45766378316721e-05
"CHKB-AS1"	5.03961648879398e-09	-2.21234597239176	0.005	0.107	1.51188494663819e-05
"DOK6"	5.08232696195913e-09	1.25135790407744	0.258	0.383	1.52469808858774e-05
"PTPRT"	5.15418225097825e-09	5.31279273486816	0.012	0.107	1.54625467529348e-05
"LINC01456"	5.28602054109372e-09	2.32133538157295	0.007	0.112	1.58580616232812e-05
"MYT1"	5.37572939314634e-09	2.03890519963381	0.149	0.515	1.6127188179439e-05
"RASSF3"	5.66968811463183e-09	-9.35730336862246	0.002	0.379	1.70090643438955e-05
"AC007566.1"	5.73353745223502e-09	9.00562921641545	0.002	0.369	1.72006123567051e-05
"ASAP3"	6.74173321955791e-09	0.748316138965919	0.024	0.238	2.02251996586737e-05
"AL023806.1"	6.89376389471419e-09	12.3271192905124	0.035	0.267	2.06812916841426e-05
"NMU"	7.18769580401716e-09	10.9284111843754	0.005	0.18	2.15630874120515e-05
"GPRIN3"	9.09812366268892e-09	4.63148069176145	0.026	0.262	2.72943709880668e-05
"SVOP"	9.22470163856246e-09	4.17763853210509	0.014	0.291	2.76741049156874e-05
"MEST"	1.09738865266406e-08	-3.60010174293838	0.123	0.189	3.29216595799219e-05
"KIAA0586"	1.14670921473358e-08	1.90465659987847	0.09	0.199	3.44012764420073e-05
"AC093901.1"	1.14986225689593e-08	10.6237841111893	0.002	0.442	3.4495867706878e-05
"PFN2"	1.18836213616711e-08	1.50772072552236	0.099	0.117	3.56508640850133e-05
"CCBE1"	1.21139580974818e-08	4.52981272162762	0.005	0.422	3.63418742924454e-05
"AC008758.6"	1.35155929882153e-08	0.647025747433442	0.007	0.345	4.0546778964646e-05
"TMEM100"	1.37015345215502e-08	-7.10133001317424	0.005	0.214	4.11046035646507e-05
"EDIL3"	1.37017043911672e-08	-1.54244183325648	0.054	0.223	4.11051131735016e-05
"GLCCI1"	1.46293582658609e-08	0.47109466569495	0.156	0.204	4.38880747975826e-05
"HIF1A-AS2"	1.46293582658609e-08	-7.94544875314454	0.002	0.15	4.38880747975826e-05
"PENK"	1.51157831865524e-08	3.03735892703793	0.208	0.311	4.53473495596571e-05
"PHEX"	1.63570649759329e-08	3.53100760712483	0.005	0.388	4.90711949277987e-05
"ASXL3"	1.73171530171763e-08	1.66151087133614	0.113	0.16	5.19514590515288e-05
"CNTN4"	1.77451719955096e-08	3.70925243937888	0.028	0.359	5.32355159865288e-05
"FAM53A"	1.80362065903169e-08	12.3049487314737	0.007	0.476	5.41086197709506e-05
"ELAVL2"	1.94567889627443e-08	5.90341956156794	0.355	0.67	5.83703668882329e-05
"LINC01170"	1.95094827942776e-08	4.60905231855195	0.007	0.126	5.85284483828327e-05
"TNNT1"	2.00440996675859e-08	12.270846619962	0.028	0.282	6.01322990027577e-05
"KIAA1024"	2.06486071238062e-08	11.8642136145489	0.014	0.306	6.19458213714185e-05
"LBH"	2.22683172695768e-08	1.05652727865887	0.227	0.354	6.68049518087303e-05
"GDF15"	2.24487313426852e-08	-1.01471906989829	0.002	0.233	6.73461940280557e-05
"AC008277.1"	2.34997922296635e-08	-9.01599258625765	0	0.117	7.04993766889906e-05
"PCNA"	2.58859107368563e-08	-0.393458397923676	0.118	0.189	7.7657732210569e-05
"AC114803.1"	2.60950158343145e-08	-7.03679998123993	0.125	0.131	7.82850475029434e-05
"AC007285.1"	2.9514126848972e-08	1.0261243421497	0.007	0.214	8.8542380546916e-05
"EMX2"	3.0232152843449e-08	1.41814711357484	0.265	0.524	9.0696458530347e-05
"ZNF433-AS1"	3.03940005375392e-08	-2.0924309342073	0.026	0.345	9.11820016126177e-05
"NCAM2"	3.12159307753083e-08	-5.04019458171802	0.052	0.102	9.36477923259249e-05
"CELSR3-AS1"	3.27496687275134e-08	0.910986236686943	0.005	0.248	9.82490061825402e-05
"AC010099.4"	3.38131917451816e-08	2.37588415817245	0.087	0.252	0.000101439575235545
"LINC02055"	3.40841592561086e-08	4.02801211037136	0.014	0.476	0.000102252477768326
"KLHL13"	3.51888464709619e-08	1.99717966406916	0.019	0.209	0.000105566539412886
"PPDPFL"	3.99674570921937e-08	-9.61105048583848	0.234	0.243	0.000119902371276581
"ZBTB20-AS4"	4.36108011675815e-08	1.26492769599857	0.007	0.112	0.000130832403502745
"FGF13"	4.5133555455631e-08	0.779854964376036	0.137	0.369	0.000135400666366893
"LINC02485"	5.18900691163846e-08	-10.4898338808493	0.246	0.204	0.000155670207349154
"LURAP1L-AS1"	6.1844580958547e-08	-8.68268554418532	0.05	0.165	0.000185533742875641
"XPC"	6.38122756442565e-08	-5.03176407763391	0.111	0.282	0.00019143682693277
"CHRDL1"	7.6960850143477e-08	1.37728017285343	0.314	0.272	0.000230882550430431
"KLHL22"	7.69614034949959e-08	1.21582006235702	0.017	0.432	0.000230884210484988
"AC018648.1"	7.79660480817736e-08	-8.68879099895386	0.104	0.087	0.000233898144245321
"AC015802.6"	7.9806504694046e-08	6.64925088895036	0.012	0.369	0.000239419514082138
"HIVEP2"	8.69216377065276e-08	3.39013806185077	0.106	0.354	0.000260764913119583
"AC008894.3"	9.08229280290144e-08	7.98667869504899	0.009	0.262	0.000272468784087043
"HIST1H4J"	1.01201131040251e-07	0.798304644362462	0.099	0.393	0.000303603393120753
"LINC01521"	1.04103625990101e-07	0.567015582439543	0.007	0.204	0.000312310877970304
"CAMKMT"	1.04909136781107e-07	2.1033530372553	0.009	0.374	0.000314727410343321
"KDM4D"	1.08471116667053e-07	4.02757010706607	0.014	0.102	0.000325413350001158
"HS3ST1"	1.11004534720368e-07	-3.92728427772802	0.125	0.243	0.000333013604161104
"GRIA1"	1.15650464179836e-07	3.97154340985697	0.066	0.146	0.000346951392539509
"AC097478.1"	1.15946999247766e-07	1.62037798017777	0.007	0.204	0.000347840997743298
"AC243585.2"	1.18345912565638e-07	10.7902573243131	0.005	0.286	0.000355037737696913
"LINC01619"	1.26478654116402e-07	9.82808362193772	0.024	0.131	0.000379435962349205
"WFDC2"	1.2712462242044e-07	5.19554435314899	0.007	0.485	0.00038137386726132
"LIMD1-AS1"	1.36187803455028e-07	5.57134852542391	0.007	0.248	0.000408563410365083
"NMNAT2"	1.42210527464068e-07	-0.75274995632276	0.087	0.107	0.000426631582392203
"ECEL1"	1.44763103172038e-07	3.36702643666935	0.012	0.126	0.000434289309516113
"TPRG1"	1.46242448274443e-07	-8.98915340092033	0	0.102	0.000438727344823328
"COL11A1"	1.57814840877646e-07	0.986956873959604	0.189	0.238	0.000473444522632939
"AL031963.3"	1.65175382796476e-07	-5.61982928280201	0.014	0.316	0.000495526148389429
"CD101"	1.68979952577992e-07	-4.20981312985734	0.005	0.393	0.000506939857733976
"SATB1-AS1"	1.71131878762357e-07	11.7286256667433	0.109	0.238	0.00051339563628707
"PCDHB13"	1.86940964123097e-07	2.29938890050899	0.002	0.364	0.00056082289236929
"SHQ1"	2.0109900024772e-07	1.98107349097176	0.028	0.286	0.00060329700074316
"AL354793.1"	2.17928806115843e-07	6.70051546574416	0.033	0.223	0.00065378641834753
"PTPRK"	2.184760106061e-07	-1.56835035347618	0.135	0.204	0.0006554280318183
"AGBL2"	2.43303729124805e-07	11.6607121695311	0.005	0.369	0.000729911187374414
"EGF"	2.68831273793127e-07	11.4560971017743	0.095	0.223	0.000806493821379381
"CDK6"	2.69501495761284e-07	5.12257722880381	0.144	0.311	0.000808504487283853
"PGM2L1"	2.83954742409049e-07	-0.564744894175574	0.097	0.194	0.000851864227227146
"CHRNA7"	2.85369640387359e-07	5.39354871212778	0.009	0.35	0.000856108921162078
"AC005609.5"	3.20649051698658e-07	4.43209736282604	0.019	0.165	0.000961947155095973
"MT-TS2"	3.31947689456201e-07	-5.20305776926446	0.258	0.374	0.000995843068368603
"PGF"	3.62794255514623e-07	-9.88626416624882	0.151	0.243	0.00108838276654387
"HIST1H1E"	3.79237351236315e-07	0.665119274354152	0.248	0.238	0.00113771205370895
"GRIK4"	3.82984024972297e-07	-11.0625579514704	0	0.102	0.00114895207491689
"LINC00574"	4.16345322055377e-07	3.33790563133415	0.005	0.257	0.00124903596616613
"AATK"	4.64828812801239e-07	-0.395384135821944	0.005	0.335	0.00139448643840372
"MIR124-2HG"	4.83345581104476e-07	1.08468949901235	0.095	0.422	0.00145003674331343
"DLC1"	5.56618595801032e-07	7.85889721531408	0.099	0.199	0.0016698557874031
"CTSK"	5.71668636233385e-07	0.665300540951556	0.005	0.296	0.00171500590870016
"AC008415.1"	5.88546479654261e-07	11.6577472672067	0.005	0.364	0.00176563943896278
"TLL2"	6.3745064518827e-07	0.914170583251513	0.002	0.136	0.00191235193556481
"KPNA5"	6.64153993183289e-07	2.8289469446035	0.156	0.238	0.00199246197954987
"LRP8"	6.67370317453782e-07	2.36310774264206	0.291	0.587	0.00200211095236135
"AC098820.1"	6.8200118523124e-07	10.932589639503	0.005	0.272	0.00204600355569372
"KLHL1"	6.85302222161374e-07	3.76323003518184	0.012	0.311	0.00205590666648412
"SOX9"	6.96954209575586e-07	0.446402831797557	0.21	0.121	0.00209086262872676
"AL354920.1"	7.08796971638876e-07	5.74667177864063	0.009	0.175	0.00212639091491663
"CEP83-AS1"	7.78403789875896e-07	-8.96243642202538	0	0.136	0.00233521136962769
"HIST2H2BE"	7.95381113978549e-07	-1.05231069117042	0.111	0.35	0.00238614334193565
"RPS6KA6"	8.87873777407483e-07	7.02117489668749	0.014	0.306	0.00266362133222245
"ZNF704"	9.37917745430068e-07	0.785043828007746	0.324	0.296	0.0028137532362902
"TAF1D"	9.62801316626471e-07	1.93019816514193	0.116	0.325	0.00288840394987941
"ETS2"	9.69697291918201e-07	-0.348739888791599	0.005	0.184	0.0029090918757546
"PKN2-AS1"	9.95382370013191e-07	-5.5619918806506	0.007	0.107	0.00298614711003957
"AC068722.1"	1.1777048005188e-06	11.5190677870763	0.007	0.359	0.00353311440155641
"ZBTB46"	1.18887928534868e-06	3.04867958502761	0.028	0.291	0.00356663785604605
"NEUROG1"	1.27600056833437e-06	1.26564109405699	0.059	0.403	0.00382800170500311
"FABP5"	1.28504294334602e-06	-4.21241354536754	0.182	0.325	0.00385512883003805
"ADD3"	1.29110540222336e-06	0.800793926459694	0.102	0.107	0.00387331620667009
"CTSH"	1.35644492180425e-06	6.50552013190016	0.005	0.286	0.00406933476541275
"CLMP"	1.66263316615828e-06	1.04463368301924	0.272	0.437	0.00498789949847484
"DNAH10"	1.66263316615828e-06	1.92204881423116	0.019	0.15	0.00498789949847484
"PPP1R1A"	1.67039944825362e-06	4.09342829480628	0.017	0.301	0.00501119834476086
"AC016705.2"	1.7217367362746e-06	7.98312300718413	0.007	0.199	0.00516521020882379
"DENND4A"	1.76635722560997e-06	1.72503789017187	0.073	0.233	0.00529907167682992
"PCDH15"	1.79950427446464e-06	10.8844497084154	0.009	0.18	0.00539851282339391
"MPZL3"	1.83323238122538e-06	10.7973063053514	0.002	0.121	0.00549969714367613
"C8orf34"	1.83324861065889e-06	1.65923273941626	0.019	0.18	0.00549974583197667
"CNKSR2"	1.86327294610845e-06	1.99020879351877	0.118	0.141	0.00558981883832535
"DPY19L1"	1.95620739615212e-06	1.12238151512584	0.069	0.155	0.00586862218845637
"SLCO4C1"	2.22119180212703e-06	1.42191093172933	0.012	0.519	0.00666357540638109
"DLG2"	2.3963808795257e-06	1.14968879655034	0.071	0.107	0.00718914263857711
"NAT16"	2.44641599375639e-06	0.341286803654773	0.002	0.107	0.00733924798126917
"NPW"	2.76203751334806e-06	8.7521803872349	0.009	0.432	0.00828611254004419
"CNTRL"	2.80011572293473e-06	1.75486756149623	0.073	0.141	0.0084003471688042
"FRMD4B"	2.80653614535178e-06	2.24713681740936	0.156	0.165	0.00841960843605533
"PBX3"	2.89760596368706e-06	1.51039128502924	0.035	0.262	0.00869281789106117
"AC117383.1"	2.97789108813561e-06	10.8163241022636	0.007	0.301	0.00893367326440683
"PLXNA2"	3.13785312039392e-06	1.53441394277929	0.118	0.16	0.00941355936118176
"MDM2"	3.14497337053818e-06	-3.5602968594885	0.246	0.345	0.00943492011161455
"PHKB"	3.17369628036964e-06	1.59784028404473	0.142	0.238	0.00952108884110893
"AC008014.1"	3.1809118856862e-06	-1.54276716780227	0.002	0.218	0.0095427356570586
"IER3"	3.4985868722689e-06	1.01441822299916	0.026	0.117	0.0104957606168067
"RGR"	4.03272145626354e-06	1.99820315931014	0.014	0.403	0.0120981643687906
"AHNAK2"	4.10593387847064e-06	3.17735295070462	0.007	0.16	0.0123178016354119
"DST"	4.5013943672384e-06	0.563241865889448	0.246	0.257	0.0135041831017152
"PRUNE2"	4.5013943672384e-06	1.3400541220417	0.009	0.155	0.0135041831017152
"AC125232.1"	4.69679387531627e-06	-4.87246085375745	0.002	0.102	0.0140903816259488
"LINC01004"	4.91124499637232e-06	-5.40388187733598	0.019	0.417	0.014733734989117
"ARID4A"	5.08952641647687e-06	2.06855767550943	0.248	0.262	0.0152685792494306
"PPP1R14A"	5.22728717512534e-06	-9.87109996990259	0	0.126	0.015681861525376
"SAMD12-AS1"	5.25055191068857e-06	1.03041798424167	0.005	0.427	0.0157516557320657
"IER2"	6.02442440570884e-06	0.3075264302882	0.154	0.301	0.0180732732171265
"VN1R83P"	6.14539941764724e-06	10.5373316171164	0.002	0.296	0.0184361982529417
"CDKN2B"	6.45115719757487e-06	-0.465701287043316	0.061	0.155	0.0193534715927246
"NSG1"	7.12240235387587e-06	0.548138421864096	0.322	0.301	0.0213672070616276
"ALDH8A1"	7.74077321773664e-06	-9.79045476192398	0	0.112	0.0232223196532099
"MAGI2"	7.87734264934541e-06	2.22942410524903	0.137	0.175	0.0236320279480362
"GAREM1"	7.96386506728465e-06	1.10870338122718	0.05	0.102	0.0238915952018539
"FAM160A1"	8.41021513362312e-06	10.5639363180512	0.002	0.369	0.0252306454008694
"AL355304.1"	9.2145087393691e-06	11.73975843175	0.005	0.383	0.0276435262181073
"BHLHE40"	9.56059366748747e-06	-4.38094911969283	0.047	0.126	0.0286817810024624
"AP002495.1"	9.74876649875505e-06	9.47695929285153	0.031	0.252	0.0292462994962651
"AC019077.1"	9.79098318814825e-06	11.6221083376696	0.005	0.296	0.0293729495644447
"IRS1"	9.87617488842218e-06	0.81589774451133	0.009	0.16	0.0296285246652666
"LARGE1"	9.91899665718084e-06	3.72660649101132	0.009	0.199	0.0297569899715425
"ABHD8"	1.02016210501435e-05	-3.41139392496181	0.057	0.146	0.0306048631504306
"ATP1B1"	1.02237528145987e-05	2.13031314378331	0.239	0.233	0.0306712584437961
"EFNA5"	1.03347457435782e-05	12.0475394460534	0.017	0.272	0.0310042372307347
"KCNC4"	1.12167028502674e-05	4.40494767240918	0.002	0.131	0.0336501085508023
"AL356481.1"	1.1609071873678e-05	-3.78089372901298	0.002	0.379	0.0348272156210339
"HSBP1L1"	1.19889644399083e-05	3.31136540661689	0.005	0.126	0.0359668933197248
"TPTE2P5"	1.33424837963531e-05	6.83207549253281	0.014	0.223	0.0400274513890594
"ZRSR2"	1.33709868666595e-05	0.670552278896059	0.139	0.233	0.0401129605999784
"DDIT4-AS1"	1.35143756762524e-05	10.2943275614162	0.005	0.403	0.0405431270287571
"KCNH7"	1.3543228917299e-05	9.67617448896092	0.142	0.267	0.0406296867518969
"THY1"	1.37761796242474e-05	1.56355764118927	0.078	0.131	0.0413285388727421
"ADGRB3"	1.42839535205669e-05	8.49440345823572	0.158	0.194	0.0428518605617007
"CSRNP3"	1.45599517434702e-05	-0.392066529671666	0.066	0.126	0.0436798552304105
"CTTNBP2"	1.46530759127525e-05	1.58995659269696	0.111	0.126	0.0439592277382574
"SPRY4"	1.4935762136497e-05	6.63733984464874	0.005	0.248	0.044807286409491
"NR4A2"	1.61881742471706e-05	2.07894017427589	0.057	0.335	0.0485645227415117
"PLCB1"	1.65341391784297e-05	-2.89372062220546	0.265	0.398	0.0496024175352891
"AL606807.1"	1.73564056849111e-05	1.58566587716942	0.009	0.413	0.0520692170547334
"ARF4-AS1"	1.79137241861925e-05	-2.78587163366247	0.009	0.131	0.0537411725585774
"FAM157A"	1.81412062255685e-05	10.8171883698911	0.002	0.175	0.0544236186767055
"FN1"	1.82944961634548e-05	8.35038049642731	0.031	0.316	0.0548834884903645
"LINC01232"	1.93617612590203e-05	11.6262551075801	0.005	0.364	0.0580852837770608
"SDAD1P1"	2.22724618303336e-05	2.2731394388938	0.066	0.272	0.0668173854910009
"AUTS2"	2.28359087571614e-05	1.18731435266685	0.329	0.51	0.0685077262714842
"KISS1R"	2.35593059037572e-05	-8.71715326969739	0.111	0.063	0.0706779177112716
"FGF12"	2.47110127457392e-05	3.30817292327651	0.05	0.112	0.0741330382372177
"TNFRSF10D"	2.52282863082165e-05	2.12758012429705	0.078	0.238	0.0756848589246495
"DSEL"	2.8030475960172e-05	-2.18441038949157	0.151	0.189	0.0840914278805161
"PAX6"	3.32333517046148e-05	-0.356657629562429	0.357	0.374	0.0997000551138445
"MIR4500HG"	3.39880893818884e-05	4.02960017226845	0.005	0.272	0.101964268145665
"PSD3"	3.50435478944915e-05	0.439881144121931	0.139	0.155	0.105130643683474
"CA9"	3.80895803002219e-05	-10.4544372390457	0.151	0.117	0.114268740900666
"AC007066.2"	3.89486075702369e-05	3.13298674683547	0.017	0.393	0.116845822710711
"C1QTNF1"	4.00682698937301e-05	1.67590267186977	0.002	0.16	0.12020480968119
"AC099522.2"	4.11354962858086e-05	10.2121776623835	0.009	0.316	0.123406488857426
"RBM5-AS1"	4.25717958941019e-05	2.93654237946345	0.007	0.155	0.127715387682306
"CENPC"	4.68886647602899e-05	1.45142186718535	0.097	0.18	0.14066599428087
"PTPRD"	4.6983142942105e-05	1.20282018153445	0.241	0.194	0.140949428826315
"TTC7B"	4.70775239783172e-05	0.262312443213999	0.035	0.112	0.141232571934952
"CCDC81"	4.75518218217468e-05	11.7586404768853	0.005	0.131	0.14265546546524
"GPATCH2"	5.16186758553498e-05	1.41972374436919	0.04	0.267	0.15485602756605
"ZMAT4"	5.16186758553498e-05	2.4029624100162	0.026	0.476	0.15485602756605
"AL589740.1"	5.31871464220303e-05	-1.61802797054654	0.236	0.291	0.159561439266091
"GPR75-ASB3"	5.44739781615187e-05	4.4354917206909	0.005	0.252	0.163421934484556
"UNC5D"	5.50193172160501e-05	1.70689833365837	0.21	0.364	0.16505795164815
"GUCY1B2"	5.55694690067994e-05	3.49474373976186	0.024	0.209	0.166708407020398
"AC005410.1"	5.67982021530121e-05	2.71291552867105	0.009	0.189	0.170394606459036
"DAPK1"	5.81679718810569e-05	-1.93007244907725	0.083	0.121	0.174503915643171
"NAA16"	6.27149102845513e-05	2.59372451612402	0.13	0.218	0.188144730853654
"DACH1"	6.38400608046204e-05	-0.378307680414722	0.116	0.184	0.191520182413861
"SQLE"	6.56283489890971e-05	0.447006018074488	0.333	0.311	0.196885046967291
"AC009053.1"	6.66714073381241e-05	7.42262944832951	0.005	0.243	0.200014222014372
"AC008264.2"	7.41328082630387e-05	10.7675325401454	0.002	0.107	0.222398424789116
"TNNI3"	8.22199142486729e-05	-1.39270038831366	0.002	0.126	0.246659742746019
"AC022101.1"	8.61498421543821e-05	-7.45160284393919	0.123	0.083	0.258449526463146
"SLC10A4"	9.30962203024461e-05	0.302756313325968	0.005	0.107	0.279288660907338
"AC092839.1"	9.30967647420181e-05	11.7184008438872	0.005	0.296	0.279290294226054
"RBM11"	9.90317820773638e-05	5.37011299109324	0.007	0.238	0.297095346232091
"AC055811.1"	0.000113499946760756	7.18985558795601	0.005	0.35	0.340499840282268
"LRRTM4"	0.000116356235704739	1.91511683833892	0.05	0.18	0.349068707114216
"RNU2-63P"	0.00011680094877368	-0.629760375509372	0.002	0.184	0.350402846321039
"CLASP2"	0.000119280215860283	1.2939438536436	0.366	0.379	0.357840647580849
"ANKS1B"	0.000122273380866829	0.259760840849395	0.106	0.102	0.366820142600487
"SEPT1"	0.000131184662059688	-1.56589298954519	0.002	0.243	0.393553986179063
"TMEM131L"	0.000135994643109041	-0.465437322592792	0.147	0.204	0.407983929327123
"HS3ST4"	0.00013651110081969	9.45906709785875	0.007	0.107	0.409533302459071
"CNTN2"	0.000156949448536819	1.87798400178004	0.052	0.248	0.470848345610458
"GADD45A"	0.000161429076923704	-4.53518473696595	0.066	0.233	0.484287230771113
"CNTNAP5"	0.000161429076923704	11.6991981622213	0.009	0.369	0.484287230771113
"AC072062.1"	0.000171390818242841	-0.724664815516794	0.005	0.141	0.514172454728522
"AC015912.3"	0.000178238379825977	11.7196010563098	0.005	0.33	0.534715139477931
"CECR2"	0.000178239407036109	0.949389437241362	0.147	0.262	0.534718221108326
"LRP5L"	0.000178904904207139	3.3008274728465	0.017	0.408	0.536714712621418
"SCUBE2"	0.000181252589216527	12.3281200873314	0.007	0.291	0.543757767649582
"AL512343.2"	0.000187075260820489	10.7399585830185	0.002	0.398	0.561225782461467
"DPY19L2P3"	0.000189523561072237	1.76078543116409	0.007	0.107	0.56857068321671
"SYT2"	0.000192358485214907	2.80332841424516	0.031	0.388	0.577075455644722
"AP1S2"	0.000194871687470445	-1.24983246431089	0.539	0.636	0.584615062411336
"PDE1A"	0.000195958191796057	5.41283508025447	0.09	0.233	0.58787457538817
"DEPTOR"	0.000204101553405634	-0.9863534683114	0.012	0.316	0.612304660216902
"ZC3H8"	0.000209061863912145	-2.10541463352123	0.113	0.18	0.627185591736436
"AC023886.1"	0.000209448078864939	1.05169586413386	0.021	0.238	0.628344236594816
"ST6GAL2"	0.00021295429375668	5.61069053799367	0.17	0.204	0.638862881270039
"CSRP2"	0.000213347257541332	5.25770310188651	0.437	0.5	0.640041772623997
"KCNAB1"	0.000216117129528574	1.72874236926367	0.007	0.383	0.648351388585722
"ZCCHC6"	0.000218920740801577	0.537157623377089	0.125	0.286	0.656762222404731
"ARL9"	0.000229635935862835	0.39697896230637	0.009	0.252	0.688907807588506
"AC026979.2"	0.000231327474769364	6.47327429471955	0.043	0.267	0.693982424308091
"HCG23"	0.00023260254039502	2.42315805010307	0.005	0.218	0.697807621185061
"GRASP"	0.000234745692078405	-9.82923109840141	0	0.155	0.704237076235214
"AC137723.1"	0.000236038428417011	1.26723887724036	0.002	0.306	0.708115285251033
"TTR"	0.000240841880963445	10.2362062325872	0.04	0.456	0.722525642890335
"AK4"	0.000251180520700104	0.431149010261675	0.066	0.165	0.753541562100311
"AL139412.1"	0.000251639334343448	10.6010700004296	0.002	0.383	0.754918003030346
"HIST1H2BH"	0.000262889523624954	-3.94978359016481	0.04	0.155	0.788668570874861
"SNRPN"	0.000265773440453853	5.3009493078631	0.002	0.102	0.79732032136156
"UPP2"	0.000268201937461832	5.50535855823455	0.026	0.252	0.804605812385495
"EPAS1"	0.000278624379152968	-4.8569672392027	0.229	0.214	0.835873137458905
"HSPH1"	0.00028116125068024	0.722433011681039	0.251	0.34	0.843483752040721
"ELMOD1"	0.00028116125068024	10.4424880286603	0.012	0.291	0.843483752040721
"MIR137HG"	0.00028942544347768	5.30852316363488	0.026	0.223	0.868276330433041
"SLC8A1"	0.000291526759786132	3.32307128480166	0.076	0.107	0.874580279358396
"SNX24"	0.000291526759786132	-1.71051584602562	0.028	0.112	0.874580279358396
"GLCE"	0.000311092288830068	3.10398639068383	0.09	0.228	0.933276866490205
"CDO1"	0.000312777062428322	0.940489914271349	0.265	0.194	0.938331187284967
"CD99"	0.000313340549273006	-0.544666530055699	0.102	0.117	0.940021647819017
"SCNN1D"	0.000314468745611777	10.7769745495606	0.005	0.335	0.94340623683533
"CDK18"	0.000316741478110126	11.8175781255881	0.007	0.306	0.950224434330378
"CCDC92B"	0.000330101102658437	3.87620431828504	0.009	0.102	0.990303307975311
"SUMO2P1"	0.000333670234897237	1.49018727535808	0.005	0.155	1
"CACNA1D"	0.000340312555856219	11.315200038492	0.007	0.291	1
"THAP9"	0.000340920760646556	6.70721511046219	0.061	0.422	1
"FAM229A"	0.000355867417671954	2.9136356433982	0.009	0.437	1
"FLRT3"	0.000368131119663788	4.24997857545345	0.076	0.33	1
"SPESP1"	0.000381466412291663	5.72085674665095	0.012	0.228	1
"MPZ"	0.000391760747097488	10.7351117470202	0.002	0.117	1
"TTC28"	0.000396656011022429	-0.295358911904613	0.191	0.184	1
"ZNF20"	0.000398064548606146	3.46367202665383	0.012	0.146	1
"ADRA2A"	0.000405177602560775	-4.43652862359386	0.132	0.267	1
"AC110285.6"	0.000407334562480285	1.37318511028617	0.007	0.408	1
"SLAIN1"	0.000431779665975353	-0.842362261724821	0.137	0.204	1
"CACNA1A"	0.000470614315901183	1.7895791154229	0.024	0.262	1
"HIST1H2BE"	0.000479768983455619	-1.40549635777244	0.021	0.136	1
"ELP6"	0.000487380358595674	2.00234611044429	0.102	0.121	1
"LRRC3B"	0.000490802218424502	-0.430640245942191	0.13	0.102	1
"ID1"	0.000498578727356158	-4.64563198719193	0.05	0.155	1
"AL139011.2"	0.000511795367067263	-8.80368978802333	0	0.112	1
"C3orf14"	0.000512687986993908	-3.44440006667465	0.092	0.223	1
"AL359265.3"	0.000520787121952816	12.3326355710507	0.007	0.277	1
"CCDC174"	0.000524424878173129	1.36531318059095	0.135	0.214	1
"KCTD14"	0.00052900537552068	10.638411555771	0.005	0.32	1
"MTSS1"	0.000537344351992783	1.52540322505983	0.262	0.243	1
"CSAD"	0.000538278427302972	0.615762736987395	0.078	0.126	1
"TCAP"	0.000549603331131256	1.45132920308187	0.002	0.121	1
"FOS"	0.000618102069912447	3.06971865802095	0.104	0.252	1
"RND3"	0.000622368843233104	2.8305664725396	0.352	0.34	1
"MST1R"	0.000634244187629896	10.7159934970144	0.002	0.354	1
"CGNL1"	0.000641907607746363	0.71069690671429	0.002	0.121	1
"LATS2"	0.000654129233977659	-0.935999389065662	0.012	0.296	1
"ARAP3"	0.000683884914015999	0.816512146654276	0.012	0.184	1
"SNHG14"	0.000693289665591284	5.44067107777738	0.17	0.199	1
"ARHGEF7-AS2"	0.000696843695025988	8.82791092146545	0.007	0.286	1
"TFRC"	0.000725925482865397	-1.77103541747028	0.123	0.262	1
"AC011921.1"	0.000791493771685901	10.7864024265115	0.002	0.136	1
"NDST1-AS1"	0.00082839397335333	10.74300904191	0.002	0.107	1
"LINC00467"	0.000845304763613703	-4.72638703176323	0.005	0.102	1
"ZFHX2-AS1"	0.000851011195839117	9.72045110882779	0.024	0.175	1
"KCNB2"	0.000925421146506158	9.41612285942664	0.017	0.107	1
"CEP350"	0.000925421146506158	0.900926407911316	0.343	0.359	1
"AL691403.1"	0.000966454802845918	-7.59105960196465	0.012	0.32	1
"FNBP1P1"	0.000971296371199678	8.00429404433803	0.04	0.296	1
"AC010864.1"	0.000989237274508629	0.880586483124042	0.002	0.16	1
"CHRNA3"	0.0010158922838862	1.68343053488205	0.026	0.524	1
"AL713999.1"	0.00103975518359558	11.7086240833984	0.033	0.223	1
"GRM7"	0.00105536840564166	-0.53157034527426	0.012	0.248	1
"RAI2"	0.00111265572389169	0.844120061294007	0.009	0.204	1
"LRRN1"	0.00116321416634811	-0.287513598995841	0.121	0.238	1
"AC026471.4"	0.00117280668854023	3.68758420026721	0.009	0.252	1
"MEGF6"	0.00119416809222418	10.5644899619288	0.002	0.136	1
"ZNF385B"	0.00125837114220851	8.7440018528446	0.012	0.112	1
"MAGI1"	0.00128744985217802	0.353241829931956	0.203	0.272	1
"AC005476.2"	0.00129587125895054	2.13765056466194	0.005	0.282	1
"THSD7A"	0.00130646422008687	-3.78999439311469	0.028	0.107	1
"AC120049.1"	0.00131714770393392	2.89373436751555	0.005	0.277	1
"PPP2R2B"	0.00132144148681468	4.10626499397688	0.338	0.369	1
"AC245748.1"	0.00136508947269956	11.6065746599982	0.005	0.272	1
"PTPN4"	0.00138068578023981	-1.42516222776021	0.149	0.214	1
"PPP1R42"	0.00147059400169163	-7.13603201010458	0.002	0.228	1
"MTUS2"	0.00147059400169163	4.91435189089739	0.002	0.262	1
"APOA1"	0.00147534698496805	10.750858799548	0.009	0.117	1
"AL589935.1"	0.0015187588492328	11.6635600495614	0.005	0.325	1
"SLCO1A2"	0.00156335144253833	10.7349873300448	0.002	0.141	1
"UNC5B"	0.00156587015375363	5.62892768011233	0.014	0.335	1
"NPPA"	0.00157090603969847	4.89274004224402	0.017	0.155	1
"DEPDC7"	0.00159375258899538	6.79944935429097	0.019	0.354	1
"TDH"	0.00162208467510377	2.53306819310542	0.005	0.228	1
"OPCML"	0.00163512540980487	5.20444273774965	0.014	0.107	1
"DNAH2"	0.00165089338414588	11.5857459637539	0.083	0.262	1
"PPP1R17"	0.00166148296842971	1.19780315407356	0.265	0.612	1
"AL158050.1"	0.00167212830817742	-2.74925791520801	0.002	0.146	1
"BBC3"	0.00172909628664491	-5.50788147924716	0.078	0.272	1
"GCC2"	0.00175405012940412	4.7994909371277	0.106	0.146	1
"SERPINI1"	0.00177650884420663	0.877888936490946	0.047	0.199	1
"CDH7"	0.00177933469406121	0.944490561211621	0.012	0.126	1
"DOK5"	0.00182511387083221	-0.305374176160185	0.121	0.087	1
"FAM19A2"	0.00183091174737667	1.11275783452736	0.024	0.199	1
"SYTL3"	0.00186901235107443	-2.87839497206462	0.007	0.238	1
"ABHD6"	0.00200975312990134	-4.96748112823092	0.121	0.204	1
"HIVEP1"	0.00203519449447233	0.445636750343058	0.111	0.228	1
"TBC1D2"	0.00217031929552058	5.65091181259298	0.019	0.379	1
"AC006064.2"	0.00217371530676475	10.7246198692278	0.002	0.32	1
"ITGB8"	0.00218393258927528	1.74070468482545	0.203	0.165	1
"AC103952.1"	0.00220105085207315	10.8081376863654	0.002	0.141	1
"PRRT4"	0.00223218930874257	10.7782782726272	0.002	0.175	1
"Z93241.1"	0.00224616632076033	1.32216352045603	0.005	0.112	1
"HK2"	0.00225669520802476	1.49672218875776	0.132	0.189	1
"SLCO5A1"	0.00225669520802476	-0.695854576600424	0.168	0.417	1
"KCNK3"	0.00225669520802476	1.16033613335525	0.012	0.262	1
"PURPL"	0.00226021487321015	1.94106402603203	0.009	0.296	1
"IVNS1ABP"	0.00226021487321015	1.28557389935862	0.52	0.534	1
"AC123768.3"	0.00227433524421266	4.05856190695964	0.002	0.432	1
"NRN1"	0.00229211892332395	8.27680757146488	0.208	0.291	1
"VGF"	0.00230642173487883	1.64457387543562	0.007	0.102	1
"CHSY3"	0.00230643047552065	6.84881582119823	0.043	0.165	1
"ACAP1"	0.00233893119304308	5.91747258591005	0.002	0.233	1
"LMO4"	0.00234621029235993	3.06750002113698	0.319	0.272	1
"NPDC1"	0.00235715923167635	3.22398090385627	0.007	0.359	1
"AL645728.1"	0.00243518308204995	-8.49284397376561	0	0.252	1
"AL591222.1"	0.00248467022563322	2.61464884465782	0.009	0.107	1
"GREB1L"	0.00252724305767586	11.7649632927394	0.005	0.126	1
"DOCK9"	0.00254682827738952	1.98531350377567	0.031	0.17	1
"CRHR2"	0.00257843769093005	3.93926074887572	0.038	0.364	1
"ZFHX4"	0.00261442680664332	-0.736137852205247	0.31	0.354	1
"AC124045.1"	0.00265086418692646	4.88706854993171	0.007	0.33	1
"HSPB1"	0.00270849515065372	2.82156320232126	0.281	0.286	1
"OSTN"	0.00280994186072898	3.64146241525257	0.021	0.16	1
"AKAP9"	0.00284017740539373	0.463123637747837	0.329	0.325	1
"RPP25"	0.00284017740539373	0.981775622193167	0.007	0.112	1
"CDCP1"	0.00288829100789578	0.775520499955093	0.035	0.204	1
"METTL11B"	0.0029015414083388	1.94400227827998	0.002	0.102	1
"AC104041.1"	0.00293714751676862	0.861868003206625	0.028	0.223	1
"CCSAP"	0.00294162620608925	0.832384397448937	0.478	0.544	1
"CCDC186"	0.00309296507737495	2.73171460209996	0.106	0.233	1
"HCG17"	0.00310236140198585	-3.82850819689402	0.054	0.141	1
"SCGB2B2"	0.00335093754340557	5.1562901639178	0.005	0.34	1
"GNG3"	0.00341713611527805	0.27306480902608	0.414	0.442	1
"RYR3"	0.00351603082570895	8.49732332880417	0.007	0.131	1
"CPLX1"	0.00351603082570895	8.96786892230649	0.024	0.155	1
"LINC00858"	0.00361752304764704	-10.312847544693	0.111	0.053	1
"LYPD6B"	0.00363378951074806	1.25917515064786	0.026	0.335	1
"NLN"	0.0037775765009627	0.620211680891287	0.137	0.136	1
"GAS2"	0.00381716201990957	1.19030227576506	0.045	0.388	1
"ANP32E"	0.00382854119581039	-1.61186411261021	0.241	0.199	1
"BCL11B"	0.00386861144725123	0.352675630861175	0.165	0.199	1
"SLC35F4"	0.00391487226937353	12.7112211934653	0.102	0.155	1
"AL162511.1"	0.00408076895168707	10.5830350243758	0.047	0.272	1
"AC109460.2"	0.0042031454675629	-10.2081761052366	0.002	0.136	1
"TBC1D3L"	0.00427815987411351	-0.682062019798408	0.002	0.17	1
"LEAP2"	0.00435438632864406	2.57316508767276	0.005	0.199	1
"AOC2"	0.00444487197127627	10.7630782798178	0.002	0.146	1
"SEMA3A"	0.00449075079714288	-6.73686231595754	0.08	0.15	1
"LHX9"	0.00449075079714288	-0.525465661779483	0.045	0.34	1
"FAM47E"	0.00456371346270677	11.6984079844065	0.005	0.316	1
"AL110118.2"	0.00478907352830174	4.90686270669196	0.007	0.311	1
"CTNNA2"	0.00483113259559397	10.417264511157	0.054	0.112	1
"RUNX1"	0.00499541019368023	12.3717116727959	0.007	0.117	1
"AC037459.3"	0.00513490947384	11.6175417238397	0.005	0.35	1
"AC006547.2"	0.00513490947384	3.11641416563796	0.009	0.18	1
"AC011900.1"	0.00534689175777885	3.20808975389595	0.005	0.18	1
"AC078909.2"	0.00546370340865981	1.3033555890423	0.007	0.262	1
"AC092171.3"	0.00553488030739548	4.47667223245129	0.009	0.199	1
"PTCHD1-AS"	0.00554284028424785	10.6123261706246	0.005	0.175	1
"AC011444.1"	0.00569603768353921	-4.01361393423085	0.002	0.238	1
"BAZ2B"	0.00570422451125615	2.70797657196137	0.522	0.515	1
"NAV3"	0.00572879430588898	5.45430007237731	0.111	0.141	1
"CCDC112"	0.00596275609609082	0.617763443526584	0.369	0.422	1
"LINC00276"	0.00601399731273649	11.6603094915033	0.005	0.194	1
"CIART"	0.00614384037666719	2.75220921764794	0.059	0.233	1
"SEMA6D"	0.00617888891766148	7.54383724534818	0.064	0.199	1
"AC019186.1"	0.00621411739276159	11.7534889414907	0.014	0.194	1
"B2M"	0.00637489372955221	1.83411007408834	0.333	0.316	1
"NHLH1"	0.0064841475631763	0.439896298732206	0.435	0.602	1
"SH3D19"	0.00652093806195506	0.824711388013586	0.005	0.262	1
"AGBL4"	0.00692845816690863	1.04419671415645	0.007	0.34	1
"NRP2"	0.00697729925200031	2.42191715552943	0.024	0.311	1
"AP001107.1"	0.00724640189190799	2.99180714540491	0.007	0.388	1
"ARL4C"	0.00735871178925782	1.07905349852936	0.35	0.354	1
"AVIL"	0.00744133149737277	10.83346572304	0.005	0.131	1
"CYTH1"	0.0075143471897973	3.3701529428977	0.206	0.248	1
"AL157911.1"	0.00754580299846965	11.6953796352808	0.005	0.141	1
"AMOTL2"	0.0076729050460766	2.90585639055666	0.005	0.204	1
"CKS2"	0.00789997965638165	-0.661746538708109	0.139	0.155	1
"SYT1"	0.00809936552030371	3.21280971641844	0.371	0.432	1
"PROSER2"	0.00824613242280917	2.96094596048654	0.009	0.189	1
"AC004865.2"	0.00836068629794525	11.8306628506888	0.007	0.107	1
"CLDN5"	0.00845333308855425	0.475916894931414	0.002	0.218	1
"AL357153.2"	0.00852341957473442	10.7615967655985	0.002	0.165	1
"VIM"	0.00861767629606026	1.12511822799694	0.13	0.107	1
"ENC1"	0.00870091409079308	-2.73541733413627	0.669	0.752	1
"AL132780.1"	0.00885738151881756	2.1253391182309	0.002	0.16	1
"JUN"	0.0089427095610037	-2.80552311634869	0.296	0.291	1
"AL390763.2"	0.00899178267638924	1.01751434474462	0.002	0.126	1
"ADM"	0.00900408846829073	-5.54210613462956	0.177	0.291	1
"SLC3A2"	0.00914044804539236	0.732014446973811	0.132	0.223	1
"SLA"	0.00925338290330334	3.07568059172635	0.279	0.33	1
"GNG5"	0.00929130362817218	1.69679233021199	0.392	0.369	1
"MPP7"	0.00938032507566032	4.53727566830415	0.009	0.218	1
"AC008056.1"	0.00949589888492015	10.6273855921876	0.007	0.291	1
"EPB41L4B"	0.00949589888492015	10.6131402952258	0.033	0.267	1
"CADM2"	0.00950881849055265	3.65189299156417	0.087	0.117	1
"SCN3A"	0.00962580219129284	0.387600204692538	0.116	0.117	1
"AL390195.2"	0.00982362844489285	10.5659768731864	0.007	0.257	1
"SLC17A8"	0.00983691727741909	10.5470149951494	0.002	0.379	1
"AC105285.1"	0.00985024965744603	10.7401422071589	0.002	0.238	1
"ANKRD37"	0.0104530768383463	-1.05515414723839	0.078	0.267	1
"LINC00632"	0.0105803453725685	6.70548336809972	0.028	0.184	1
"SUGT1P1"	0.0108680816125365	10.6816514596234	0.002	0.214	1
"AC104985.1"	0.0108826794393315	10.6968923370966	0.021	0.262	1
"LINC00174"	0.0110884777414518	-1.26552724512289	0.007	0.243	1
"AC080162.1"	0.0113430184550819	11.7864488935317	0.005	0.107	1
"STEAP2-AS1"	0.0113884413242093	10.7417999056255	0.002	0.141	1
"NTS"	0.0114340872131097	-3.51752044751792	0.083	0.199	1
"ATP2C2-AS1"	0.0114493282748277	12.6759652609829	0.009	0.218	1
"AC231533.1"	0.0115565215390781	11.7442442950297	0.005	0.335	1
"HIP1R"	0.0124630522596431	0.799705715026202	0.092	0.291	1
"IGFBP2"	0.0131190608962012	0.254045331776753	0.395	0.481	1
"GLI3"	0.0132053354301799	0.815005146207323	0.156	0.092	1
"MIR34AHG"	0.0132053354301799	2.77729831408007	0.038	0.17	1
"SEZ6"	0.0132226504100794	-1.56102107221207	0.329	0.398	1
"GRIK1-AS1"	0.013257340598542	11.721835139644	0.028	0.277	1
"GSG1L"	0.0134847944041139	1.69593070266663	0.002	0.335	1
"UBE2S"	0.0139500696741362	1.44380142282183	0.296	0.301	1
"PLAU"	0.0140411171507486	0.796371281190432	0.002	0.233	1
"DGKH"	0.0140960546188711	3.62337671035727	0.012	0.262	1
"ANO4"	0.0145609838718419	11.760021915747	0.005	0.223	1
"ETV4"	0.0147507086140325	7.45215347396428	0.002	0.121	1
"SMARCA5-AS1"	0.0148080071835305	12.3380172327004	0.007	0.228	1
"TCF4"	0.0149812515927603	0.268847923997237	0.44	0.5	1
"RCAN2"	0.0150199824819965	9.07110367614527	0.012	0.223	1
"AL078639.1"	0.0150393809816395	1.00553098514261	0.371	0.369	1
"CEBPG"	0.0150393809816395	1.06539425282875	0.26	0.34	1
"AC010186.3"	0.015293538757799	10.7031128989524	0.002	0.311	1
"STMN4"	0.0153132862489496	3.8033574753325	0.338	0.354	1
"MIR17HG"	0.0153923472521341	3.52905059196252	0.017	0.277	1
"LINC00862"	0.0158133399946093	10.7633853378436	0.002	0.126	1
"AC131934.1"	0.016306805889959	10.8192870179999	0.005	0.112	1
"AC008403.3"	0.016474328989121	0.677577305043418	0.002	0.102	1
"AL049543.1"	0.0165797715463947	1.95483180637287	0.002	0.218	1
"AC012358.3"	0.0168781330539737	3.53922833993188	0.019	0.335	1
"TMEM132B"	0.0168996635545005	-2.76364948425823	0.139	0.286	1
"MARCH1"	0.0169858777480443	-0.798399456858449	0.203	0.238	1
"CEBPB"	0.0173126279710434	-0.476648994629385	0.092	0.136	1
"NETO2"	0.0174669888781193	0.809446555182424	0.296	0.335	1
"COL9A3"	0.0176895973261658	3.55571103735815	0.024	0.121	1
"ADM5"	0.0178920226635273	11.7739077940721	0.005	0.102	1
"ONECUT1"	0.0178920668344936	11.6870751419493	0.005	0.141	1
"AL031775.1"	0.0179599620893035	11.8282457447086	0.005	0.184	1
"SULF1"	0.0183723637278551	5.42085633762155	0.005	0.243	1
"PLCB4"	0.0183724087481129	3.30118460844406	0.239	0.383	1
"U91319.1"	0.0185817010986743	3.30770252410702	0.021	0.194	1
"FAM156A"	0.0189589310168659	11.0684204030081	0.012	0.194	1
"PKIA"	0.0189827286734665	0.686143995549243	0.402	0.354	1
"SEMA3E"	0.0193428404980995	0.50732911050055	0.002	0.131	1
"CBLN2"	0.0193913036315537	0.471141441553636	0.009	0.204	1
"EPB41L4A-AS1"	0.0196106646706816	-2.39058025745539	0.132	0.364	1
"AL139142.1"	0.0198322674507155	11.6652636878224	0.04	0.286	1
"PICK1"	0.0204084444899206	4.70254835527776	0.019	0.233	1
"XKR4"	0.0204338235205365	0.636678305584654	0.014	0.117	1
"PRKCA"	0.020484664174688	0.349981480521612	0.111	0.141	1
"NR4A3"	0.0212606176799282	8.52101493200313	0.052	0.112	1
"HMGCR"	0.0213659885210096	2.64617919743212	0.251	0.301	1
"HS3ST5"	0.0223075464009329	10.1833216264658	0.002	0.107	1
"AC109322.1"	0.0223075464009329	10.8245811930863	0.005	0.32	1
"C20orf204"	0.0225277573227103	4.06273398371074	0.005	0.403	1
"PRKG2"	0.0225830555344856	4.85001940022351	0.009	0.311	1
"CTNND2"	0.0225831044015783	0.292886687533592	0.128	0.141	1
"KIAA2012"	0.0228615634827867	0.297603145169539	0.005	0.33	1
"OSBPL10"	0.0235709851770978	6.21127048368647	0.012	0.121	1
"AC104985.2"	0.0236862389963525	10.7549335472112	0.002	0.301	1
"IGDCC3"	0.0237151287342565	-4.28443323490239	0.175	0.286	1
"COL25A1"	0.023744049037366	5.42422922656578	0.012	0.495	1
"CDH9"	0.0238891099418209	-4.30700870314018	0.009	0.102	1
"CALB1"	0.0243288607568906	-11.4090456914796	0	0.146	1
"AC012640.4"	0.024388028212292	0.259154606240211	0.002	0.165	1
"PDK1"	0.0245663329830896	-0.796496499380142	0.116	0.233	1
"FSIP2"	0.0255053907747127	8.82406875313804	0.18	0.306	1
"DBI"	0.0256906878960161	0.319852313431127	0.158	0.155	1
"FBXO32"	0.02600210427348	-4.31838552934667	0.113	0.17	1
"AP000350.6"	0.0268914905458644	0.436381970554253	0.009	0.194	1
"UNC80"	0.0268914905458644	-0.423964046225483	0.007	0.141	1
"CST3"	0.0274441914431894	-6.15430959116845	0.111	0.146	1
"TUBA8"	0.0276085461872179	10.76699430231	0.002	0.248	1
"MCUB"	0.0276086042335602	-0.896506183284589	0.241	0.257	1
"AFDN"	0.0276746068253567	1.81044871057685	0.487	0.485	1
"MAPT"	0.0277738658454536	0.614495986765194	0.234	0.223	1
"OXTR"	0.028545035621286	1.4000533398574	0.024	0.175	1
"CLTCL1"	0.0285450413681662	-3.09440670362382	0.005	0.311	1
"PFKFB1"	0.0285451007526158	1.57685584906771	0.002	0.17	1
"MCTP2"	0.0289203668903599	10.7202594120565	0.002	0.107	1
"KHDRBS3"	0.0290235228388813	0.829459167420614	0.208	0.218	1
"ST7-AS1"	0.0294390157711243	2.8713756704027	0.017	0.102	1
"SEC61G"	0.0294390764144603	0.336823297194958	0.381	0.403	1
"FAM181B"	0.0298244865357061	3.31754372837683	0.113	0.136	1
"KEL"	0.0298950252077291	-0.415034341614096	0.002	0.262	1
"AC010729.1"	0.0299656458769964	11.7766941054146	0.009	0.359	1
"AL356488.3"	0.0304645153509079	10.775817187622	0.002	0.107	1
"DDIT3"	0.0305363526682708	2.32467929534448	0.061	0.184	1
"AC073333.1"	0.0307165827989638	10.7529510524462	0.002	0.141	1
"LURAP1L"	0.0310068508559981	-0.490152923698892	0.009	0.32	1
"FAM13A"	0.0313362136840022	0.505049502460741	0.168	0.155	1
"ZNF57"	0.0314097483291156	-1.65033318403388	0.007	0.335	1
"AC025178.1"	0.0315573890827873	10.6891655436237	0.002	0.252	1
"GABRA2"	0.0316314960596551	4.25331978665811	0.005	0.194	1
"TNRC6C"	0.0319291614898721	1.819498377881	0.083	0.126	1
"ZNF215"	0.0319291614898721	-3.56679998904251	0.057	0.136	1
"LINC00997"	0.0320039519603627	7.17517823957709	0.002	0.117	1
"CLASP1"	0.0324558554687657	0.308051231302545	0.128	0.175	1
"CHRM2"	0.0324558554687657	11.6916226817888	0.007	0.252	1
"TRIB3"	0.0326076997115827	-3.56412382585129	0.071	0.18	1
"SCNN1B"	0.0329132141785405	10.7132006175136	0.002	0.272	1
"SAT1"	0.0332211759664324	0.486971415449031	0.203	0.165	1
"KDM3A"	0.0334149016430226	0.43797425295721	0.222	0.306	1
"TESK2"	0.0338837903788278	10.7538943749054	0.002	0.15	1
"MADCAM1"	0.0339624829211401	0.380162680852107	0.012	0.175	1
"EBF3"	0.03400188774839	2.23211860908541	0.024	0.175	1
"HRH2"	0.0341598981340526	4.50959064097891	0.05	0.199	1
"FST"	0.0345976074912678	1.43522827964541	0.012	0.126	1
"HAS2"	0.0346377000430039	6.8627584846658	0.009	0.141	1
"HTATIP2"	0.0356924818274349	1.61238754349635	0.005	0.228	1
"STC1"	0.0360225834402445	-0.667693507212318	0.09	0.267	1
"NRXN1"	0.0360640198917695	-0.345213363851979	0.267	0.233	1
"KCNQ4"	0.0361470147152585	11.7550140404539	0.005	0.121	1
"CDH13"	0.0362718122132289	-0.570951098814807	0.009	0.107	1
"RPS19"	0.0364387799948536	3.12312184803268	0.56	0.636	1
"TAGLN3"	0.0376259918431397	-0.341986651100791	0.475	0.422	1
"AL133216.2"	0.0381013197123626	-3.53448224419955	0.002	0.252	1
"TFP1"	0.0384502114807184	10.127853623328	0.002	0.18	1
"NBEA"	0.0386256732754884	2.21974046103926	0.121	0.155	1
"AC015971.1"	0.0392896562567642	1.42124979673161	0.002	0.228	1
"AC025048.2"	0.0397828391707378	6.41477358860769	0.012	0.214	1
"AL117348.2"	0.0398730577856995	10.7172617024325	0.002	0.257	1
"SIX3"	0.0418550773382883	10.5095032332113	0.002	0.243	1
"CAB39L"	0.0422329708136471	1.80069135073991	0.213	0.238	1
"RASGEF1B"	0.0433353023633	-2.73269480778685	0.147	0.248	1
"CRABP1"	0.0441163979269269	1.21220806554785	0.033	0.301	1
"SDK1"	0.0444618458715464	1.19693744517294	0.019	0.248	1
"H1FX"	0.0451595918655311	0.73921859067984	0.473	0.529	1
"AL139383.1"	0.0464799064651191	11.6539446913413	0.005	0.296	1
"RASL11B"	0.0467891664365413	0.749070231906912	0.099	0.18	1
"KCNK15-AS1"	0.0468926371093266	2.83181540716163	0.007	0.15	1
"LRP3"	0.0471521563561544	6.92301323765728	0.024	0.126	1
"C2"	0.047622255088486	10.6945718299584	0.002	0.252	1
"AC113414.1"	0.0476223354650575	2.16021646248699	0.005	0.209	1
"AL583859.2"	0.0476747369360355	1.88409965678354	0.002	0.141	1
"AC005562.1"	0.0481493730089894	2.28162482371587	0.005	0.403	1
"PDE5A"	0.0488953667788287	4.62910599766735	0.005	0.131	1
"TUBB4B"	0.0498144262248631	-0.758935688264838	0.144	0.117	1
"AP001269.4"	0.0499780924635457	4.30778842455127	0.005	0.223	1
"CHGB"	0.0506925314501572	8.62492170804488	0.085	0.155	1
"ABCA12"	0.0510251469405097	3.0132069761961	0.005	0.252	1
"FAAH2"	0.0510806845872073	2.85807185147039	0.04	0.316	1
"FBN2"	0.0514155062748153	-2.91022329797876	0.007	0.102	1
"AC027307.3"	0.0525446155618781	11.8195582125778	0.005	0.194	1
"FGF14"	0.0532895064579711	5.17523668266715	0.005	0.209	1
"NEUROG2"	0.0535784658895719	1.47034773564825	0.388	0.505	1
"CALR"	0.0551017486642927	-0.529481455721465	0.317	0.311	1
"AC005520.5"	0.0553392739735813	11.7407625823925	0.005	0.301	1
"MSMO1"	0.0554583562590561	0.337927555083565	0.239	0.291	1
"RAPGEF5"	0.0558768270643954	8.83095597272774	0.045	0.238	1
"SH3BGRL3"	0.0559968721013393	1.82899841069974	0.39	0.422	1
"STC2"	0.0560569751188079	2.13146161339722	0.165	0.267	1
"GRIN2D"	0.056418630219189	0.678146049997578	0.007	0.117	1
"ATG9B"	0.0565397358338374	-4.37591462414193	0.13	0.18	1
"IGFBP5"	0.0566003235181225	2.11336267782896	0.076	0.214	1
"AC087623.2"	0.0573315997675623	10.7165356038035	0.033	0.248	1
"RNF217-AS1"	0.0573928925182943	0.843582451590118	0.005	0.32	1
"HSPA1A"	0.0583188410725608	-0.891782404201513	0.019	0.175	1
"KCNQ5"	0.0586302350676217	10.7271196773292	0.009	0.243	1
"GADD45G"	0.058692679272358	1.10980753281453	0.66	0.655	1
"LINC01871"	0.0620166927273173	10.7839035956144	0.005	0.126	1
"ZCCHC12"	0.0623443605537442	0.586702622099172	0.033	0.131	1
"C8orf89"	0.0632030040720781	11.6374346798449	0.007	0.243	1
"NKAIN4"	0.0636693841599978	-8.01534129137513	0.047	0.112	1
"AC005842.1"	0.0638031565658958	10.8148209416266	0.005	0.15	1
"AC002310.4"	0.0640042503705087	2.2240833777451	0.019	0.184	1
"KCNMB2-AS1"	0.0647460769760358	11.6285838089818	0.005	0.136	1
"TOX3"	0.0650175850185071	2.30134677287617	0.232	0.204	1
"SPOCK1"	0.0653582901144979	4.40159657784003	0.087	0.228	1
"NES"	0.065700466095958	-0.742676170163997	0.061	0.102	1
"KBTBD11-OT1.1"	0.0657689772389349	-10.6414120301495	0	0.286	1
"H1F0"	0.0663892486067818	1.84745933999329	0.187	0.369	1
"AC010336.5"	0.0670142281912078	10.6903525387809	0.012	0.296	1
"HMCN1"	0.0672235289992249	0.405353464584209	0.002	0.189	1
"HMGB3"	0.0674335659165882	1.20507912420659	0.418	0.345	1
"LMNA"	0.0678549708927666	-7.26714191626469	0.08	0.189	1
"CHPF"	0.0685622651128233	2.05278462870859	0.071	0.194	1
"NSRP1"	0.068918283529299	0.354927906292017	0.184	0.194	1
"TCF12"	0.0700674362357702	1.33618587248511	0.338	0.35	1
"PCDH9"	0.0702846433153447	0.48047655305156	0.123	0.243	1
"MIR210HG"	0.0721903380509631	6.21882822939987	0.083	0.199	1
"PCDHB9"	0.072636070406974	1.02898102703035	0.017	0.233	1
"OR7D2"	0.0739112246908804	2.6717173388551	0.021	0.218	1
"LIMA1"	0.0750515042883446	0.949507288697037	0.17	0.155	1
"CKB"	0.0787972650552742	5.36562112788026	0.305	0.325	1
"DCLK2"	0.0797570954144086	0.275095533651876	0.137	0.155	1
"AL353807.2"	0.0804830739749362	10.7236716959585	0.002	0.33	1
"SHB"	0.0812961294271596	-11.9536511194861	0	0.155	1
"CTSV"	0.0822805819490746	-0.253526648461085	0.005	0.16	1
"AC018512.1"	0.0823630541153217	10.7739152306464	0.002	0.214	1
"SRRM4"	0.0828594105131064	-2.36542653404089	0.121	0.155	1
"AP002852.1"	0.0828594105131064	2.00756341447916	0.035	0.102	1
"GCG"	0.0830252468333417	1.490205935588	0.012	0.325	1
"AC233992.3"	0.0843626886150943	2.06060224987627	0.05	0.267	1
"H2AFV"	0.0847841600450296	0.736621219277588	0.39	0.383	1
"SMARCD3"	0.0851225621312353	0.388915641947383	0.645	0.66	1
"PCSK5"	0.0868309895331439	10.4560176439575	0.005	0.112	1
"RASGRP1"	0.0872623936140238	-0.936409843050305	0.333	0.519	1
"AC096992.2"	0.0876087608093678	2.47057715548746	0.009	0.345	1
"SOX6"	0.0878692633592459	0.555023224609529	0.097	0.15	1
"IL23A"	0.0879562362418468	-9.00750160500183	0	0.296	1
"AL390726.6"	0.0879562362418468	2.8862201444488	0.007	0.316	1
"AL137077.2"	0.0883920197219142	11.7228582163699	0.005	0.286	1
"NR2F2-AS1"	0.090865497975854	3.80452983402461	0.038	0.272	1
"SRRM3"	0.090865497975854	3.80754114392727	0.061	0.141	1
"NEUROD2"	0.0919424071303262	-2.71837878669065	0.267	0.272	1
"AC004158.1"	0.0939433563621262	-0.307991665898669	0.196	0.209	1
"AC104109.2"	0.0946794516541787	-0.408974172615531	0.002	0.364	1
"NTM"	0.0949568461179866	-3.59850330369897	0.165	0.204	1
"AL032819.1"	0.0950492867148056	11.7008956287811	0.005	0.218	1
"PKM"	0.0950494142648174	-4.43910303950681	0.345	0.374	1
"THSD7B"	0.0954204099722642	10.7071528778909	0.002	0.272	1
"BTG2"	0.0958857843386361	-3.05574248126892	0.258	0.243	1
"AC092720.2"	0.0964466298155837	10.7611721777616	0.002	0.136	1
"KIDINS220"	0.0966341604663408	0.628926250311516	0.378	0.417	1
"CATSPERE"	0.0975761929066598	1.94871303436413	0.002	0.301	1
"AC027807.1"	0.0979549294139399	-6.12195490574365	0.002	0.155	1
"TAGLN"	0.098049828246685	-8.26576414246427	0	0.252	1
"MALAT1"	0.0981449261119094	-0.937383321464708	0.324	0.296	1
"PCDH17"	0.0982399719049971	7.57779834090113	0.019	0.233	1
"ZSCAN23"	0.098716304142357	3.23460542400169	0.031	0.432	1
"GYPC"	0.0996744993833884	7.8973241314913	0.019	0.199	1
"GLYATL1"	0.0998670258019765	1.92128615205859	0.061	0.194	1
"SMC4"	0.10190650703302	-1.04673953790085	0.128	0.15	1
"MT-ND1"	0.103185568031312	-0.320845503291845	0.3	0.354	1
"PARM1"	0.103780193218699	4.74587703160329	0.009	0.325	1
"AC025580.2"	0.104177991123151	10.7433730919013	0.002	0.165	1
"AL160313.1"	0.105278672154428	12.3869968912922	0.009	0.262	1
"TIMM23B"	0.106591197085301	-1.03846906684571	0.005	0.102	1
"AC244517.11"	0.107099454770676	6.72477118617965	0.007	0.379	1
"SQSTM1"	0.108224273508442	-0.864435854232977	0.168	0.267	1
"PDIA4"	0.111444979782198	-0.398169891440115	0.18	0.223	1
"USP51"	0.111655330180974	2.56358006874012	0.017	0.248	1
"RUNX1T1"	0.113669316201078	7.0879610343118	0.128	0.102	1
"LINC00461"	0.114204039732585	-0.443053859690069	0.348	0.345	1
"FRY-AS1"	0.114204039732585	0.619287938011475	0.002	0.233	1
"AC115618.1"	0.114525823081213	2.29083770935589	0.005	0.345	1
"LINC01801"	0.115495319376479	0.86368329732111	0.007	0.199	1
"SYN3"	0.116254067049443	-0.750300312548607	0.009	0.175	1
"CDC42EP3"	0.116689314040422	-4.40862839303917	0.489	0.442	1
"LINC01252"	0.117344583086567	10.8191936492692	0.009	0.155	1
"PRICKLE2"	0.117673298996131	10.8426204144854	0.009	0.272	1
"SIPA1L2"	0.118002737080733	6.93397071077142	0.196	0.413	1
"MEGF11"	0.118332898277428	10.8414229089913	0.005	0.18	1
"MT-ND2"	0.120552521490654	-0.55563841739783	0.298	0.267	1
"TCAF1P1"	0.121337043308187	12.2973084429938	0.007	0.18	1
"SGK1"	0.121561785071155	0.90161112658106	0.021	0.15	1
"HIST1H2BD"	0.121787131136382	-5.73365790315958	0.071	0.238	1
"ATF5"	0.122125552841423	1.18337567938466	0.102	0.306	1
"FBXO48"	0.123372724391237	0.905304092380489	0.017	0.228	1
"ZBTB18"	0.123942897778198	3.81398658114847	0.525	0.485	1
"GOLGA6L10"	0.124171396952383	5.81356296715827	0.009	0.379	1
"PHF20L1"	0.125550325464702	0.386054052853124	0.333	0.354	1
"CTGF"	0.125781278161203	0.785572067900061	0.019	0.189	1
"MT-ATP6"	0.130113866398343	0.252424066644013	0.447	0.481	1
"AC131212.1"	0.131424022262816	3.63458859216495	0.005	0.175	1
"LINC00884"	0.131424022262816	10.7567424072684	0.002	0.243	1
"AL592424.1"	0.13407482571539	12.3150661300057	0.007	0.252	1
"DLL1"	0.135049035009245	-1.90498029987595	0.078	0.165	1
"KCNK1"	0.135293563558145	11.7451488608212	0.019	0.238	1
"NYAP2"	0.135293563558145	1.45536060621261	0.009	0.209	1
"TMEM161B-AS1"	0.135415890023263	0.681822223270546	0.329	0.306	1
"AC112236.1"	0.137261056078034	0.60714970413558	0.012	0.398	1
"CDKN1A"	0.137756360533734	3.88789379069637	0.064	0.252	1
"AGAP2-AS1"	0.139125552731342	0.893186854723809	0.024	0.238	1
"KRTCAP3"	0.139876640546297	10.7481475402031	0.002	0.117	1
"CCDC7"	0.140127892975342	4.4634611923147	0.024	0.238	1
"TRPV1"	0.140505051265274	3.3336488102101	0.002	0.413	1
"AL133227.1"	0.142912976474132	3.50405354134244	0.007	0.335	1
"LINC01551"	0.143807991019453	-1.20379623897161	0.39	0.408	1
"EOMES"	0.14561090697838	0.574033996463813	0.657	0.714	1
"AC008741.1"	0.145869717473833	3.84298265128987	0.005	0.223	1
"NAPA-AS1"	0.148085185601659	8.01039068345579	0.005	0.233	1
"SCG5"	0.148478956010231	8.50936499428085	0.009	0.136	1
"ID4"	0.149532512638	-3.46655605935103	0.099	0.102	1
"FNDC3A"	0.152057561222642	1.25694694814541	0.201	0.272	1
"AC116535.1"	0.152727412888965	9.62775302175232	0.005	0.311	1
"AL589765.1"	0.157067583627138	-9.02144931675188	0	0.233	1
"KCNQ3"	0.15747939002498	1.9348209975107	0.314	0.388	1
"NRG3"	0.158857466336077	1.49072827751473	0.033	0.16	1
"ARSF"	0.158857466336077	2.65138867276628	0.009	0.136	1
"VEGFA"	0.160244650331452	-3.52458816441266	0.184	0.267	1
"MIAT"	0.160802080734116	0.590876070788484	0.064	0.272	1
"SFRP1"	0.16164097168098	-1.83122041351426	0.305	0.272	1
"MMP16"	0.1627645108911	6.89102843300326	0.154	0.238	1
"NRG1"	0.163611228386111	-3.04185816684523	0.085	0.155	1
"GNG8"	0.163752650641008	6.06711747916222	0.005	0.131	1
"SYT4"	0.164745187029121	-1.04959166624681	0.118	0.131	1
"AC092329.3"	0.166027794626213	10.7591292657468	0.002	0.131	1
"KDM5B"	0.166027952882757	-0.749355888338028	0.539	0.544	1
"RPS4XP1"	0.16660047657092	10.7199359847508	0.017	0.262	1
"SDK2"	0.167174483186337	-1.073069795613	0.017	0.131	1
"AL357060.1"	0.167749974557265	10.7819693110243	0.035	0.189	1
"ZNF608"	0.169775913067152	0.36955884381764	0.154	0.296	1
"CCDC26"	0.169921321847007	0.790614589780043	0.002	0.112	1
"PCDHB2"	0.169921321847007	0.90709823089673	0.338	0.413	1
"NDUFB2-AS1"	0.169921321847007	10.7502300702367	0.002	0.272	1
"MEIS2"	0.170066823961998	-0.303934966420797	0.605	0.544	1
"AC084018.2"	0.170503890598509	2.46150178735917	0.019	0.184	1
"MYLPF"	0.172260574945811	11.8033717572224	0.005	0.121	1
"AC009283.1"	0.17358694793792	1.53496312491146	0.038	0.291	1
"LHX2"	0.175814504894283	-0.845032140637033	0.48	0.432	1
"GRIA2"	0.177311342211516	1.08204007589665	0.246	0.238	1
"FUT9"	0.177611845340676	-0.55976191225409	0.4	0.398	1
"ARID5B"	0.17896880336273	1.46697147529919	0.203	0.398	1
"PFKFB3"	0.179120051146969	-2.61388903204435	0.132	0.209	1
"CA2"	0.180029534454131	-5.62896653333776	0.012	0.102	1
"NKAIN3"	0.180333456803635	1.69113228688765	0.619	0.568	1
"CALD1"	0.180790054724825	-3.35762106866448	0.397	0.403	1
"AC084824.5"	0.180942444643292	10.5318371279375	0.009	0.262	1
"GPC6"	0.182011845333057	7.943112590809	0.102	0.267	1
"CD200"	0.182471592388803	-0.377057854005912	0.359	0.354	1
"FTX"	0.183547683136449	1.67452397937087	0.255	0.325	1
"PRPH"	0.184473782235859	-2.9713372329703	0.005	0.121	1
"AC114689.3"	0.184783249246508	1.44879323313516	0.007	0.427	1
"KCTD16"	0.184783249246508	0.785308292777299	0.026	0.18	1
"AC008758.1"	0.184783249246508	10.7590964040958	0.009	0.121	1
"AC005076.1"	0.186492187270902	0.971590687647815	0.007	0.18	1
"BCL11A"	0.18774236666198	-0.29063987242792	0.173	0.267	1
"SPTBN1"	0.188841338528341	0.317183177549586	0.229	0.18	1
"ARRDC3"	0.189471352334706	-0.479834908627966	0.31	0.408	1
"AL353194.1"	0.190102935439641	3.05686884596004	0.012	0.369	1
"VASH2"	0.190261262948483	1.24512429794643	0.104	0.087	1
"AC138649.1"	0.193124672068919	-2.61436783895745	0.009	0.15	1
"EPS8L2"	0.195051120823492	-8.47141823593919	0.095	0.155	1
"TTC36"	0.196343226398324	2.65302308097881	0.005	0.257	1
"GPR158"	0.196667230343393	10.9705505696205	0.009	0.214	1
"AP001065.1"	0.196829206354971	11.6876976395182	0.005	0.32	1
"ZFR2"	0.197641591332288	4.15380529787439	0.069	0.325	1
"GAPDH"	0.198456253365067	1.44241798537988	0.355	0.398	1
"AC005329.1"	0.199273194757785	1.15365519337955	0.007	0.223	1
"NOMO2"	0.204728046215607	1.33331772293475	0.009	0.398	1
"ASCL1"	0.205229258470438	-0.8919287859612	0.312	0.345	1
"PPIB"	0.206066593313046	0.805934244210425	0.376	0.359	1
"AC110769.2"	0.206570014218195	-1.38005459508287	0.002	0.282	1
"PCTP"	0.206738076091028	-0.809277673366521	0.007	0.345	1
"KCNG1"	0.207074513996168	-1.56090005828812	0.144	0.422	1
"AC090013.1"	0.207243026990211	10.7323819145932	0.002	0.267	1
"CXorf58"	0.207411321651149	4.33402840759955	0.002	0.257	1
"AL354989.1"	0.208424150976563	2.89261204774466	0.005	0.194	1
"C1QTNF3-AMACR"	0.212340090018546	3.46431679055252	0.012	0.15	1
"CAPN14"	0.212854734021733	3.04866077910574	0.005	0.262	1
"AL136311.1"	0.213370278053732	1.68386500934444	0.007	0.223	1
"AC010320.3"	0.214403891624422	2.99122667733685	0.005	0.262	1
"CALM1"	0.215441465591026	0.325413165951871	0.307	0.257	1
"MALRD1"	0.2166563266975	-0.341731310211145	0.005	0.257	1
"SOX4"	0.217527097763728	-1.71823727702782	0.823	0.888	1
"HIST1H2BN"	0.217876109906919	1.50369548167282	0.031	0.248	1
"HSPA5"	0.218750400943692	-0.275360288875846	0.281	0.248	1
"HK1"	0.220682705286819	-0.839242819257133	0.21	0.272	1
"AC005498.3"	0.222095684666317	-5.19790822903736	0.014	0.15	1
"STMN2"	0.222449939688006	2.50377359621812	0.274	0.204	1
"BCL3"	0.222982080470638	3.25461563557804	0.04	0.17	1
"AC104806.2"	0.223514958581414	3.71558951207568	0.005	0.165	1
"AKAIN1"	0.226552974577683	-4.19876891437769	0.024	0.199	1
"PEA15"	0.227632154701313	-0.297733184422181	0.149	0.097	1
"AC092142.1"	0.228353640443563	10.0058084099576	0.002	0.248	1
"UFL1"	0.236767961506815	4.27428059461496	0.168	0.218	1
"ANP32BP1"	0.237881258923846	2.95701758483349	0.005	0.189	1
"ADAM19"	0.239932394619929	-2.74118314646158	0.002	0.189	1
"TPI1"	0.240868758135813	4.02050963458163	0.288	0.383	1
"SMOC1"	0.245399121057503	4.5918400167234	0.286	0.262	1
"AC034102.5"	0.246731487176052	9.1807762546368	0.002	0.252	1
"NR2F1"	0.24768657835494	1.23065296358175	0.631	0.67	1
"ACVR1C"	0.249604161256603	9.46709277243414	0.005	0.126	1
"FLT3"	0.252693827118098	10.747701386095	0.002	0.117	1
"THBS1"	0.253081901062557	-3.40979278707851	0.026	0.131	1
"PRDM8"	0.253859293916347	2.77786488545186	0.104	0.233	1
"ADPRHL1"	0.254248435547111	0.254773608078225	0.005	0.17	1
"UBB"	0.254638347411229	-0.913865262054671	0.376	0.417	1
"ZNF121"	0.256397133186435	-1.11111851544955	0.069	0.15	1
"GCNA"	0.258558369056455	10.589604333408	0.012	0.286	1
"THA1P"	0.259544927688332	2.27470424553075	0.002	0.282	1
"FABP7"	0.260732406279328	-0.325820550676261	0.222	0.233	1
"NELL2"	0.261129006729116	0.304031430667353	0.128	0.126	1
"NEUROD4"	0.26212233222778	0.630357247086387	0.071	0.335	1
"RIIAD1"	0.26692644046263	1.57517405370847	0.005	0.146	1
"NOCT"	0.266926613441264	-3.08741221842238	0.012	0.267	1
"NCAM1"	0.267531379991111	0.985347523006794	0.239	0.199	1
"HIST1H2AC"	0.268339199597637	-4.21062989618652	0.045	0.175	1
"HDAC9"	0.271994990831087	-0.854187290650513	0.317	0.447	1
"HAT1"	0.272607557115987	1.45686271453756	0.106	0.087	1
"ZNF525"	0.274040842572158	2.76452895035985	0.024	0.243	1
"LINGO2"	0.274245992333743	6.85896305410748	0.017	0.252	1
"AP002336.2"	0.275273314732619	10.7088171464315	0.009	0.175	1
"LSAMP"	0.277129106834498	-0.442754469352538	0.102	0.112	1
"PRKX"	0.277129106834498	1.66019169768861	0.324	0.325	1
"CRMP1"	0.277335830911966	0.382860594278407	0.362	0.383	1
"AC233280.1"	0.277749594138735	10.7704470824092	0.007	0.121	1
"NPAS1"	0.279824713790396	8.63012406963408	0.007	0.296	1
"BARX1"	0.280032803765303	3.7258203346199	0.083	0.16	1
"VCAN"	0.28253808523499	2.14983450618973	0.579	0.563	1
"AC009318.3"	0.283796406611612	-0.318147051651302	0.002	0.17	1
"RELN"	0.284847722160705	11.7803072602741	0.005	0.233	1
"DRAXIN"	0.284847902161315	-0.43698265000807	0.201	0.233	1
"DLEU2"	0.285058517105609	-5.19973924645107	0.255	0.364	1
"MYO1B"	0.285480062881591	-2.38315957902287	0.085	0.136	1
"ID2"	0.287170458764733	-1.90585529951656	0.229	0.238	1
"MYO10"	0.289505763541812	0.849227900819645	0.338	0.267	1
"SVIL"	0.289718696393787	7.44924059297598	0.182	0.369	1
"ZNF454"	0.290784942183799	-2.09894134512152	0.033	0.267	1
"FHDC1"	0.29185382435955	1.12140862799684	0.095	0.257	1
"SCRG1"	0.292710828744371	0.293814370698308	0.121	0.136	1
"AL357054.2"	0.295507752629754	10.7155981630531	0.005	0.131	1
"CWF19L2"	0.29680465710948	1.22907871901661	0.203	0.248	1
"FOCAD"	0.298105362823508	-1.42898100317078	0.043	0.131	1
"ABRACL"	0.299845551645582	-5.16284795673804	0.319	0.34	1
"FBXL19-AS1"	0.302249351436711	1.38208142225345	0.009	0.233	1
"MTUS1"	0.303126630650206	1.32906324446747	0.097	0.165	1
"AL021453.1"	0.303785699823657	1.59618136066196	0.014	0.243	1
"NRTN"	0.305989468049766	10.712241664528	0.002	0.184	1
"SLC35F3"	0.307095135985576	-0.82516662494969	0.014	0.282	1
"AL118516.1"	0.315360769080696	-1.17860717660212	0.043	0.15	1
"LRCH4"	0.317619532459154	10.7710147825373	0.005	0.15	1
"LINC01158"	0.319434159690786	-2.42447385093746	0.667	0.617	1
"AC104794.2"	0.319434159690786	1.14605577967481	0.009	0.18	1
"PCSK2"	0.321483707725068	-1.5144482288391	0.005	0.102	1
"OTOF"	0.321483707725068	7.12703320485498	0.043	0.117	1
"ENO1"	0.321940326416719	-1.56244562542313	0.241	0.311	1
"DIO2"	0.324000346310384	3.15595015033447	0.002	0.15	1
"BNIP3L"	0.324229766253573	2.65911754245158	0.366	0.403	1
"NSG2"	0.32491866066148	5.62536083985745	0.319	0.252	1
"RGS16"	0.32884037336896	2.72803343771638	0.069	0.374	1
"NDUFA4L2"	0.330928944830818	4.77858944108342	0.035	0.335	1
"IQCC"	0.33209278135624	-5.1438276689001	0.005	0.243	1
"SLC16A3"	0.335600865374083	-1.77245164543476	0.135	0.257	1
"AC091167.6"	0.337716836474559	-6.42589600673069	0.002	0.189	1
"KLHL29"	0.34268778291275	-3.55096902379265	0.012	0.189	1
"AF279873.3"	0.344355287034174	10.596101575259	0.078	0.117	1
"NANOS3"	0.345310363852072	-4.25845444413654	0.109	0.33	1
"RCOR2"	0.348906924659301	-0.315608026151133	0.173	0.359	1
"HIF1A-AS1"	0.349629082033355	0.843528601592109	0.002	0.199	1
"HIST1H1C"	0.350352187410164	-5.23638108384766	0.182	0.214	1
"HMGB2"	0.351801241448206	-1.25074289255878	0.097	0.126	1
"CREBRF"	0.351801241448206	1.03107179683621	0.057	0.257	1
"FTL"	0.3522851017139	9.58528187883326	0.508	0.432	1
"IL20RB"	0.3522851017139	7.65820878194954	0.012	0.252	1
"XACT"	0.353011681530891	1.74075752543225	0.026	0.257	1
"SLC2A1"	0.353254085286037	-5.59808142929253	0.144	0.354	1
"SLC1A3"	0.36032953771833	-0.333079311627296	0.163	0.165	1
"MIR7-3HG"	0.360820757175284	0.547234825003515	0.005	0.117	1
"WSB1"	0.365013069242649	-4.16106533683456	0.53	0.451	1
"FILIP1"	0.367244795503335	4.20653132343282	0.012	0.15	1
"CNTNAP2"	0.367741886973099	1.07455868635387	0.586	0.655	1
"RPS2"	0.367741886973099	0.542698843702459	0.556	0.495	1
"INSM1"	0.370233625306204	2.38626912882903	0.421	0.403	1
"FAM162A"	0.374242159976933	4.7325895861437	0.201	0.286	1
"PLOD2"	0.37499673780253	-3.29822540593119	0.106	0.223	1
"HNRNPA2B1"	0.375500311666575	1.51240772002062	0.423	0.422	1
"ZNF354A"	0.376004303005166	0.460384705915131	0.104	0.17	1
"AC006460.1"	0.378277226514666	2.33256839838928	0.012	0.296	1
"ATOH7"	0.378277427711733	10.7698127534698	0.007	0.257	1
"SLC38A1"	0.387197532740621	0.284282997060611	0.21	0.214	1
"FOLR1"	0.387967859137541	10.7652147534961	0.002	0.184	1
"TNIP1"	0.388225078528294	1.24987789144496	0.097	0.204	1
"IFI16"	0.39157605795397	6.97606014644244	0.007	0.126	1
"AC092910.3"	0.39157605795397	7.84154958636641	0.012	0.194	1
"LMNB1"	0.392351846647261	0.375650530472005	0.378	0.306	1
"TUBA1B"	0.394165641283766	4.57023410401494	0.168	0.194	1
"MYT1L"	0.394684798889458	1.58137405244742	0.109	0.155	1
"ZNF670-ZNF695"	0.395464133713787	2.53660769419097	0.005	0.277	1
"RARB"	0.397808227199078	12.2411771893682	0.007	0.267	1
"AP002383.2"	0.407268114226123	10.7412332429769	0.002	0.155	1
"MAP1B"	0.409388556696766	0.304012483210375	0.329	0.335	1
"NEUROD6"	0.417666394403502	-1.5063582206176	0.208	0.272	1
"RNU5E-1"	0.42008781086511	7.72281619765415	0.005	0.301	1
"AL022313.4"	0.420087984561747	10.6991973621092	0.031	0.257	1
"AC091946.1"	0.421977133907548	1.46533017138825	0.005	0.267	1
"LRRC39"	0.423058880266768	11.7601198571332	0.014	0.165	1
"FBXO2"	0.42360018851821	5.59833237801908	0.002	0.146	1
"CKAP2"	0.427402071150649	-0.397761464983567	0.161	0.16	1
"CCND2"	0.430129704184994	-1.05845499640259	0.57	0.602	1
"EPHA4"	0.433416167512154	5.70173793220711	0.104	0.204	1
"SLC17A6"	0.433965319847799	7.10661662652196	0.028	0.131	1
"AL078644.2"	0.434514874104264	0.548287791266448	0.033	0.345	1
"DOCK2"	0.436165946527393	10.7913690780273	0.17	0.136	1
"PRDX1"	0.43920228623195	-0.330999673705758	0.733	0.757	1
"GMFG"	0.440309241455003	10.724466063409	0.002	0.252	1
"POU3F2"	0.441418087705698	-4.60133638396189	0.499	0.49	1
"CELF2"	0.443362248523255	0.809407524776407	0.466	0.456	1
"HIST1H1D"	0.447544633686751	-5.8678703563073	0.085	0.131	1
"CNR1"	0.451468347809291	3.73824060480876	0.584	0.646	1
"GEM"	0.452030293627469	-0.336779107301851	0.009	0.17	1
"MIR100HG"	0.454564869601841	0.848743903648426	0.428	0.432	1
"INTU"	0.455129156591257	-0.258511498485131	0.116	0.165	1
"AP003049.2"	0.456541598366226	6.62453667193048	0.005	0.17	1
"LINC00624"	0.458523149789269	-0.750531678349699	0.064	0.34	1
"LINC00324"	0.460225453674809	8.75450901314595	0.012	0.223	1
"KLHDC1"	0.471088432924581	8.80375838192732	0.009	0.262	1
"AP001266.2"	0.471952020223529	10.7259797419141	0.024	0.199	1
"RXFP1"	0.472816479242738	10.6028278470794	0.054	0.17	1
"IGFBP6"	0.473970445855501	10.8320887873426	0.002	0.17	1
"AL445250.1"	0.474836935682855	10.7217455158802	0.066	0.112	1
"HCG18"	0.479182232893648	2.31815191466954	0.005	0.277	1
"PHLDA1"	0.48005409342157	-1.78513981823473	0.582	0.563	1
"POLD3"	0.481217538395949	-0.671170936316479	0.069	0.117	1
"MSX1"	0.481800066126531	2.56596285319741	0.005	0.248	1
"RBFOX1"	0.486472834145422	-0.371171557694448	0.102	0.083	1
"ADAP2"	0.487644842318079	10.7827581160063	0.007	0.16	1
"CX3CL1"	0.497964609775783	2.16530701760334	0.002	0.126	1
"TAC3"	0.498261158359074	1.37176079608704	0.064	0.33	1
"C15orf48"	0.503615057392326	10.5461975028849	0.002	0.262	1
"LPL"	0.505107623549951	-0.454942514491966	0.024	0.107	1
"MDK"	0.506004280612764	3.56204107759525	0.463	0.442	1
"WBP4"	0.506901774502261	0.364799768356789	0.073	0.146	1
"CNTN5"	0.508399454585485	8.02499888719787	0.007	0.18	1
"LINC01122"	0.50869926881183	0.489537246781397	0.076	0.209	1
"TENM4"	0.511401761681633	2.33255646262524	0.18	0.296	1
"LRRC7"	0.516224639081605	0.263963324709607	0.161	0.155	1
"TFDP2"	0.51682915275434	-1.7650249139448	0.378	0.442	1
"DCX"	0.520767412267025	0.532167911035072	0.355	0.354	1
"SCG3"	0.532981356524833	0.986274946840876	0.248	0.238	1
"LINC01505"	0.532981356524833	1.65884906111709	0.005	0.233	1
"PTTG1"	0.533288551331973	1.52960311903708	0.111	0.117	1
"SLC24A4"	0.537598656366404	10.7357871115205	0.007	0.155	1
"AC025164.1"	0.539142208759138	1.15727813552595	0.014	0.354	1
"PDE4B"	0.539760128736847	1.28015960524445	0.121	0.238	1
"AC068587.4"	0.544406842266318	5.15345034073334	0.007	0.252	1
"TAF4B"	0.54502788655754	12.320601550044	0.007	0.16	1
"EPHA5"	0.54627102950243	0.915257698382816	0.253	0.301	1
"ID3"	0.547826931552	0.854888962430646	0.052	0.204	1
"CMAHP"	0.547826931552	10.3826721894741	0.002	0.189	1
"QKI"	0.548138374644541	-0.318460691791028	0.182	0.184	1
"ANKAR"	0.548761523164501	0.467650503718259	0.017	0.325	1
"SRGAP1"	0.549073228504757	6.91972817159699	0.265	0.301	1
"MTHFD2"	0.551257608637792	1.63260288573857	0.073	0.17	1
"FDFT1"	0.551882501101123	4.67701851318723	0.374	0.364	1
"HDX"	0.553446252821529	-4.41619337457773	0.078	0.282	1
"MT-TP"	0.555325615895076	1.63549150105266	0.506	0.539	1
"TMEM151B"	0.561612580594752	1.92506425627734	0.009	0.233	1
"RPLP1"	0.561927830033709	0.610649344176301	0.385	0.354	1
"AL390957.1"	0.562558439344172	1.79816813865091	0.005	0.291	1
"UCHL1"	0.564768916778344	0.2834071658553	0.213	0.189	1
"UBE2F-SCLY"	0.5660338361203	0.315612521560663	0.009	0.189	1
"AC107068.1"	0.567933761102733	7.20778174841937	0.009	0.316	1
"AL391121.1"	0.569836732309811	0.676825696582963	0.035	0.228	1
"EPHA3"	0.571107067135872	-1.49471256941087	0.343	0.374	1
"LINC01980"	0.572696878647927	5.64053907144878	0.05	0.267	1
"ZEB1"	0.574607421024306	4.28126410668548	0.407	0.417	1
"ZBTB20"	0.574607421024306	1.54024498618441	0.565	0.519	1
"RNF103-CHMP3"	0.575244938001909	-5.62012351015139	0.005	0.218	1
"MCHR1"	0.576840191397177	-2.83735719939558	0.137	0.155	1
"NEFM"	0.579396925459707	1.86053384849785	0.05	0.238	1
"CENPF"	0.583883962442613	3.51162201903862	0.142	0.092	1
"NPTX2"	0.588064929500475	4.20214288621187	0.017	0.35	1
"AP001172.1"	0.588386975410546	2.71610732889098	0.012	0.359	1
"AC003002.1"	0.588387114794891	10.7413580890349	0.059	0.136	1
"AL358472.4"	0.588709381618803	-2.78141962618735	0.012	0.223	1
"AL445248.1"	0.593552995505619	10.5902468811942	0.002	0.345	1
"PLXDC1"	0.595171762198629	11.745716439503	0.083	0.199	1
"PALMD"	0.595495729556788	6.08466771624825	0.052	0.126	1
"MT-RNR2"	0.59679240270128	-0.526231426841835	0.442	0.427	1
"GPC5"	0.59679240270128	4.11117044330203	0.012	0.131	1
"RNVU1-19"	0.601666195493144	10.7760368595064	0.002	0.257	1
"IQCH"	0.603294815389491	5.93490382494199	0.007	0.194	1
"DPYSL3"	0.606884886871152	1.1364743162994	0.454	0.398	1
"KCNIP4"	0.607538625740883	6.77072302275841	0.012	0.117	1
"LINC01144"	0.607865612963474	0.97859154636893	0.002	0.277	1
"AC063944.1"	0.61015671730725	10.7567206232775	0.002	0.184	1
"ARHGAP5"	0.61015671730725	0.522580762178778	0.236	0.233	1
"AL135999.1"	0.61837033894095	-0.416243236192724	0.061	0.291	1
"HIST1H3H"	0.619029511958994	0.519205942971103	0.009	0.126	1
"NFKBIA"	0.62001874491134	-2.1764389228118	0.147	0.238	1
"CHRM5"	0.622990842482134	7.67253485709547	0.002	0.194	1
"AC004917.1"	0.623983050801319	-3.17324187770669	0.012	0.228	1
"HMGN3"	0.630281998712358	-3.21922862833808	0.404	0.413	1
"DM1-AS"	0.633941118902105	11.7231444705487	0.007	0.204	1
"PEG10"	0.634607379623805	6.55205261462948	0.548	0.466	1
"SPINK5"	0.638277095146535	1.61729124708985	0.028	0.214	1
"GNG2"	0.639279471534274	0.885675343055521	0.421	0.34	1
"RARS"	0.646650273985851	1.73751624328029	0.106	0.184	1
"TEX41"	0.654393226271792	0.877162184172711	0.005	0.262	1
"ROBO2"	0.656419458100102	-0.879556692888074	0.492	0.447	1
"LINC01376"	0.657095390020813	1.62093889879898	0.009	0.335	1
"TICAM1"	0.659463358672521	-1.00839034024922	0.002	0.117	1
"AC013472.2"	0.663191230901254	10.659425753946	0.002	0.262	1
"ANAPC5"	0.668969100815299	2.3865265265992	0.277	0.34	1
"SNTG1"	0.673059546247984	0.661877764553735	0.054	0.136	1
"ZBTB20-AS1"	0.679555709136895	-8.63068597617659	0.005	0.107	1
"AL450326.1"	0.681955074687735	10.7588105550792	0.002	0.272	1
"ANKRD12"	0.682298104560074	4.25055698075423	0.243	0.282	1
"BNIP3"	0.683670879967126	2.82965777454375	0.241	0.262	1
"GTF2IRD2P1"	0.684357660346026	5.29246345178324	0.005	0.223	1
"GTF2IP1"	0.690550373628717	11.6851078570237	0.005	0.218	1
"GUSBP2"	0.691584413675332	3.19379139311463	0.005	0.33	1
"NRCAM"	0.696763869344657	0.257391798188307	0.274	0.33	1
"H3F3B"	0.697801446434257	-0.504594960695627	0.619	0.573	1
"NR2F1-AS1"	0.698493478623052	5.39647825220553	0.22	0.238	1
"HSP90AB1"	0.700571077351472	0.254495820020052	0.416	0.417	1
"IFI44"	0.700917493562494	2.0329867643145	0.208	0.422	1
"TMEM97"	0.70091756219524	3.47923897544569	0.182	0.243	1
"CADM1"	0.702304123172777	-0.721740706035387	0.298	0.383	1
"EMP3"	0.70508021535861	-2.59958809511313	0.066	0.117	1
"DPP10"	0.705774854176278	3.39737001984618	0.035	0.117	1
"PAAF1"	0.706122171009755	2.25988855557567	0.064	0.17	1
"MIR181A2HG"	0.709251616488293	5.70243729513993	0.017	0.204	1
"ERO1B"	0.712386081884399	-5.22627773298327	0.061	0.286	1
"HMGN2"	0.714827287890494	-0.564247801234231	0.277	0.238	1
"RGS2"	0.715176168779609	-1.804709067313	0.045	0.175	1
"SHMT2"	0.716572711124174	-3.12760620444947	0.142	0.233	1
"PAK5"	0.717620812959703	1.28448428773662	0.163	0.257	1
"GAS5-AS1"	0.720767946696229	10.7478452051082	0.002	0.15	1
"TMEFF2"	0.722518559846018	7.25368930321808	0.017	0.18	1
"SSH3"	0.722868837191758	2.6684772620368	0.08	0.209	1
"AC130324.2"	0.723219172618853	12.7409235156145	0.009	0.175	1
"AL034417.4"	0.729534968594053	10.755537473263	0.002	0.199	1
"EZH2"	0.729886491913957	-6.77521654612209	0.437	0.51	1
"FTH1"	0.732699938361362	0.295285230193187	0.234	0.199	1
"PGAP1"	0.736926840252076	3.40558451384982	0.374	0.456	1
"DLGAP2"	0.740808508066444	0.868743400163228	0.009	0.131	1
"AC005837.1"	0.742928572901377	1.89754740110814	0.002	0.107	1
"CREB5"	0.746820333527338	0.844935939447249	0.099	0.102	1
"PI15"	0.74682041605839	-8.63487345875582	0.156	0.126	1
"AC011290.1"	0.74717445079238	1.73537355797686	0.002	0.359	1
"DLL3"	0.750718726238774	-0.684030159383546	0.35	0.442	1
"GPM6A"	0.751073435558101	0.48190646121077	0.678	0.689	1
"MIR99AHG"	0.756400349707251	4.46585020391871	0.456	0.495	1
"ANK2"	0.756400349707251	1.21948951840201	0.22	0.194	1
"FRG1HP"	0.762451531161123	0.65799064851421	0.113	0.175	1
"DNAJC15"	0.766374779258483	3.46672108558144	0.05	0.277	1
"MT-ND5"	0.771376668663903	0.348463020165658	0.44	0.481	1
"C1QTNF4"	0.773165375674026	0.906195067868687	0.009	0.102	1
"BHLHE22"	0.776746397671192	-5.34408267049409	0.248	0.262	1
"ARHGAP25"	0.779255944027488	10.7638306654081	0.009	0.194	1
"TMC2"	0.779973381375925	10.7348667308645	0.054	0.199	1
"SERINC5"	0.784641266891197	1.63059890618726	0.165	0.184	1
"TROAP"	0.786798302414488	8.69153799466488	0.014	0.112	1
"CACNA1E"	0.792558358560604	-1.35313907332122	0.007	0.16	1
"AC145422.1"	0.795081883148764	2.59602025855567	0.009	0.32	1
"AC011815.2"	0.795442659040396	5.46958442819577	0.002	0.33	1
"AC025219.1"	0.796885786707199	2.2219363071708	0.002	0.325	1
"AP000317.2"	0.797607722764611	-8.8358720220363	0.158	0.189	1
"CCSER1"	0.800135598554379	-2.16451586343238	0.069	0.126	1
"RAB11FIP1"	0.810267801450874	4.74033960992042	0.04	0.262	1
"AC005306.1"	0.812805831046978	-2.78641491641505	0.005	0.335	1
"AC027808.1"	0.814257056381707	11.6089768657876	0.005	0.209	1
"VRK2"	0.817161489258816	4.97206616016857	0.002	0.32	1
"GSTP1"	0.821886420215744	0.551330580058446	0.487	0.485	1
"PUM3"	0.822613911029527	-0.805809200458834	0.154	0.204	1
"AC109466.1"	0.8273462919483	-10.2828883403656	0.045	0.112	1
"CNN3"	0.827710583392759	0.406012477581632	0.345	0.35	1
"AC005920.2"	0.829532595148821	11.5748772583197	0.007	0.248	1
"SESN3"	0.834274094766706	0.843866511722561	0.236	0.354	1
"ZNF804B"	0.837194890217183	11.7768616042054	0.005	0.228	1
"AC093865.1"	0.843409175749177	10.7311326914614	0.007	0.214	1
"PLD1"	0.84706918787062	1.22808170778496	0.007	0.282	1
"PLLP"	0.849633165441066	-6.48996802615779	0.002	0.184	1
"LINC02525"	0.854399039975364	-1.2735616370831	0.038	0.18	1
"GAP43"	0.859170233137593	-1.65027648090168	0.378	0.34	1
"BTG1"	0.862476392891865	-3.58762517263471	0.364	0.383	1
"MT-TE"	0.866152728639148	2.36211770754134	0.522	0.597	1
"ARHGEF37"	0.866888301557152	1.75738428339347	0.009	0.277	1
"PLCH2"	0.867624078800887	4.50718662289355	0.007	0.146	1
"CASC15"	0.868727892722959	-0.697732030824366	0.201	0.257	1
"EGR1"	0.869463910974515	-0.46418716619967	0.118	0.393	1
"DDIT4"	0.873882373912095	-3.46297291938174	0.241	0.345	1
"AC092119.2"	0.880148524980657	10.6262974146143	0.002	0.296	1
"EGLN3"	0.880517406951508	-3.04164950722606	0.125	0.272	1
"TUBB"	0.881255159677599	0.595079103062272	0.539	0.534	1
"CNGA4"	0.882361981800409	10.7175406897721	0.095	0.194	1
"CACNA2D1"	0.883099990984646	0.920163892461924	0.236	0.32	1
"GACAT2"	0.885314624883872	12.3158448211498	0.012	0.18	1
"CPE"	0.886053036193201	-1.65592674940534	0.456	0.432	1
"AF131216.1"	0.888268819817002	10.7370956478199	0.002	0.194	1
"AC020611.2"	0.889746564352666	11.7318283765455	0.066	0.204	1
"AC244517.1"	0.889746564352666	0.687331382358915	0.007	0.204	1
"TMEM158"	0.891224650550738	-0.544086415568461	0.813	0.791	1
"KCNN2"	0.892703114820485	3.53615797788489	0.005	0.136	1
"FAM133A"	0.893442487146303	2.61199826039788	0.007	0.175	1
"AC083864.2"	0.894551719088416	7.03625167076824	0.007	0.165	1
"AL160314.2"	0.895661157269196	4.92041775333707	0.009	0.18	1
"CCDC144NL"	0.898250636347425	4.29286384948839	0.054	0.175	1
"NFE2L2"	0.902321997180647	-1.13140749285299	0.125	0.233	1
"INPP5D"	0.903062486681376	0.619059087592207	0.005	0.388	1
"LINC00535"	0.904543829697438	5.71230864016025	0.019	0.102	1
"SYNE2"	0.90491420826347	-2.05358319312755	0.657	0.66	1
"PVT1"	0.908619085590888	5.92979657683368	0.009	0.204	1
"SLC7A11"	0.914180187731478	-2.00276909016779	0.038	0.121	1
"TRPC3"	0.92457186237009	0.652519358493226	0.002	0.272	1
"EZR"	0.932374221543224	0.31764010875332	0.56	0.617	1
"ZNF81"	0.932745906598959	3.78784446082573	0.057	0.252	1
"MLLT3"	0.93348938857047	1.35358375287641	0.624	0.573	1
"MT-RNR1"	0.934976480632397	0.492975564838108	0.371	0.359	1
"SLC27A6"	0.935720088108815	4.40485078257432	0.005	0.126	1
"MYO15A"	0.936835640645006	0.920565753100796	0.002	0.282	1
"SEL1L"	0.936835645204165	0.639676120510827	0.121	0.175	1
"EGFR"	0.939811070179231	3.39755349105514	0.054	0.146	1
"SRM"	0.939811070179231	-5.96054940895323	0.326	0.277	1
"IGFBPL1"	0.943903617216938	-2.0679785776249	0.291	0.359	1
"LHFPL5"	0.945392189062516	0.633064956281009	0.028	0.141	1
"AC017083.3"	0.947997645522505	10.682699848533	0.005	0.257	1
"ZFP37"	0.952837804951126	6.18873567970939	0.017	0.277	1
"CBLB"	0.956189714681819	0.274332682721398	0.092	0.112	1
"PCBP3"	0.956562198013091	8.4552375944285	0.005	0.126	1
"PPFIA2"	0.959914965109634	4.90515202303192	0.18	0.184	1
"RASD2"	0.960287539644327	1.63625730673835	0.012	0.316	1
"GARS"	0.961032714653364	-0.997936570258844	0.296	0.316	1
"AL358852.1"	0.964013735194728	0.817920744704564	0.005	0.146	1
"AC009812.1"	0.966622555022066	-0.670311316586576	0.007	0.209	1
"STK17A"	0.9666225674882	-1.41937630055951	0.13	0.228	1
"MT-CO3"	0.969604510628025	-0.309389875126197	0.662	0.67	1
"LINC01424"	0.97221405056991	10.6194383461269	0.002	0.257	1
"DDX24"	0.974451056206722	0.562310596969585	0.402	0.413	1
"HMGCS1"	0.97482390876454	-5.24490293372006	0.227	0.248	1
"AL662890.1"	0.975569621176132	6.9082224693558	0.002	0.238	1
"AL445433.2"	0.977061136791953	-1.18901384907675	0	0.204	1
"HMGB1"	0.977434026149905	0.706855981962723	0.333	0.34	1
"CNTNAP4"	0.983773833270913	10.7507303090826	0.009	0.291	1
"RTN1"	0.986384662798255	0.98285679885998	0.355	0.32	1
"AC092171.4"	0.988622633798534	8.02209652482971	0.014	0.272	1
"TUBB2A"	0.989741653971277	0.385911899889074	0.371	0.301	1
"KAT6B"	0.996083084788464	0.42540807183004	0.333	0.267	1
"MEF2C-AS1"	0.999440438482398	5.83686872539331	0.019	0.121	1
