"p_val"	"avg_log2FC"	"pct.1"	"pct.2"	"p_val_adj"
"AP000251.1"	1.11415852652035e-51	-0.493041981383138	0.031	0.93	3.34247557956105e-48
"ETS1"	2.09872398478393e-45	7.83769731406978	0.027	0.813	6.29617195435178e-42
"TRPC3"	3.70366978397027e-45	11.4867034401782	0.018	0.696	1.11110093519108e-41
"USP51"	4.62581845339348e-42	7.23072284177329	0.027	0.684	1.38774553601804e-38
"GRM7"	5.6952672247139e-41	8.1129397252463	0.036	0.579	1.70858016741417e-37
"ACSM3"	7.96424038276329e-41	5.4740974647109	0.04	0.825	2.38927211482899e-37
"AGBL3"	1.3156048483975e-40	-6.73406843820797	0.04	0.678	3.94681454519249e-37
"AC025219.1"	2.17005007634399e-40	11.130044892097	0.004	0.778	6.51015022903198e-37
"NPHS1"	5.3651550007078e-39	8.06166006992626	0.009	0.772	1.60954650021234e-35
"RNU5E-1"	1.05524042745874e-38	-0.626223222087852	0.013	0.45	3.16572128237622e-35
"AP001318.2"	1.37896422890187e-38	8.43877990626105	0.031	0.778	4.1368926867056e-35
"AL356489.2"	6.93241203178448e-37	2.60177550448312	0.022	0.649	2.07972360953534e-33
"SCGB2B2"	8.50364638548045e-37	6.93226474404591	0.027	0.649	2.55109391564414e-33
"ST7-AS1"	1.05731498657312e-35	1.2086314015192	0.045	0.69	3.17194495971935e-32
"Z93241.1"	1.95148026853927e-35	2.8755018946482	0.031	0.76	5.85444080561781e-32
"ZMYND10"	3.88262984620509e-35	12.3934523438565	0.018	0.749	1.16478895386153e-31
"SYNPR"	4.4342745131629e-35	5.20485988942236	0.013	0.374	1.33028235394887e-31
"C1QTNF1"	1.0842516191054e-33	10.2444115772422	0.009	0.749	3.25275485731621e-30
"FAM53A"	1.74510585534258e-33	11.4577639689303	0.009	0.643	5.23531756602774e-30
"AP001830.1"	5.28503615013966e-33	11.9664180868085	0.009	0.737	1.5855108450419e-29
"KCNJ2"	5.63577604512915e-33	11.5522543766757	0.009	0.702	1.69073281353874e-29
"LIMD1-AS1"	6.98152346371254e-33	3.03150378722818	0.04	0.667	2.09445703911376e-29
"TPI1P2"	2.09238660018845e-32	12.4099656103557	0.013	0.673	6.27715980056535e-29
"AL136454.1"	3.19723180504195e-32	11.5752354136595	0.013	0.696	9.59169541512584e-29
"AC132807.2"	5.08985507363227e-32	4.23109596649117	0.013	0.655	1.52695652208968e-28
"G0S2"	9.27504612281213e-32	0.759936816281458	0.04	0.766	2.78251383684364e-28
"FAM133DP"	2.30649806592489e-31	-6.56747760422579	0.022	0.573	6.91949419777467e-28
"NBAT1"	2.53365868540954e-31	11.9572794722815	0.013	0.474	7.60097605622862e-28
"AC100814.1"	6.25923710116372e-31	9.29220921380788	0.018	0.725	1.87777113034912e-27
"NAPA-AS1"	1.37256656614975e-30	5.03709552716678	0.031	0.626	4.11769969844924e-27
"C1QTNF3-AMACR"	3.8304140584888e-30	6.04737457547403	0.027	0.544	1.14912421754664e-26
"PABPC5-AS1"	6.00167489737913e-30	12.2432734280024	0.009	0.719	1.80050246921374e-26
"AC103736.1"	2.68798139918937e-29	10.5074490954471	0.036	0.304	8.06394419756812e-26
"NPDC1"	3.86075527617725e-29	8.70100018922917	0.009	0.614	1.15822658285318e-25
"ZNF20"	3.97896987384271e-29	10.759859847962	0.018	0.62	1.19369096215281e-25
"RNF31"	4.10052271895195e-29	11.5303241697326	0.004	0.684	1.23015681568559e-25
"ZNF536"	1.05002292961516e-28	4.90992112986223	0.058	0.585	3.15006878884549e-25
"AC093512.1"	1.92565135028632e-28	12.2831685681079	0.009	0.626	5.77695405085897e-25
"AP002989.1"	3.9247188728814e-28	11.7799694486697	0.04	0.614	1.17741566186442e-24
"AC124944.3"	4.77975451971228e-28	9.58212292758667	0.013	0.561	1.43392635591368e-24
"AC009961.1"	1.41884120455132e-27	6.27333101243746	0.013	0.404	4.25652361365397e-24
"NPB"	2.26448646599798e-27	0.417220871232685	0.085	0.222	6.79345939799394e-24
"CELSR3-AS1"	5.84855614345407e-27	9.55575786179825	0.009	0.649	1.75456684303622e-23
"LURAP1"	6.31770393209757e-27	7.69663935923223	0.009	0.474	1.89531117962927e-23
"PCDH7"	8.35197162081788e-27	3.14315351854589	0.031	0.322	2.50559148624536e-23
"AC010331.1"	1.94059267586279e-26	5.91344549521654	0.04	0.655	5.82177802758838e-23
"CDK18"	2.65808152091016e-26	7.46421501638478	0.004	0.538	7.97424456273049e-23
"CDH12"	3.00807117031294e-26	9.23669643129931	0.045	0.509	9.02421351093881e-23
"PROSER2"	3.74263848795189e-26	10.0263517773748	0.031	0.368	1.12279154638557e-22
"S100A16"	4.69908888489357e-26	6.48891074621388	0.022	0.602	1.40972666546807e-22
"DDIT4L"	5.26451017258411e-26	7.87610136597601	0.013	0.708	1.57935305177523e-22
"AC023886.1"	7.97772770301342e-26	11.5627638514059	0.036	0.386	2.39331831090403e-22
"AC005837.1"	1.25327516478979e-25	1.82580528714842	0.018	0.632	3.75982549436937e-22
"KLHL13"	3.50449239425086e-25	4.86486153974229	0.094	0.55	1.05134771827526e-21
"NAALADL2"	4.98833407270639e-25	1.20331782645603	0.103	0.754	1.49650022181192e-21
"AL161421.1"	5.89382600650034e-25	4.56197422698701	0.027	0.743	1.7681478019501e-21
"PDZD2"	7.99747458176194e-25	3.32910503395322	0.013	0.532	2.39924237452858e-21
"SCN9A"	2.76260020797838e-24	1.926178438079	0.04	0.526	8.28780062393514e-21
"AC245140.2"	4.16288368754267e-24	7.36907229116406	0.013	0.485	1.2488651062628e-20
"ARL4A"	4.85826918880498e-24	1.67165990491005	0.143	0.719	1.45748075664149e-20
"SLC9A5"	6.43550255960635e-24	11.4650626636619	0.049	0.643	1.93065076788191e-20
"CSMD1"	7.17392734747308e-24	4.1429696699989	0.067	0.351	2.15217820424192e-20
"RASAL2-AS1"	1.50246489206655e-23	-0.903517231287498	0.013	0.626	4.50739467619965e-20
"AL445433.2"	1.55742319882526e-23	4.64334192496015	0.004	0.55	4.67226959647579e-20
"ZNF578"	2.61835295348356e-23	2.48815031128279	0.009	0.573	7.85505886045067e-20
"MPP7"	3.57787594663597e-23	6.55885766060411	0.013	0.585	1.07336278399079e-19
"AC092745.2"	3.67466709197121e-23	11.5283505918573	0.004	0.614	1.10240012759136e-19
"SNORD3A"	5.48151796805632e-23	-6.75386444606922	0.054	0.62	1.6444553904169e-19
"AC022101.1"	5.98978592840797e-23	12.5285497622099	0.058	0.626	1.79693577852239e-19
"DGKH"	7.15012272597568e-23	5.31224529807629	0.027	0.462	2.1450368177927e-19
"AC120049.1"	8.23639684810178e-23	9.1531399495246	0.009	0.602	2.47091905443054e-19
"FALEC"	1.21395763582212e-22	3.41575511727015	0.004	0.509	3.64187290746635e-19
"ZFHX2-AS1"	2.01960478821088e-22	2.36662148781578	0.036	0.38	6.05881436463265e-19
"AP002761.3"	2.51298032693808e-22	11.3183715409502	0.004	0.579	7.53894098081424e-19
"NEUROG1"	3.09837969866508e-22	6.40168495392731	0.018	0.491	9.29513909599524e-19
"ARHGEF37"	4.42608265412733e-22	11.6577247283922	0.022	0.345	1.3278247962382e-18
"AC092958.1"	4.42618425181284e-22	0.924124325413967	0.058	0.117	1.32785527554385e-18
"DUSP6"	5.59398356773558e-22	5.03289961152277	0.022	0.263	1.67819507032068e-18
"AC027807.1"	5.8413854309976e-22	3.78491377897424	0.013	0.386	1.75241562929928e-18
"CHODL"	1.04156641429114e-21	4.58376787329184	0.009	0.497	3.12469924287343e-18
"MYH14"	1.3363652125977e-21	11.3467318642345	0.004	0.573	4.00909563779311e-18
"GAS1RR"	1.37121607022392e-21	7.15235992086438	0.027	0.561	4.11364821067176e-18
"SERPINF1"	1.4685762547897e-21	11.5442367170222	0.004	0.614	4.40572876436909e-18
"AL121658.1"	1.4685762547897e-21	11.3508349047253	0.027	0.585	4.40572876436909e-18
"AC068025.1"	1.49400792353242e-21	11.4342861473368	0.004	0.573	4.48202377059725e-18
"AC091153.3"	1.50686980770328e-21	3.48629043760757	0.018	0.643	4.52060942310985e-18
"MYH11"	1.85063876721845e-21	0.816468193754631	0.018	0.123	5.55191630165534e-18
"CRTAC1"	2.85962708588278e-21	12.1364210025281	0.009	0.497	8.57888125764833e-18
"AP000282.1"	4.15589850742538e-21	12.2203583997724	0.009	0.544	1.24676955222761e-17
"CETN4P"	4.33582446365099e-21	9.20118670343848	0.004	0.579	1.3007473390953e-17
"AHNAK2"	5.13586664635901e-21	3.18276969638507	0.018	0.263	1.5407599939077e-17
"ZC3H8"	6.08162743291772e-21	-0.324342007908721	0.121	0.135	1.82448822987532e-17
"ADAMTS2"	7.01953052235751e-21	11.4490629161459	0.018	0.538	2.10585915670725e-17
"CCNE2"	8.81118999083106e-21	-5.54449067896656	0.054	0.14	2.64335699724932e-17
"APOL4"	1.19202251718395e-20	3.13860443522286	0.009	0.292	3.57606755155185e-17
"MIPOL1"	1.19202251718395e-20	1.53610963298514	0.036	0.246	3.57606755155185e-17
"MSH4"	1.24302188104568e-20	6.99579284441833	0.045	0.538	3.72906564313705e-17
"AL117350.1"	1.25347771404291e-20	11.5169432290366	0.009	0.52	3.76043314212873e-17
"AC005674.2"	1.39758313659333e-20	12.3450135173711	0.009	0.55	4.19274940977999e-17
"CCDC191"	1.49428286808429e-20	1.15614678777433	0.062	0.462	4.48284860425288e-17
"ZBTB20-AS4"	1.63809446130419e-20	2.93942889893585	0.009	0.111	4.91428338391257e-17
"ELMO1"	2.59004937649823e-20	2.53363002384999	0.112	0.146	7.7701481294947e-17
"EGFEM1P"	3.43383991386849e-20	2.92447829794288	0.027	0.444	1.03015197416055e-16
"AL021453.1"	4.62426881231882e-20	-1.05652866982394	0.031	0.485	1.38728064369565e-16
"ZFR2"	6.37636646490724e-20	0.391194478024327	0.049	0.275	1.91290993947217e-16
"STAG3L4"	6.92256442684297e-20	4.38305702519467	0.089	0.602	2.07676932805289e-16
"ZNF385B"	7.27221887893671e-20	0.640204180538486	0.013	0.491	2.18166566368101e-16
"FO538757.1"	7.57688819772201e-20	11.2262861245314	0.013	0.409	2.2730664593166e-16
"LINC02482"	1.13163721205589e-19	7.95960708694139	0.022	0.374	3.39491163616768e-16
"GRIN2D"	1.44535057697953e-19	2.61556700591961	0.009	0.222	4.33605173093858e-16
"LINC00174"	1.67338079547952e-19	-2.41095349937616	0.031	0.363	5.02014238643856e-16
"DCT"	1.9685113970296e-19	9.57525553661295	0.009	0.503	5.9055341910888e-16
"TESC"	2.22311001917155e-19	12.568101865922	0.009	0.626	6.66933005751466e-16
"LRP1B"	2.53065831080998e-19	8.97000338008769	0.045	0.17	7.59197493242995e-16
"FP325335.1"	3.33044233699895e-19	6.12990614920844	0.004	0.456	9.99132701099686e-16
"AL031777.3"	3.49549377913013e-19	10.3458229901654	0.062	0.579	1.04864813373904e-15
"ADAMTS9"	3.63918980689622e-19	6.70111203348395	0.018	0.257	1.09175694206886e-15
"COL1A2"	4.3439720133976e-19	-0.402590497685228	0.013	0.152	1.30319160401928e-15
"CEL"	4.37902842290384e-19	11.408589984502	0.004	0.52	1.31370852687115e-15
"MXRA8"	5.39522398623808e-19	7.37860634130734	0.018	0.386	1.61856719587142e-15
"ZNF684"	7.25454541736372e-19	-1.34926430835538	0.031	0.129	2.17636362520912e-15
"FOXP1"	7.3713646317582e-19	1.95209025172267	0.116	0.246	2.21140938952746e-15
"AL049629.1"	8.37530303694388e-19	11.4727457687057	0.004	0.515	2.51259091108316e-15
"TLE2"	8.4423515671352e-19	0.625572071365178	0.071	0.111	2.53270547014056e-15
"PTH2R"	9.7440084144186e-19	5.70803120896688	0.013	0.181	2.92320252432558e-15
"KIF26B"	1.02204796851845e-18	1.00874425412975	0.17	0.298	3.06614390555536e-15
"IDUA"	1.13331912191279e-18	3.73820314675038	0.022	0.205	3.39995736573836e-15
"MALRD1"	1.27663463975556e-18	12.3000819879445	0.009	0.52	3.82990391926667e-15
"CCSER1"	1.40405188809579e-18	4.7014240939788	0.076	0.292	4.21215566428736e-15
"LINC00159"	1.53184106058257e-18	11.4527786430248	0.004	0.52	4.59552318174772e-15
"SLC16A1-AS1"	1.82285274825548e-18	3.51028434666584	0.036	0.45	5.46855824476645e-15
"AC040169.1"	2.10099450043969e-18	1.95051879847752	0.022	0.392	6.30298350131906e-15
"DM1-AS"	2.10103416621934e-18	-0.963930257745378	0.013	0.602	6.30310249865801e-15
"CA4"	2.134419743724e-18	12.5006029239336	0.036	0.526	6.40325923117201e-15
"MYO3A"	5.17498729440353e-18	2.19731454257618	0.049	0.187	1.55249618832106e-14
"PTPN14"	5.46510449311789e-18	2.42856678244128	0.004	0.333	1.63953134793537e-14
"NTN4"	5.63799821642928e-18	1.08772694350663	0.018	0.339	1.69139946492878e-14
"B4GALT4-AS1"	6.43493070798971e-18	11.4475206874767	0.004	0.515	1.93047921239691e-14
"AC046185.3"	6.4851566162286e-18	-4.03932776558501	0.036	0.404	1.94554698486858e-14
"AC084036.1"	6.79469101640164e-18	12.5000540458232	0.013	0.544	2.03840730492049e-14
"AC069257.3"	1.08123181272307e-17	11.3609740072316	0.004	0.52	3.2436954381692e-14
"FAM19A2"	1.09807213434412e-17	5.84563326188659	0.058	0.322	3.29421640303237e-14
"AC022075.1"	1.13247167532335e-17	5.341200837997	0.013	0.567	3.39741502597005e-14
"AC017053.1"	1.2232698259246e-17	6.86428833405525	0.004	0.386	3.6698094777738e-14
"C8orf34"	1.29104989363339e-17	6.49240071231429	0.031	0.386	3.87314968090016e-14
"KCNK1"	1.6135960852966e-17	11.6619582777278	0.031	0.52	4.84078825588979e-14
"PPM1N"	1.72899717982686e-17	5.2629725564923	0.036	0.45	5.18699153948057e-14
"TEX14"	1.88114803272092e-17	-5.70343863816412	0.067	0.503	5.64344409816276e-14
"AC091826.2"	2.15906705203182e-17	8.76542438635609	0.058	0.45	6.47720115609546e-14
"RNU2-63P"	3.13784229320537e-17	11.488466042343	0.004	0.532	9.41352687961612e-14
"AC138649.1"	3.82350552655519e-17	3.266395233992	0.018	0.135	1.14705165796656e-13
"SCG5"	4.55188167094889e-17	5.54084134193789	0.027	0.532	1.36556450128467e-13
"AL139412.1"	5.37600650568379e-17	11.4490943096276	0.004	0.538	1.61280195170514e-13
"LINC01550"	6.02060164415801e-17	-4.05899434255291	0.076	0.117	1.8061804932474e-13
"AC104041.1"	9.31290648269831e-17	5.43610024529391	0.022	0.398	2.79387194480949e-13
"SFTPD"	9.66859443797635e-17	-1.65019378953146	0.004	0.538	2.9005783313929e-13
"C1QTNF4"	9.96276125337874e-17	7.17879368350951	0.036	0.135	2.98882837601362e-13
"AC104137.1"	1.27511855758377e-16	6.75099823234542	0.009	0.327	3.82535567275131e-13
"AC110619.1"	1.45835466385082e-16	11.400895839987	0.004	0.503	4.37506399155246e-13
"TMC5"	2.50724972116355e-16	11.4249974507655	0.004	0.544	7.52174916349064e-13
"AC113414.1"	2.54460100022432e-16	11.614295215862	0.013	0.497	7.63380300067296e-13
"AC011477.4"	3.36807766645648e-16	8.42611220523347	0.045	0.515	1.01042329993694e-12
"FLT3"	4.72197923080201e-16	11.4435463467126	0.004	0.544	1.4165937692406e-12
"CHRNA3"	4.75670429145662e-16	8.89023345685213	0.004	0.561	1.42701128743699e-12
"AOX1"	4.97030517329901e-16	1.0919847092867	0.009	0.503	1.4910915519897e-12
"TMEM132D"	5.88083691683548e-16	0.777353740196741	0.112	0.649	1.76425107505064e-12
"ESRRG"	6.28004832304586e-16	12.7484536574237	0.04	0.579	1.88401449691376e-12
"LINC00997"	6.95516669028078e-16	-3.2124534346481	0.013	0.322	2.08655000708423e-12
"AC005410.1"	7.81435113234781e-16	5.05453383795518	0.018	0.462	2.34430533970434e-12
"SUMO2P17"	1.05224111608234e-15	7.06493877766097	0.013	0.497	3.15672334824702e-12
"MIR124-2HG"	1.12308689807924e-15	-5.00108448303973	0.054	0.135	3.36926069423772e-12
"HIST1H3B"	1.27911018186016e-15	-0.982511238050476	0.192	0.754	3.83733054558049e-12
"AC005261.2"	1.37484889699038e-15	12.5553853968706	0.018	0.55	4.12454669097115e-12
"MAZ"	1.50987674653608e-15	1.51557464177624	0.013	0.614	4.52963023960825e-12
"BRINP2"	2.13156984716088e-15	2.60104244097613	0.089	0.556	6.39470954148265e-12
"HIVEP1"	2.25726825510547e-15	-2.99564535940494	0.098	0.111	6.77180476531642e-12
"PCDH15"	2.27351327682714e-15	-6.87361235187167	0.018	0.24	6.82053983048143e-12
"TRPM3"	2.6230400094656e-15	1.61361584438476	0.004	0.263	7.86912002839681e-12
"AP005230.1"	2.75746823717756e-15	6.34479598417855	0.004	0.45	8.27240471153266e-12
"DCN"	3.22567149304812e-15	0.555409495074471	0.009	0.222	9.67701447914436e-12
"BNC2"	3.90827650628853e-15	11.752113613108	0.013	0.427	1.17248295188656e-11
"AC091178.1"	4.60050388736086e-15	5.24073103058265	0.009	0.532	1.38015116620826e-11
"AP001172.1"	4.76619840251003e-15	2.0732873974194	0.031	0.14	1.42985952075301e-11
"AC092117.1"	6.01755791421055e-15	6.58098683011392	0.004	0.333	1.80526737426317e-11
"ANKUB1"	6.92787811007625e-15	4.76682826711084	0.031	0.556	2.07836343302287e-11
"FBXO16"	7.97342356068006e-15	-0.472411289216885	0.062	0.263	2.39202706820402e-11
"TTC7B"	8.73476528271456e-15	9.99099276511286	0.085	0.415	2.62042958481437e-11
"DEPDC7"	1.00478352977659e-14	-3.364795890554	0.022	0.14	3.01435058932977e-11
"AC079296.1"	1.23894107605621e-14	9.95034501274881	0.004	0.444	3.71682322816864e-11
"NDST4"	1.27396666725347e-14	-1.75036842595722	0.013	0.404	3.8219000017604e-11
"AC025164.1"	1.32833934198032e-14	2.35807787738593	0.022	0.129	3.98501802594096e-11
"RIIAD1"	1.41418522098313e-14	3.91254118329025	0.009	0.304	4.2425556629494e-11
"POLE2"	1.59155814580024e-14	-0.515683172444796	0.049	0.129	4.77467443740073e-11
"PTCHD1-AS"	1.79074852555429e-14	4.97385029079147	0.004	0.444	5.37224557666288e-11
"DHRS2"	2.05664327012206e-14	11.3204576861535	0.062	0.556	6.16992981036618e-11
"CMPK2"	2.17355599429877e-14	1.30385476408694	0.013	0.175	6.52066798289631e-11
"RAB3IP"	2.28120049446552e-14	-7.41955218645199	0.027	0.146	6.84360148339657e-11
"CCDC92B"	2.31290772013573e-14	2.14954678058263	0.009	0.193	6.9387231604072e-11
"PINLYP"	2.46103836176856e-14	-3.58614098620364	0.036	0.17	7.38311508530569e-11
"XACT"	2.52983296165305e-14	11.3182584081132	0.004	0.544	7.58949888495916e-11
"B3GAT2"	3.04628963130204e-14	3.08963684326101	0.214	0.24	9.13886889390611e-11
"LINC01170"	3.15271532428994e-14	7.15959955972546	0.004	0.52	9.45814597286981e-11
"NWD2"	3.56700398807779e-14	3.49392094332078	0.004	0.281	1.07010119642334e-10
"LRIG1"	3.87242012637727e-14	-0.965203697081004	0.129	0.181	1.16172603791318e-10
"CCL2"	4.88463126334691e-14	1.63950560550385	0.004	0.14	1.46538937900407e-10
"TES"	5.01961017465187e-14	3.35726987321594	0.013	0.263	1.50588305239556e-10
"LINC01415"	5.30066277304881e-14	-8.23878363622452	0.013	0.304	1.59019883191464e-10
"MYOM1"	5.90989236004098e-14	6.35364445784092	0.004	0.515	1.77296770801229e-10
"GAS2"	5.9099748797919e-14	1.81768540236908	0.031	0.298	1.77299246393757e-10
"ASS1"	7.05003351327918e-14	-3.40978228601758	0.036	0.129	2.11501005398375e-10
"OXTR"	7.3422795311159e-14	11.6984067083803	0.018	0.345	2.20268385933477e-10
"AC110285.6"	1.09321452198403e-13	1.00208622397678	0.009	0.158	3.2796435659521e-10
"AC008691.1"	1.13057970959263e-13	2.12696657560811	0.004	0.538	3.39173912877789e-10
"RAB11B-AS1"	1.21725676621836e-13	-3.0133024693265	0.085	0.515	3.65177029865508e-10
"LINC01505"	1.24200821174892e-13	2.09001088565088	0.009	0.497	3.72602463524676e-10
"UBE2R2-AS1"	1.29298647530021e-13	9.43047588113545	0.018	0.561	3.87895942590062e-10
"AL583859.2"	1.59107649400615e-13	3.81541383499239	0.009	0.439	4.77322948201845e-10
"LINC00513"	2.56860827774679e-13	9.37844045026834	0.004	0.415	7.70582483324037e-10
"ZNF57"	2.69042663308038e-13	5.63525442765191	0.013	0.187	8.07127989924113e-10
"SVIL"	2.81798953609547e-13	-0.824319054839859	0.112	0.082	8.45396860828642e-10
"RARB"	2.89347046396711e-13	11.6360668548592	0.004	0.392	8.68041139190134e-10
"GPC3"	3.34578439879067e-13	12.13958364062	0.013	0.491	1.0037353196372e-09
"RGN"	3.50374430906126e-13	1.38901859310462	0.004	0.135	1.05112329271838e-09
"SPINK5"	3.55020552431491e-13	4.47828411852686	0.036	0.17	1.06506165729447e-09
"AL031963.3"	4.32416339567916e-13	-3.53351190727017	0.031	0.374	1.29724901870375e-09
"C8orf37-AS1"	4.41018142545919e-13	11.3808556299507	0.004	0.52	1.32305442763776e-09
"TICAM1"	4.92994117866604e-13	11.3612748917059	0.009	0.538	1.47898235359981e-09
"STK17A"	5.43818021768126e-13	-2.55946161094539	0.196	0.509	1.63145406530438e-09
"AL121821.1"	6.6568795763662e-13	12.6478284481798	0.009	0.48	1.99706387290986e-09
"NIM1K"	6.78827192271243e-13	1.07703984963355	0.054	0.316	2.03648157681373e-09
"MIR181A1HG"	7.01275889843916e-13	2.41857325217334	0.094	0.24	2.10382766953175e-09
"AL360270.1"	7.29168398294465e-13	6.08507156496224	0.004	0.491	2.18750519488339e-09
"NYAP2"	9.69887873014088e-13	0.475098988577984	0.009	0.251	2.90966361904226e-09
"PLLP"	1.16954736303485e-12	-4.93323457991193	0.013	0.152	3.50864208910455e-09
"HIST1H3J"	1.33020584582684e-12	-3.90989727529876	0.103	0.228	3.99061753748052e-09
"AC007250.1"	1.43674455890847e-12	13.3714058713075	0.018	0.509	4.31023367672542e-09
"AC244517.1"	1.54183598732856e-12	1.99843547516554	0.004	0.468	4.62550796198567e-09
"LINC01470"	1.60226963705738e-12	11.3295089827823	0.004	0.468	4.80680891117213e-09
"MSTN"	1.63332763794644e-12	1.68317938538357	0.045	0.48	4.89998291383933e-09
"STX16-NPEPL1"	1.73016522058236e-12	12.6081734072048	0.009	0.509	5.19049566174709e-09
"LY6E-DT"	1.75246367247291e-12	11.5432978962375	0.004	0.444	5.25739101741873e-09
"AC090825.1"	1.80938359460811e-12	2.12831391770744	0.013	0.105	5.42815078382434e-09
"NMB"	2.00396362744063e-12	8.75764420172947	0.134	0.69	6.0118908823219e-09
"ARSF"	2.23325254905096e-12	0.742115430045321	0.022	0.199	6.69975764715288e-09
"NRG1"	2.50404117382337e-12	1.69221998633923	0.129	0.398	7.51212352147011e-09
"SYBU"	2.55220043349104e-12	0.384073389889691	0.147	0.199	7.65660130047311e-09
"CFL1P1"	2.70219384886174e-12	5.33437032434881	0.04	0.333	8.10658154658522e-09
"FST"	2.73665512569677e-12	8.21069021004745	0.054	0.556	8.2099653770903e-09
"PCDHB7"	3.61450642601434e-12	6.41407503415516	0.004	0.363	1.0843519278043e-08
"ZNF32-AS3"	3.70681720106526e-12	6.09621528523346	0.004	0.48	1.11204516031958e-08
"AC131934.1"	3.94782584253078e-12	11.5842893957133	0.004	0.456	1.18434775275924e-08
"FGF13"	4.73704184604348e-12	9.91763273349346	0.098	0.304	1.42111255381304e-08
"VGLL3"	4.91860935258752e-12	11.8358258282752	0.013	0.257	1.47558280577626e-08
"AOAH"	5.01200516133606e-12	10.251420639237	0.009	0.392	1.50360154840082e-08
"FBXO48"	6.27704992952126e-12	4.75017823026404	0.058	0.123	1.88311497885638e-08
"LMO3"	6.39559864171423e-12	1.47010917637557	0.268	0.345	1.91867959251427e-08
"AC004865.2"	6.55708238452082e-12	8.901035248506	0.013	0.287	1.96712471535625e-08
"SH2D6"	6.59807362312306e-12	11.3213027721103	0.004	0.462	1.97942208693692e-08
"ZNF491"	6.63923824851657e-12	0.459184021411085	0.058	0.117	1.99177147455497e-08
"ECHDC2"	7.15436681870834e-12	6.3465297880128	0.022	0.462	2.1463100456125e-08
"CSAD"	1.02498702195496e-11	2.16495368189323	0.085	0.105	3.07496106586489e-08
"ROBO1"	1.13833687266456e-11	-0.394897331261373	0.299	0.251	3.41501061799368e-08
"LINC01235"	1.20321272407277e-11	-6.01123860911773	0.004	0.117	3.60963817221832e-08
"LINC01967"	1.51022662545864e-11	11.0417224423219	0.013	0.404	4.53067987637593e-08
"MIR181A2HG"	1.57637049242541e-11	8.19521316770992	0.103	0.409	4.72911147727622e-08
"PCBP3"	1.75981363354829e-11	7.11412269933265	0.022	0.444	5.27944090064487e-08
"AKNA"	2.07474100989923e-11	2.7001007373307	0.018	0.257	6.22422302969768e-08
"ARRDC4"	2.16504152484687e-11	-0.605966364350159	0.121	0.187	6.4951245745406e-08
"HIST1H2BD"	2.91398047112676e-11	-0.390123336210018	0.103	0.181	8.74194141338028e-08
"AL359265.3"	3.32775381327218e-11	1.43300391718892	0.009	0.135	9.98326143981654e-08
"LINC00632"	3.73096574848879e-11	1.16311619116465	0.112	0.392	1.11928972454664e-07
"SDK1"	4.46683869265903e-11	-4.43389239260024	0.085	0.596	1.34005160779771e-07
"CTNNA2"	4.60257264062367e-11	-0.665395562372828	0.071	0.181	1.3807717921871e-07
"AC109322.1"	4.88625550424905e-11	2.93902539206496	0.022	0.339	1.46587665127472e-07
"FBN2"	5.0044569462594e-11	0.868554724853418	0.036	0.205	1.50133708387782e-07
"FAP"	5.31233385407981e-11	3.92163749929242	0.022	0.544	1.59370015622394e-07
"HHIP"	5.31233385407981e-11	3.97506844665264	0.031	0.152	1.59370015622394e-07
"FAM212B-AS1"	5.63871455304854e-11	-1.59039642473061	0.027	0.205	1.69161436591456e-07
"AC005329.1"	5.87870652304236e-11	12.0681463478855	0.009	0.456	1.76361195691271e-07
"XKR4"	6.38924510332198e-11	0.998222135052402	0.027	0.275	1.91677353099659e-07
"MADCAM1"	6.58186502165088e-11	5.15808898496266	0.031	0.368	1.97455950649526e-07
"ST8SIA4"	7.15191929918862e-11	-1.20722054105504	0.188	0.386	2.14557578975659e-07
"IL1RAPL1"	8.1948927507487e-11	-6.49601068269809	0.179	0.211	2.45846782522461e-07
"NKAIN4"	8.54085201564142e-11	-2.8548551473615	0.112	0.175	2.56225560469243e-07
"EPHA3"	8.6422933666034e-11	-1.04607803061666	0.129	0.234	2.59268800998102e-07
"PRKG1"	8.74482085244028e-11	5.32301579310647	0.08	0.374	2.62344625573208e-07
"IER2"	9.16743540444882e-11	3.57133079224766	0.388	0.784	2.75023062133465e-07
"ACTA2"	9.89696604758457e-11	8.48825606662491	0.027	0.392	2.96908981427537e-07
"AC018512.1"	1.09370197867254e-10	11.5033374878391	0.009	0.444	3.28110593601762e-07
"AC013472.2"	1.19429598825954e-10	11.5997226336048	0.004	0.456	3.58288796477861e-07
"EYA1"	1.20838666056288e-10	6.12197486381555	0.004	0.415	3.62515998168864e-07
"LHFPL6"	1.22980879906826e-10	-0.637119694962911	0.076	0.117	3.68942639720478e-07
"CD9"	1.25894991473681e-10	-4.56811782640547	0.103	0.251	3.77684974421042e-07
"AP001528.1"	1.28124759834213e-10	11.6090749549876	0.004	0.38	3.84374279502638e-07
"SHD"	1.41508338178113e-10	-4.63998647520168	0.098	0.48	4.2452501453434e-07
"CCDC7"	1.48270175471788e-10	6.55381504155055	0.045	0.105	4.44810526415365e-07
"AL356488.3"	1.51768491416503e-10	11.5805816356256	0.009	0.433	4.55305474249509e-07
"ANKRD36"	1.5808561392118e-10	0.989252697226992	0.147	0.439	4.7425684176354e-07
"FBXL19-AS1"	1.77583932401829e-10	4.13523854571103	0.009	0.462	5.32751797205488e-07
"AL137779.2"	2.00581766413424e-10	0.890794202031559	0.022	0.181	6.01745299240271e-07
"AL359955.1"	2.01746695267702e-10	10.0639833481513	0.009	0.357	6.05240085803105e-07
"AC091551.1"	2.11309254911972e-10	1.650527379281	0.004	0.164	6.33927764735915e-07
"AC115618.1"	2.21311875921664e-10	-11.5422249997471	0	0.111	6.63935627764991e-07
"HTATIP2"	2.45536288868111e-10	-1.51791799362758	0.009	0.216	7.36608866604333e-07
"LRP8"	2.64627868823426e-10	0.717443719990506	0.103	0.035	7.93883606470278e-07
"SYTL2"	2.75499256817003e-10	11.1961190299446	0.062	0.439	8.26497770451008e-07
"RGS6"	2.91789882613382e-10	0.687725051191409	0.036	0.123	8.75369647840145e-07
"ANOS1"	3.07253131310714e-10	-1.16458046757805	0.089	0.117	9.21759393932143e-07
"ZBTB46"	3.09019884003998e-10	2.94037952842438	0.013	0.228	9.27059652011994e-07
"TPRG1"	3.29117637826542e-10	11.7288388699784	0.009	0.38	9.87352913479627e-07
"AL158050.1"	3.50493141948082e-10	0.709848062274552	0.004	0.269	1.05147942584425e-06
"NEGR1"	3.56557781947462e-10	6.86848056440274	0.129	0.187	1.06967334584238e-06
"AC013727.1"	3.58600831018021e-10	-9.58512704777335	0.009	0.24	1.07580249305406e-06
"SPRY1"	3.77510055344169e-10	0.312731924475599	0.036	0.111	1.13253016603251e-06
"AL353708.1"	4.15915235080918e-10	11.5525723775395	0.004	0.392	1.24774570524275e-06
"AC021752.1"	4.58133988868484e-10	2.23450910691666	0.009	0.129	1.37440196660545e-06
"IGFBPL1"	4.60743381546269e-10	-2.90477749599316	0.107	0.135	1.38223014463881e-06
"ZRSR2"	4.66005757320165e-10	-1.15901285619153	0.143	0.129	1.3980172719605e-06
"AL592295.4"	5.21962333185711e-10	2.54022354096655	0.013	0.491	1.56588699955713e-06
"AL163051.1"	5.55474430560545e-10	4.32539567509064	0.013	0.327	1.66642329168164e-06
"RUFY2"	6.01187742404137e-10	-0.587805382415493	0.223	0.211	1.80356322721241e-06
"AL358852.1"	6.08004198733168e-10	5.41869419366803	0.009	0.316	1.8240125961995e-06
"AC078778.2"	6.32481962896081e-10	11.5748470868581	0.004	0.427	1.89744588868824e-06
"SYCP2L"	7.48737819394515e-10	-3.08716205244924	0.031	0.398	2.24621345818354e-06
"MYLIP"	8.46974803281313e-10	7.35324783281295	0.004	0.246	2.54092440984394e-06
"LSAMP"	8.46982760863276e-10	2.4990975188013	0.308	0.298	2.54094828258983e-06
"PDCD6IPP2"	8.46982760863276e-10	2.34784230188794	0.009	0.24	2.54094828258983e-06
"LGALS1"	8.66148853217585e-10	-1.47084223939799	0.451	0.883	2.59844655965276e-06
"PRRX1"	9.15933512083779e-10	-4.94473788786266	0.062	0.175	2.74780053625134e-06
"AC019186.1"	9.95882594451412e-10	9.73850037016556	0.004	0.386	2.98764778335424e-06
"LDHA"	1.04126395883766e-09	-3.16902462497313	0.21	0.275	3.12379187651298e-06
"DPY19L2P1"	1.16372030732218e-09	1.00287811522684	0.049	0.409	3.49116092196653e-06
"AC005076.1"	1.35152541263505e-09	4.35137588249174	0.022	0.48	4.05457623790514e-06
"CHSY3"	1.36655619190091e-09	1.35978718742307	0.054	0.246	4.09966857570273e-06
"AC073987.1"	1.51772019059854e-09	12.5875826683649	0.013	0.351	4.55316057179561e-06
"AC093227.2"	1.58612155232297e-09	7.30618832116402	0.004	0.368	4.75836465696892e-06
"AL358472.4"	1.63941105248704e-09	2.57407809521522	0.013	0.199	4.91823315746112e-06
"LAMTOR5-AS1"	1.6575538856553e-09	0.959891214153624	0.027	0.415	4.97266165696589e-06
"SLC7A11"	1.74164701956749e-09	3.68207727877105	0.098	0.222	5.22494105870247e-06
"KCNJ2-AS1"	1.82989200552449e-09	11.4618470771858	0.004	0.532	5.48967601657346e-06
"AC012313.5"	1.93305385812453e-09	11.6073801422986	0.004	0.374	5.79916157437358e-06
"LRRD1"	1.97588635643914e-09	5.05818886189696	0.049	0.433	5.92765906931741e-06
"AC092614.1"	1.99764795221992e-09	13.0243789101285	0.013	0.38	5.99294385665976e-06
"RIMS2"	2.35349285657427e-09	5.96638044829417	0.018	0.31	7.06047856972281e-06
"CTGF"	2.56779056120723e-09	-2.2944065863621	0.027	0.158	7.70337168362168e-06
"CNTN4"	2.71125404676097e-09	10.9561839269341	0.031	0.444	8.13376214028291e-06
"BBC3"	3.00564741246861e-09	1.16990067419831	0.076	0.228	9.01694223740582e-06
"ASAP3"	3.20734957398853e-09	-0.273898495127427	0.045	0.181	9.62204872196559e-06
"AC007663.3"	3.29524028039614e-09	11.3442200140589	0.004	0.468	9.88572084118841e-06
"AC005726.1"	4.1993392669976e-09	-2.8514707277394	0.009	0.251	1.25980178009928e-05
"AL132780.1"	4.31354400305573e-09	11.5928832493007	0.004	0.398	1.29406320091672e-05
"LINC01012"	4.40710926626907e-09	12.2993195383203	0.009	0.462	1.32213277988072e-05
"EPB41L4A-AS1"	4.6747219646596e-09	-0.486747845086273	0.089	0.14	1.40241658939788e-05
"AP000721.2"	4.87924213279147e-09	11.1618881496778	0.018	0.38	1.46377263983744e-05
"KCNAB1"	5.01143942689307e-09	5.57707251180203	0.031	0.216	1.50343182806792e-05
"MYO1B"	5.69605896067833e-09	-3.13263508523511	0.147	0.269	1.7088176882035e-05
"ADGRL3"	6.07166959216017e-09	2.21768507316016	0.107	0.187	1.82150087764805e-05
"WNT2B"	6.26834953989082e-09	8.3653489882406	0.013	0.427	1.88050486196725e-05
"IGSF21"	6.40298776317251e-09	3.68875725201217	0.004	0.111	1.92089632895175e-05
"AC092142.1"	6.64530513049428e-09	11.5847814867744	0.004	0.427	1.99359153914828e-05
"HIST1H2BG"	6.82382564071823e-09	4.49366709982511	0.237	0.175	2.04714769221547e-05
"AC104073.4"	6.96999216590901e-09	-10.6815955622572	0	0.111	2.0909976497727e-05
"DSCAML1"	7.04421276999175e-09	-4.89920180889657	0.022	0.339	2.11326383099752e-05
"RGR"	7.27145496897643e-09	2.15107921297042	0.009	0.322	2.18143649069293e-05
"AC073342.1"	7.58570928867967e-09	11.5356897241882	0.004	0.433	2.2757127866039e-05
"NRG3"	8.16759712943444e-09	4.89812317268349	0.192	0.421	2.45027913883033e-05
"FGF22"	8.42998787714693e-09	11.6290663883875	0.009	0.316	2.52899636314408e-05
"TXNDC16"	8.88582030722258e-09	1.12581925500238	0.107	0.14	2.66574609216678e-05
"SGCG"	9.21901432962724e-09	4.93961444027999	0.031	0.187	2.76570429888817e-05
"HCG18"	1.05109835332065e-08	3.20200030046516	0.013	0.485	3.15329505996196e-05
"SPATA5"	1.08464289846166e-08	1.02644484937832	0.152	0.561	3.25392869538499e-05
"HIST1H2AC"	1.16698768164508e-08	3.51580107684457	0.098	0.269	3.50096304493524e-05
"LINC01798"	1.29524460669857e-08	11.6446993651996	0.04	0.339	3.88573382009572e-05
"PDZRN4"	1.39306710197159e-08	-4.27514465269601	0.067	0.175	4.17920130591478e-05
"ZNF267"	1.40031136636808e-08	-2.8229149579935	0.031	0.117	4.20093409910425e-05
"ARL9"	1.61070439119594e-08	3.22561121417129	0.004	0.211	4.83211317358781e-05
"ST18"	1.74052975462861e-08	-0.57999753212037	0.08	0.181	5.22158926388584e-05
"HECW1"	1.91962566642269e-08	-0.985530218439491	0.112	0.064	5.75887699926808e-05
"RAMP1"	2.30928943998452e-08	1.42252409147816	0.036	0.129	6.92786831995356e-05
"PCDH11X"	2.3330532792513e-08	-1.90379227239293	0.08	0.181	6.9991598377539e-05
"ATF5"	2.78944800595936e-08	1.67512795076349	0.138	0.374	8.36834401787808e-05
"BACH2"	2.92014720880661e-08	-0.775461289195274	0.103	0.14	8.76044162641982e-05
"LINC01965"	3.11947760043879e-08	-1.99222811611155	0.205	0.468	9.35843280131637e-05
"AC099792.1"	3.34888157763924e-08	3.24439493484727	0.107	0.38	0.000100466447329177
"MT-TS2"	4.57723274404437e-08	-0.999529939028998	0.348	0.503	0.000137316982321331
"CCDC168"	4.71701485745489e-08	-4.33237136517131	0.004	0.31	0.000141510445723647
"HIF1A-AS2"	4.8366530554594e-08	-0.860330419645674	0.027	0.111	0.000145099591663782
"LINC01990"	4.88532740870955e-08	3.62376094014873	0.009	0.222	0.000146559822261286
"HOPX"	4.93447642937056e-08	0.800342779568641	0.25	0.135	0.000148034292881117
"PBX3"	5.11030093687971e-08	-4.02683156838173	0.089	0.129	0.000153309028106391
"LINC01331"	5.16160345029391e-08	10.9673304658109	0.009	0.24	0.000154848103508817
"CLASP1"	5.76043233184251e-08	1.64437427307936	0.259	0.281	0.000172812969955275
"CKM"	6.26871002746928e-08	2.20753779609506	0.004	0.427	0.000188061300824078
"AC023157.3"	6.92237583430048e-08	2.82541673825651	0.009	0.333	0.000207671275029014
"CENPP"	7.23770498797891e-08	2.05849021761468	0.08	0.199	0.000217131149639367
"GADD45A"	7.27358265855826e-08	-4.51467677464688	0.085	0.292	0.000218207479756748
"RNVU1-6"	7.30957932797015e-08	6.24313323701667	0.004	0.287	0.000219287379839105
"MIR99AHG"	7.71777960849794e-08	-5.33277381354399	0.379	0.304	0.000231533388254938
"AC007570.1"	8.31007239582512e-08	2.94487197588137	0.004	0.374	0.000249302171874753
"HGF"	8.81531002254364e-08	8.48088269984486	0.031	0.526	0.000264459300676309
"RELN"	8.90236863694414e-08	-6.31543291730425	0.004	0.135	0.000267071059108324
"NEUROD4"	9.03458414283376e-08	1.09537030915057	0.013	0.257	0.000271037524285013
"NDUFA4L2"	9.079055205352e-08	-10.2268429969826	0.027	0.105	0.00027237165616056
"TNFAIP3"	1.11506712627027e-07	5.1124627502102	0.004	0.316	0.000334520137881081
"KANTR"	1.18799343997977e-07	0.903639014983123	0.174	0.211	0.000356398031993931
"AC015912.3"	1.25937419151785e-07	4.51603347626148	0.009	0.415	0.000377812257455355
"MSR1"	1.26550715925504e-07	0.334078476960473	0.004	0.386	0.000379652147776512
"AC005920.2"	1.31563127221517e-07	1.08218092978484	0.018	0.187	0.000394689381664552
"GRM5"	1.4355089056781e-07	3.64124612096287	0.018	0.111	0.000430652671703431
"METTL7B"	1.4355089056781e-07	11.6930233516212	0.009	0.193	0.000430652671703431
"AC011921.1"	1.47061024505303e-07	1.97795607358341	0.018	0.234	0.00044118307351591
"C15orf48"	1.52122588165398e-07	11.6006790467649	0.004	0.31	0.000456367764496195
"LINC01144"	1.80046261502878e-07	12.0273855660096	0.009	0.287	0.000540138784508635
"AC245748.1"	1.82656699721105e-07	1.70451076542996	0.018	0.52	0.000547970099163315
"LINC01818"	1.94404653972309e-07	-0.530694820169444	0.013	0.462	0.000583213961916928
"AC087633.2"	1.98163640254888e-07	4.0425481542937	0.013	0.503	0.000594490920764664
"CLSPN"	2.01992831333316e-07	-3.07887513541316	0.138	0.287	0.000605978493999948
"SNTG1"	2.1289547953284e-07	-2.58866409355294	0.205	0.257	0.00063868643859852
"KCNH7"	2.28683052417825e-07	0.714297752799203	0.232	0.374	0.000686049157253476
"AC024940.2"	2.33078964254773e-07	-2.77575712141004	0.018	0.117	0.00069923689276432
"TFRC"	2.47943822826276e-07	-2.07500795041616	0.237	0.304	0.000743831468478828
"AL390957.1"	2.58764094340243e-07	8.04987242642508	0.004	0.433	0.00077629228302073
"CYR61"	2.68765485662373e-07	-6.39397324392963	0.152	0.462	0.000806296456987119
"HIF1A-AS1"	2.71325387998757e-07	-2.74443963649192	0.004	0.129	0.000813976163996272
"DDN-AS1"	2.87175055401775e-07	-1.05038401329519	0.009	0.17	0.000861525166205325
"GUCY1B2"	2.89902148537436e-07	1.97022622892236	0.013	0.456	0.000869706445612309
"IFITM3"	2.91275056427349e-07	1.96102921637161	0.196	0.216	0.000873825169282046
"RGS16"	3.2311717430834e-07	-6.19856397819011	0.058	0.427	0.00096935152292502
"TAGLN2"	3.2771148771107e-07	-0.844819942626469	0.375	0.585	0.000983134463133211
"AL513320.1"	3.33935434351841e-07	11.7222371069675	0.049	0.322	0.00100180630305552
"AMOTL2"	3.54958949127714e-07	2.66934577894507	0.004	0.123	0.00106487684738314
"THAP9"	3.54959413225136e-07	-3.53260191178127	0.089	0.14	0.00106487823967541
"RAB11FIP1"	3.54961269620007e-07	1.17891380773764	0.045	0.368	0.00106488380886002
"AC005520.5"	3.61683906724911e-07	1.31699146500683	0.009	0.409	0.00108505172017473
"TLE4"	3.82597297411623e-07	-0.292756579995343	0.121	0.105	0.00114779189223487
"AC008741.1"	4.25986907177783e-07	8.26136757786162	0.004	0.327	0.00127796072153335
"KCNQ3"	4.8976961399566e-07	0.519639584566992	0.125	0.029	0.00146930884198698
"RASD1"	5.05926114848211e-07	2.59541129452249	0.156	0.187	0.00151777834454463
"AC009163.7"	5.498630124162e-07	3.16579655898848	0.009	0.322	0.0016495890372486
"AL365361.1"	5.73194416960811e-07	4.98267167322869	0.018	0.298	0.00171958325088243
"AL031985.4"	6.1988757161144e-07	11.6473712477055	0.009	0.31	0.00185966271483432
"SEPT1"	6.52031922538525e-07	7.33098529494019	0.036	0.573	0.00195609576761557
"OTX2"	6.55028422194623e-07	4.21527887728134	0.027	0.409	0.00196508526658387
"DLL3"	6.79521024165539e-07	-0.728567241449904	0.259	0.292	0.00203856307249662
"NECAB1"	6.85775367016999e-07	10.7327430938787	0.013	0.281	0.002057326101051
"ELMOD1"	7.04890529259318e-07	3.95347500560137	0.009	0.234	0.00211467158777795
"GJA1"	7.79450776606868e-07	-3.07199738611545	0.201	0.322	0.00233835232982061
"AC104985.2"	8.1209370041962e-07	11.5755460265795	0.004	0.357	0.00243628110125886
"AF001548.2"	8.57671335042023e-07	1.17823343592995	0.004	0.129	0.00257301400512607
"MATN4"	9.52007849179725e-07	3.57009675013045	0.009	0.152	0.00285602354753918
"FBXO32"	9.56328203689877e-07	-6.05264747340478	0.214	0.292	0.00286898461106963
"PCTP"	9.82643467270712e-07	4.76508236264527	0.018	0.45	0.00294793040181214
"PCP4"	1.0005828520979e-06	-1.6322828540941	0.004	0.392	0.00300174855629369
"SRRM4"	1.0005828520979e-06	-0.849430424126509	0.134	0.152	0.00300174855629369
"AF117829.1"	1.06586406498943e-06	1.95930799766846	0.009	0.199	0.00319759219496829
"AL137077.2"	1.07067421484203e-06	5.84491434284584	0.004	0.298	0.00321202264452608
"ZNF433-AS1"	1.13523438340186e-06	-7.88336087556453	0.049	0.228	0.00340570315020558
"NAV3"	1.62299250949382e-06	5.6345313464271	0.134	0.17	0.00486897752848147
"ACVR1"	1.69656754263013e-06	-1.4876898380663	0.125	0.175	0.00508970262789039
"ACVR1C"	2.05110735390122e-06	-1.32390600770297	0.013	0.31	0.00615332206170366
"DACH1"	2.11517915156862e-06	1.74052919865409	0.295	0.456	0.00634553745470585
"CYB5D1"	2.19074571322935e-06	8.70239800380294	0.004	0.333	0.00657223713968805
"ARHGAP15"	2.66664609280353e-06	6.77927943644662	0.004	0.281	0.00799993827841059
"AC010864.1"	2.77304346162584e-06	0.856776559679355	0.009	0.275	0.00831913038487751
"SLC8A1"	2.80942671480413e-06	-2.47083170923405	0.143	0.164	0.0084282801444124
"NDUFB2-AS1"	3.19918945026633e-06	1.81182222014867	0.013	0.485	0.009597568350799
"AC125613.1"	3.22693970301468e-06	-2.32865241318435	0.027	0.181	0.00968081910904404
"DNAJC15"	3.54783400416569e-06	-1.44631951529457	0.076	0.14	0.0106435020124971
"HSPA1A"	4.37612849966399e-06	3.54880100013398	0.085	0.199	0.013128385498992
"EGFR"	4.41359682694512e-06	-1.37836243436185	0.411	0.602	0.0132407904808354
"KLHDC1"	4.45137240050899e-06	-0.264776883615607	0.036	0.251	0.013354117201527
"SHQ1"	4.80555482975626e-06	1.13109385290883	0.036	0.333	0.0144166644892688
"AC008894.3"	4.86718010056823e-06	4.94675863321127	0.013	0.14	0.0146015403017047
"RYR2"	5.12122615027002e-06	2.74882368830089	0.013	0.117	0.0153636784508101
"DOCK10"	5.2529633972975e-06	-7.18742091263364	0.045	0.292	0.0157588901918925
"CHRM5"	5.64404343402386e-06	10.154794837598	0.004	0.38	0.0169321303020716
"FTX"	5.9118358459718e-06	0.962357024636661	0.268	0.281	0.0177355075379154
"TGFB1"	6.27020832724366e-06	4.90752765884889	0.058	0.497	0.018810624981731
"RNVU1-19"	6.37636941141234e-06	8.09874514954096	0.009	0.205	0.019129108234237
"CYTH1"	6.37640245488817e-06	0.788704290224292	0.138	0.094	0.0191292073646645
"TPTE2"	6.64938285129661e-06	-0.423721935440927	0.022	0.228	0.0199481485538898
"HRK"	6.87578130369061e-06	-6.0268563988064	0.009	0.205	0.0206273439110718
"AC008758.1"	7.13929121395305e-06	7.57361670258031	0.027	0.474	0.0214178736418592
"AC008264.2"	7.25944497769444e-06	11.6373305966463	0.004	0.269	0.0217783349330833
"AC005562.1"	7.50569450116411e-06	-3.88241139165019	0.013	0.164	0.0225170835034923
"OSBPL7"	7.85730463223911e-06	-0.2806627359126	0.018	0.222	0.0235719138967173
"RARS"	8.0556737525827e-06	0.331694664524997	0.174	0.211	0.0241670212577481
"TMEM2"	8.46686780154393e-06	1.318503552532	0.116	0.24	0.0254006034046318
"AL034405.1"	8.75201655289458e-06	12.2095545498531	0.009	0.404	0.0262560496586837
"UBE2F-SCLY"	9.54502630021056e-06	-2.57425428808628	0.009	0.228	0.0286350789006317
"FERMT1"	1.01529657804637e-05	0.685232146712069	0.022	0.357	0.0304588973413912
"SSH3"	1.02367654860212e-05	2.3856555229041	0.049	0.351	0.0307102964580637
"SOX3"	1.05786168764235e-05	-2.30413332981355	0.299	0.351	0.0317358506292705
"CLDN10"	1.23065197548306e-05	9.17975531935477	0.009	0.257	0.0369195592644918
"TNFRSF10D"	1.26109502607747e-05	-4.64502895758431	0.045	0.17	0.037832850782324
"TMEM202-AS1"	1.26109502607747e-05	1.37687090181543	0.004	0.409	0.037832850782324
"CCDC26"	1.32953871731034e-05	-10.2646895868884	0	0.152	0.0398861615193101
"MIR17HG"	1.34037803858971e-05	-3.52824331236548	0.018	0.222	0.0402113411576914
"BEST3"	1.36231010676929e-05	2.58276796436758	0.107	0.316	0.0408693032030786
"AC124319.2"	1.47123860584381e-05	3.01346972567485	0.027	0.234	0.0441371581753143
"SNX24"	1.5884570959177e-05	-3.35580587278312	0.085	0.199	0.0476537128775309
"AP000911.1"	1.60129279743493e-05	10.1541733723632	0.013	0.263	0.0480387839230479
"AC117834.1"	1.64042691462427e-05	11.6498810540623	0.004	0.322	0.049212807438728
"NES"	1.7352962231288e-05	-3.99487443774218	0.379	0.374	0.0520588866938639
"P2RY1"	1.74926019008144e-05	-0.7342913366435	0.027	0.158	0.0524778057024432
"GPC6"	1.77042790097668e-05	3.45697091390231	0.308	0.509	0.0531128370293005
"MOXD1"	1.83537929623489e-05	-1.13616066482686	0.312	0.304	0.0550613788870468
"CREB5"	1.94094448822112e-05	3.14459536964325	0.362	0.392	0.0582283346466335
"AL589740.1"	1.94870404354469e-05	1.90308396103408	0.272	0.193	0.0584611213063406
"TTC36"	1.94870404354469e-05	11.6810988246831	0.009	0.246	0.0584611213063406
"AC011815.2"	2.09349639467086e-05	5.55314864126669	0.004	0.263	0.0628048918401259
"SYT17"	2.14399600227312e-05	5.67080352587109	0.045	0.175	0.0643198800681935
"EGR1"	2.2396049990193e-05	3.392623541733	0.174	0.398	0.0671881499705791
"CAMKMT"	2.26636583684012e-05	10.0989080255678	0.022	0.216	0.0679909751052036
"DCST1-AS1"	2.73841208435571e-05	11.6565848662194	0.004	0.386	0.0821523625306714
"POLD3"	2.89281247487027e-05	-1.04574478030468	0.214	0.257	0.086784374246108
"ANKS1B"	3.10352985592089e-05	0.533539084526711	0.188	0.123	0.0931058956776268
"SLC7A5"	3.12782233644121e-05	4.3002573576701	0.071	0.357	0.0938346700932364
"AC110769.2"	3.17693630142288e-05	4.03866570593335	0.009	0.135	0.0953080890426863
"GRIK2"	3.25201928550303e-05	5.91220953574212	0.045	0.117	0.097560578565091
"AC113349.2"	3.26469346136941e-05	-8.68144892142408	0.004	0.222	0.0979408038410822
"AL158211.5"	3.36778967725952e-05	11.5823066085235	0.004	0.263	0.101033690317786
"STC1"	3.44713333357203e-05	-4.81786474856118	0.08	0.123	0.103414000007161
"RPL35P2"	3.52825024989379e-05	1.29868556329352	0.018	0.111	0.105847507496814
"TNRC6C"	3.54194474253073e-05	0.769348667074115	0.103	0.193	0.106258342275922
"ARID5B"	3.72462978002074e-05	-0.880618598794453	0.134	0.181	0.111738893400622
"HIST2H2BE"	3.7535039552663e-05	0.270017140315609	0.103	0.117	0.112605118657989
"GAD2"	3.75351703692808e-05	2.11560140896704	0.321	0.561	0.112605511107842
"TCIM"	3.82666855035848e-05	1.30104266427821	0.254	0.31	0.114800056510754
"CRYGS"	4.05431141223186e-05	-6.99675578549528	0.009	0.205	0.121629342366956
"TMEM100"	4.06993701232837e-05	7.66961361782918	0.018	0.187	0.122098110369851
"EGF"	4.18094504344088e-05	6.23842366290955	0.027	0.216	0.125428351303226
"TFPI"	4.24565130943726e-05	-5.70824417525398	0.165	0.199	0.127369539283118
"DPP10"	4.6542882561037e-05	-3.07139487912031	0.076	0.129	0.139628647683111
"PHF21B"	4.92833742968262e-05	-2.02627500772863	0.161	0.164	0.147850122890479
"NBEA"	5.15851907708337e-05	0.539607864212571	0.156	0.146	0.154755572312501
"ETV6"	5.29745886077727e-05	1.09039012865361	0.045	0.129	0.158923765823318
"TOP2A"	5.33780266781177e-05	0.937541960227989	0.942	0.947	0.160134080034353
"MCM7"	5.6072193778416e-05	2.50093961839904	0.312	0.421	0.168216581335248
"AC010186.3"	5.69264688609132e-05	2.36538901461526	0.009	0.456	0.17077940658274
"ANKRD37"	5.82317558352229e-05	2.26824049577418	0.094	0.175	0.174695267505669
"PKN2-AS1"	5.84517494573856e-05	-3.78634153900916	0.022	0.193	0.175355248372157
"AC021504.1"	5.84519920967333e-05	9.24345009087449	0.027	0.263	0.1753559762902
"KDM4D"	5.91174435719225e-05	-2.57102134961091	0.04	0.123	0.177352330715767
"FHIT"	6.00158779126144e-05	2.16612988915454	0.022	0.164	0.180047633737843
"AC104109.2"	6.16190735245993e-05	11.6514619028777	0.004	0.269	0.184857220573798
"CNTNAP2"	6.27893903968856e-05	0.538283520329878	0.125	0.129	0.188368171190657
"GPR158"	6.32632789625069e-05	-5.32666812292607	0.013	0.158	0.189789836887521
"LIMCH1"	6.35014909354463e-05	0.668988398478667	0.125	0.094	0.190504472806339
"CXCL12"	7.32092213862001e-05	-0.750495145516322	0.107	0.105	0.2196276641586
"RAB31"	7.88665219884009e-05	1.45797725934484	0.268	0.269	0.236599565965203
"AC233280.1"	8.65201492744189e-05	-3.33410159641499	0.022	0.199	0.259560447823257
"AC109326.1"	8.74840927232408e-05	2.35648761407966	0.054	0.398	0.262452278169722
"MIR4500HG"	9.48718584564384e-05	11.7823446845816	0.009	0.205	0.284615575369315
"KITLG"	9.59237377049494e-05	-6.68957534656629	0.071	0.152	0.287771213114848
"AL118516.1"	9.6986622460017e-05	6.26562181057852	0.103	0.433	0.290959867380051
"ADAM28"	0.000102845693360417	3.02823967471822	0.018	0.146	0.308537080081251
"AL583722.2"	0.000107850047061645	12.6436358656934	0.009	0.275	0.323550141184936
"LATS2"	0.000110236768872174	-3.53938884204393	0.022	0.164	0.330710306616521
"ANK3"	0.000113910771402053	0.781700801489298	0.107	0.076	0.34173231420616
"GREM2"	0.000117272372470031	6.62846492811968	0.004	0.263	0.351817117410092
"TMEM132B"	0.000123830358017889	1.10230304015203	0.263	0.152	0.371491074053666
"HS6ST3"	0.000127007452469165	2.99185282271232	0.036	0.146	0.381022357407496
"AC010531.6"	0.000128391865684766	3.56148446084174	0.013	0.386	0.385175597054297
"VSNL1"	0.000133112608381499	2.34918944041839	0.049	0.193	0.399337825144498
"HTRA1"	0.000137500103943478	-2.27212162121452	0.254	0.17	0.412500311830435
"KALRN"	0.000144078665082278	-2.68627669686936	0.147	0.152	0.432235995246835
"GALNTL6"	0.000147742072097876	6.31097878049385	0.009	0.17	0.443226216293627
"ITGA9-AS1"	0.00014880502952601	2.69656442237434	0.054	0.211	0.44641508857803
"SRP54-AS1"	0.000149339592979011	1.31020714400788	0.027	0.14	0.448018778937033
"PGBD5"	0.000159837304833286	10.1076317805378	0.018	0.257	0.479511914499857
"ZFPM2"	0.000168611419212069	1.63668819604346	0.04	0.246	0.505834257636206
"THRB"	0.000171026582861897	1.1749737035366	0.009	0.105	0.513079748585692
"AC007066.2"	0.000181658672753027	4.99655550287007	0.036	0.368	0.54497601825908
"MARCH1"	0.000185557310653967	1.85051682111777	0.143	0.193	0.556671931961902
"DNAJC27-AS1"	0.000188866117840132	2.37625986691187	0.045	0.456	0.566598353520396
"CENPK"	0.000195650782086743	-2.5789465854098	0.433	0.673	0.586952346260229
"AL035401.1"	0.000197034912960373	5.16921385496095	0.013	0.205	0.59110473888112
"PDK1"	0.000205534824856121	-0.896869568893994	0.188	0.111	0.616604474568362
"HIST2H2BD"	0.000206983795934761	11.6086874768168	0.004	0.316	0.620951387804282
"CCDC62"	0.000210650937695782	1.54843232995654	0.004	0.123	0.631952813087347
"MSMO1"	0.000215131127069251	-1.42549990492981	0.237	0.211	0.645393381207753
"UXT-AS1"	0.000231525556542121	11.6159379237356	0.004	0.298	0.694576669626362
"AC073941.1"	0.000239739264785989	6.55552337290713	0.004	0.199	0.719217794357967
"INTU"	0.000249088781169796	0.410588521342566	0.321	0.322	0.747266343509387
"C19orf18"	0.000254330705630465	5.73136191027873	0.009	0.193	0.762992116891394
"JUN"	0.000254331588821903	4.64227603332468	0.357	0.404	0.76299476646571
"AP002383.2"	0.000272563718460986	11.6821700036495	0.009	0.298	0.817691155382958
"EEA1"	0.000276355288646759	2.91364443913282	0.196	0.211	0.829065865940277
"CECR2"	0.000278269078489644	-0.519208478548841	0.147	0.123	0.834807235468933
"TAC3"	0.000279230624134642	1.41051571089091	0.031	0.117	0.837691872403926
"COL11A1"	0.00030745235237623	0.721290344162284	0.362	0.404	0.922357057128691
"AC005609.5"	0.000314913813498627	-1.07467811183954	0.045	0.129	0.944741440495881
"DLX6"	0.000318163191710491	0.479089733000547	0.107	0.339	0.954489575131473
"AL589826.2"	0.000323647570514557	1.05140909693235	0.004	0.503	0.97094271154367
"FAM107A"	0.000323648658604872	3.43831172693849	0.25	0.222	0.970945975814615
"SHMT2"	0.000325866873166476	0.399804032126862	0.223	0.211	0.977600619499428
"CMAHP"	0.000338327963713974	0.330791155371884	0.009	0.48	1
"SORBS2"	0.000338327963713974	-1.24625004727565	0.107	0.053	1
"ELOVL6"	0.000342967838384999	1.38052570340902	0.201	0.135	1
"ADAMTS4"	0.00035362837665608	0.874527142196376	0.004	0.251	1
"PHKB"	0.000392764609525144	0.346918398771442	0.219	0.257	1
"LCMT1-AS1"	0.000395422601308838	-2.40685342028496	0.045	0.421	1
"ERICH5"	0.000396759447440755	7.44147828703807	0.036	0.228	1
"APOLD1"	0.00040079222313908	1.71259194060623	0.464	0.497	1
"CLSTN2"	0.000410351434779618	-2.95436260073172	0.009	0.234	1
"AC087741.3"	0.000425802928150572	11.661900158671	0.004	0.287	1
"PTAFR"	0.000430110679322043	11.6500213525694	0.004	0.246	1
"ADAMTSL3"	0.000437382208145945	7.48326836892915	0.004	0.322	1
"ESR1"	0.000438848519480397	4.45195191463013	0.004	0.211	1
"NCAM2"	0.000441799187684023	-0.403102327656402	0.143	0.175	1
"CEP83-AS1"	0.000477070356202671	2.9155566663144	0.004	0.158	1
"APLF"	0.000486694955691478	-4.43163470700607	0.031	0.497	1
"AC007405.2"	0.000499810436755276	6.27676542187292	0.009	0.374	1
"KCNA3"	0.000506488819359968	0.692658775863727	0.018	0.485	1
"AL139011.2"	0.000511554923012533	9.32805770605999	0.004	0.216	1
"FLRT3"	0.000514957442486055	0.791385982783125	0.107	0.269	1
"AP001107.1"	0.000521824216933588	-1.27716425122076	0.009	0.129	1
"CDK6"	0.000523556251564049	-2.52580150245683	0.308	0.392	1
"DNM3"	0.000528779574189016	1.78392106571389	0.062	0.123	1
"ZFP36L2"	0.000537592146671464	-0.666837327442912	0.321	0.433	1
"DDX21"	0.000542945449159799	-1.27739657359704	0.201	0.287	1
"TTLL11"	0.000542946806554667	-1.50755843506892	0.022	0.17	1
"AL732292.2"	0.000551980068392229	11.6376412919538	0.049	0.275	1
"AC068587.4"	0.000574234203360326	1.06082458095325	0.009	0.135	1
"PTPRD"	0.000578023466783762	-4.46339870645162	0.201	0.228	1
"AC092910.3"	0.000587598721408573	-1.41127579900107	0.04	0.368	1
"ARX"	0.00061520075542444	-1.89534721383762	0.304	0.433	1
"RASSF9"	0.00063981305896449	11.637502895422	0.004	0.275	1
"TFAP2A"	0.000658873506646836	1.91472698399293	0.013	0.392	1
"CAPN6"	0.000687335938470393	-10.8690826973581	0	0.111	1
"DSEL"	0.000707704403833995	-0.47447819382445	0.179	0.251	1
"IL20RB"	0.000762337917160738	-2.47596390831679	0.013	0.135	1
"USHBP1"	0.000777218054363775	-1.26415511011839	0.004	0.222	1
"CHKB-AS1"	0.00078728901087134	3.28445115276512	0.018	0.38	1
"WLS"	0.000797483331563165	-1.82144567685846	0.071	0.111	1
"CADM3-AS1"	0.000802625121146205	11.6380347202401	0.004	0.216	1
"AGAP2-AS1"	0.000823501461350869	3.22303505848642	0.049	0.158	1
"CALN1"	0.000823501461350869	1.63707015976046	0.018	0.181	1
"SQSTM1"	0.000947607520513124	0.478352444897099	0.33	0.298	1
"IQGAP2"	0.000987465955399958	-1.14550671041357	0.223	0.211	1
"C9orf147"	0.00099373377013503	11.364592822308	0.022	0.211	1
"KAT6B"	0.00103865037549687	0.944526265302769	0.393	0.439	1
"FAM181B"	0.00104521826398094	-2.85341746855064	0.263	0.292	1
"GCNT2"	0.00105513920393956	1.3940853793892	0.036	0.135	1
"BARX1"	0.00106180648102127	-5.88353264241349	0.049	0.269	1
"AC008840.1"	0.00109915832627018	-2.55841520939581	0.013	0.439	1
"EOMES"	0.0011026168872397	-0.898910806981579	0.214	0.088	1
"PPP1R12B"	0.00117020962690538	1.89367063378583	0.085	0.199	1
"MT-TE"	0.00117387106236337	6.30920900384567	0.589	0.813	1
"SLC16A14"	0.00119979635374078	4.27649557108703	0.152	0.374	1
"CBLB"	0.00121485149264755	0.481287116909575	0.152	0.099	1
"CBR3-AS1"	0.00122244297218519	-4.79882598229323	0.009	0.123	1
"BSN-AS2"	0.00128477069465014	11.6245147240972	0.049	0.205	1
"AL133353.1"	0.0014581167883034	-1.88272248773782	0.009	0.275	1
"NTRK2"	0.00148522041891356	5.6000928635218	0.183	0.292	1
"LINC01004"	0.00155978232695726	-7.70801853788159	0.04	0.105	1
"ANXA1"	0.00159833781077979	11.7066153344024	0.004	0.164	1
"KDM3A"	0.00169861191611809	0.331873964793799	0.268	0.31	1
"AL358790.1"	0.0017668518033838	-5.53916378964344	0.004	0.135	1
"RORB"	0.00179376879464697	1.1326852307604	0.143	0.193	1
"NR2F2"	0.00181009657596305	-0.980104257135809	0.237	0.304	1
"ARF4-AS1"	0.00185430738501163	2.38665215075064	0.013	0.404	1
"C3orf14"	0.00185430738501163	0.524718223455519	0.098	0.175	1
"LINC01801"	0.00188243585976838	5.55434778041098	0.004	0.205	1
"AC079610.1"	0.00189379852397151	11.6593599152438	0.004	0.193	1
"EMX2"	0.00190522901847152	1.21320118475969	0.237	0.257	1
"GRIP1"	0.00195743203775512	5.45602328106789	0.085	0.164	1
"GEM"	0.00196330772901463	4.67399780391949	0.054	0.158	1
"SH3D19"	0.00199893870891773	-5.62904935907679	0.04	0.187	1
"HES1"	0.00201697331859034	-1.62357527720864	0.263	0.263	1
"GABRB3"	0.00209061485923208	-0.991811510579253	0.103	0.129	1
"AC098484.2"	0.00211569954015132	2.57079625285409	0.004	0.211	1
"AL022341.1"	0.00212201502125269	11.6346772135156	0.004	0.263	1
"GMNN"	0.00220571002339425	-1.66314907729918	0.339	0.363	1
"HIST1H1C"	0.00224534718621352	-0.716801697832368	0.411	0.52	1
"ZNF121"	0.00229241032388302	1.90388884022331	0.121	0.14	1
"PPP1R14A"	0.00231286199938281	9.46903317052565	0.004	0.269	1
"DTL"	0.00236820237694222	-4.76023995635081	0.067	0.135	1
"ST8SIA5"	0.00241050865364098	1.51012750235473	0.116	0.287	1
"KPNA5"	0.00241762106218446	1.03813472745633	0.188	0.187	1
"GAD1"	0.00241762579480765	-2.22754663512499	0.094	0.199	1
"AL354793.1"	0.00241762579480765	0.331790635063951	0.018	0.135	1
"WSCD2"	0.00246798678748614	11.6421901772027	0.018	0.327	1
"AL158834.2"	0.00248255093479465	11.6331479925958	0.018	0.269	1
"PRKCA"	0.00254906767925438	1.60476264459667	0.214	0.345	1
"GAS5-AS1"	0.00256406134769399	1.48838214938579	0.009	0.503	1
"ELP6"	0.00260192168395996	-0.287589189845207	0.17	0.433	1
"CALB2"	0.00260955783383543	6.14830631724413	0.165	0.222	1
"CHL1"	0.00264029248235919	0.827883049856666	0.152	0.175	1
"LRRN3"	0.00265578356568775	-1.80412230715386	0.134	0.281	1
"LINC02268"	0.00266356021919257	8.73879394979412	0.049	0.14	1
"PSD3"	0.00267135767974002	0.728446084429103	0.29	0.339	1
"AP001160.1"	0.00274247933956052	12.5584632454155	0.022	0.216	1
"CDH7"	0.00275048760868117	2.17110609135584	0.004	0.304	1
"NETO2"	0.00288993737369405	-0.263164280670206	0.223	0.298	1
"KIF23"	0.00291520031096113	-3.83937009322772	0.567	0.825	1
"AC092691.1"	0.00297494457297439	-4.71289840945117	0.013	0.363	1
"AL353708.3"	0.00300958446033208	-7.73375231944726	0	0.111	1
"TNIP1"	0.00300959152792637	5.28057674071917	0.121	0.117	1
"MDK"	0.00310675705400399	-0.839217967324917	0.388	0.275	1
"AC073333.1"	0.00324386626189533	11.6671006994499	0.004	0.234	1
"METTL11B"	0.00329078027849053	12.3226744786678	0.009	0.199	1
"LOX"	0.00331921839221446	5.51755338797325	0.192	0.544	1
"LINC02282"	0.0033767857933391	7.04147794918986	0.036	0.199	1
"AC024075.3"	0.00363685949118589	11.5754733542853	0.004	0.222	1
"OLIG2"	0.00367845916883861	1.1123023058967	0.058	0.234	1
"ZNF354A"	0.0037629420626179	1.3028843995497	0.125	0.246	1
"PDE1A"	0.00380584144011729	1.41483988653217	0.103	0.152	1
"AC099522.2"	0.0038274487856703	2.37593348487488	0.013	0.193	1
"PARM1"	0.00390399441479371	8.34943809743272	0.009	0.38	1
"HIST1H1B"	0.00392611605021959	1.24544190589978	0.353	0.567	1
"INPP5D"	0.0039595031992984	7.94076684533346	0.009	0.38	1
"AL078644.2"	0.0041303932256036	10.1591561418611	0.031	0.199	1
"AP001269.4"	0.00414201981534829	11.6499424302568	0.004	0.269	1
"GAS1"	0.00415367609274194	-2.96122903494916	0.42	0.509	1
"B4GALT1-AS1"	0.00415367609274194	-11.399694394485	0.022	0.193	1
"HEATR4"	0.00416535478476704	8.65925250020874	0.018	0.298	1
"CXCR4"	0.00432001867721591	-0.699788225557889	0.085	0.281	1
"CENPC"	0.00443011120521476	-3.07364404751951	0.487	0.497	1
"PCNA"	0.00446738024982225	-1.75349592409176	0.286	0.368	1
"LINC01424"	0.0046192721572851	11.5949441523335	0.004	0.246	1
"WWOX"	0.00463214935754149	0.60976724559807	0.089	0.298	1
"KIAA1211"	0.0048559156914136	0.691165359849219	0.277	0.31	1
"PLCB1"	0.00493719761677918	0.914421720187775	0.214	0.181	1
"CAB39L"	0.00496456381409899	1.13909418770874	0.299	0.269	1
"CALY"	0.00503358045291026	8.82912871155363	0.054	0.14	1
"PFN2"	0.00506142914432479	-3.61514866631219	0.188	0.251	1
"KLHDC8A"	0.00537708733444269	4.25639604948362	0.17	0.199	1
"ZBTB20-AS5"	0.0053918376734594	-0.319916822389684	0.031	0.503	1
"ZCCHC6"	0.00542148193389026	0.302133457964804	0.174	0.246	1
"EPHA5"	0.00549620875996541	0.728013239938537	0.17	0.129	1
"ADGRV1"	0.0055871073192193	-2.56077898340912	0.339	0.316	1
"HIST1H1E"	0.0055871073192193	-6.28673050797086	0.366	0.45	1
"FUT9"	0.00596441984723806	2.40483078198735	0.339	0.298	1
"NALCN-AS1"	0.00633028577276877	11.682605898628	0.004	0.246	1
"DLX6-AS1"	0.00646827419499841	2.20625713986498	0.134	0.175	1
"AC107068.1"	0.00657352499826659	5.45734356873251	0.004	0.164	1
"LINC01197"	0.00659121577009932	11.6269881788862	0.018	0.287	1
"AC008591.1"	0.00693557535930925	10.3252937935377	0.009	0.181	1
"CDKN2A"	0.00716129417260953	-4.87717152656431	0.009	0.228	1
"KCNH8"	0.00718041374674254	-0.441359121427219	0.058	0.129	1
"PDE4B"	0.00721875364294222	1.46692074208013	0.299	0.251	1
"SLC2A1"	0.00737400031780418	0.3396666790401	0.161	0.322	1
"VAX1"	0.00749238725092405	-8.29643311462183	0.004	0.129	1
"HIST1H2BE"	0.00757225591977804	1.91679225625327	0.045	0.146	1
"PEG10"	0.00779584508959081	1.12088881593117	0.393	0.386	1
"GARS"	0.00823918433045794	0.27711515653731	0.25	0.24	1
"PDZRN3"	0.00870495073704008	1.24387831807654	0.183	0.316	1
"LHX2"	0.00875051396179649	2.2164414682853	0.402	0.427	1
"FARS2"	0.00881925841517374	0.434970075227132	0.08	0.135	1
"PRTG"	0.00895817980714097	8.15599919727163	0.004	0.292	1
"AC020611.2"	0.0090754679599297	1.01840273737888	0.049	0.181	1
"AC009053.1"	0.00973273219130742	-6.51133288685392	0	0.14	1
"POU3F2"	0.00996106131697419	-2.07548583396017	0.518	0.392	1
"LINC01980"	0.0100382293892435	8.27239721649265	0.004	0.199	1
"TTR"	0.0101159257661579	2.80992090380007	0.058	0.491	1
"MCUB"	0.010246610224559	7.31695242479052	0.438	0.52	1
"CHAC1"	0.010405413755659	2.32832177384835	0.103	0.082	1
"NUS1P2"	0.01095066825327	12.6150047388313	0.009	0.181	1
"CCDC174"	0.0120570802643053	0.549294003209041	0.183	0.24	1
"ZNF19"	0.0123642313692862	2.14739662165495	0.009	0.152	1
"FABP5"	0.0125518308992758	3.42689263209639	0.312	0.31	1
"FAM126A"	0.0126782932083739	1.0888098205253	0.165	0.222	1
"CDCA7L"	0.0127100757949598	-0.584672399633166	0.339	0.421	1
"AC004805.1"	0.0129993958654708	1.08349768092317	0.009	0.24	1
"TMEM45A"	0.0130644728683431	3.93892871485732	0.067	0.298	1
"KBTBD11-OT1"	0.0131954695245408	1.6847267066521	0.004	0.345	1
"ATP1B2"	0.0132945171127806	-1.14764352534119	0.165	0.135	1
"PIP5K1B"	0.013461019589457	10.1770057212063	0.013	0.164	1
"GRIK4"	0.0134945176647055	0.555094633558164	0.004	0.193	1
"PDE5A"	0.0136971952118222	1.91998086707579	0.013	0.181	1
"AC021088.1"	0.0137653493674997	8.36974370963407	0.009	0.181	1
"AC107067.1"	0.0139370698593085	11.8122768077526	0.045	0.222	1
"OPCML"	0.0142157197361222	-3.14732243576775	0.027	0.205	1
"TH2LCRR"	0.0147514330468526	12.6431102316251	0.009	0.205	1
"PLEKHH2"	0.0153800788284995	-7.05140347536559	0.013	0.251	1
"AMBN"	0.0154177799139299	-2.35909248048149	0.089	0.31	1
"FAR2"	0.0162285126924512	-0.753576086321903	0.022	0.129	1
"SLCO5A1"	0.0164269797110331	-0.366043258921581	0.103	0.105	1
"ZNF704"	0.0165470806501462	0.64509896582215	0.263	0.322	1
"LINC01521"	0.0166275493197389	4.31144784499684	0.018	0.374	1
"CDKN2B"	0.0166275757512969	10.9553752293931	0.045	0.287	1
"H1F0"	0.0167489631338218	1.10944365974185	0.156	0.187	1
"GADD45B"	0.0168302929773709	2.7330233280515	0.009	0.269	1
"ZEB1"	0.0168711278273987	2.20713338335164	0.567	0.62	1
"SDF2L1"	0.0170352195686558	7.22037397251668	0.165	0.187	1
"EIF4EBP1"	0.0171178055714572	-0.569145816522424	0.205	0.257	1
"CDKN1C"	0.0171592247266646	-3.48642339109205	0.031	0.234	1
"AC097634.3"	0.0172423268715112	11.6580194792675	0.018	0.234	1
"CHRDL1"	0.0181799912774973	-0.315422779653733	0.451	0.415	1
"ZBTB20"	0.018665375883058	0.554478621198155	0.504	0.632	1
"AL591222.1"	0.0190708897292815	4.7175567335115	0.004	0.158	1
"OLFM1"	0.0192535766753172	0.478926639603487	0.21	0.164	1
"DLGAP3"	0.0194840552016127	2.96488911480191	0.009	0.123	1
"SMOC1"	0.0195304746802388	2.37522060617357	0.353	0.52	1
"LINC00393"	0.0196701938057246	1.82701915003229	0.009	0.211	1
"NRXN3"	0.0196702236318469	4.14690901888386	0.183	0.333	1
"PENK"	0.0198579135996785	2.16359828145763	0.085	0.187	1
"AL157871.4"	0.0206243594110663	1.77931773160427	0.009	0.222	1
"IL33"	0.0206731467807407	8.52140704485712	0.147	0.146	1
"NPAS3"	0.0211662021113819	9.9462796463978	0.192	0.287	1
"DAPK1"	0.0211662021113819	0.895882803417166	0.174	0.216	1
"AC012409.2"	0.0212660332732016	10.1887291526486	0.004	0.269	1
"HIST1H2BN"	0.0212660332732016	-1.45603428811969	0.125	0.392	1
"FOXP2"	0.0221312847567337	0.925038684622843	0.036	0.117	1
"TMPO"	0.0224963692174744	0.32425473252576	0.875	0.895	1
"FN1"	0.0231882612808345	0.46349906979684	0.036	0.228	1
"SORCS3"	0.0234048706947665	4.15132280638937	0.018	0.111	1
"DLX1"	0.0236232070340546	0.526131369149368	0.304	0.491	1
"AC022217.3"	0.0237330023659373	11.6661321423569	0.004	0.228	1
"ETV2"	0.0241767609697531	1.33196420301425	0.04	0.135	1
"ITGB8"	0.0242888527968886	1.1106696116499	0.482	0.421	1
"VCAM1"	0.0248558891070116	-2.8883190271737	0.107	0.094	1
"AC245140.3"	0.0249132140910923	11.6783793330678	0.004	0.199	1
"KIF11"	0.0249706958650433	-1.23775434054616	0.759	0.901	1
"AC007389.1"	0.0253177895431389	1.14047809505083	0.036	0.123	1
"HELQ"	0.0255514981964844	1.16450628136629	0.067	0.251	1
"ITM2C"	0.0269318634391289	-0.680320938869364	0.241	0.263	1
"ENOX1"	0.026993312449762	-0.557434790201535	0.143	0.193	1
"SCN3A"	0.0270548824568052	-0.373525344818691	0.107	0.146	1
"CDO1"	0.0278032293996227	-0.690327990770205	0.402	0.327	1
"FAT3"	0.0285693568002514	0.44373997528476	0.223	0.158	1
"DLX2"	0.028634013755618	0.494922817038019	0.353	0.556	1
"HAVCR2"	0.0288287412812711	3.08229641983067	0.045	0.193	1
"BEX1"	0.0289591921247127	-0.292977206345197	0.241	0.257	1
"AL138760.1"	0.0296190947727581	3.04964703092219	0.031	0.368	1
"SOX9"	0.0311165360376375	1.03405949889488	0.549	0.655	1
"ANGPTL4"	0.0313256831963512	-0.319049592394348	0.071	0.158	1
"SEMA3D"	0.0316769006390376	-3.7559730764393	0.004	0.175	1
"DIO2"	0.0318893145758878	-1.94085205279758	0.031	0.129	1
"SETBP1"	0.034231602206094	-0.636700429817233	0.312	0.281	1
"SERINC5"	0.0343071075098678	-1.1889087018533	0.259	0.316	1
"WBP4"	0.0346105535088059	0.380427752176248	0.174	0.175	1
"PMS2P10"	0.0352243278686947	11.6878824894231	0.031	0.129	1
"AATK"	0.0353016989651226	-2.09126945778999	0.013	0.135	1
"SELENON"	0.0357689326734903	-0.858288821046173	0.018	0.322	1
"PROX1-AS1"	0.0357689776684908	3.2387260516942	0.004	0.14	1
"KDM7A"	0.0357689776684908	3.78934500727799	0.121	0.17	1
"PURPL"	0.0359259050075322	-3.41483499523016	0.004	0.38	1
"LINC02440"	0.0360045885841945	-1.2133979888033	0.027	0.135	1
"ANP32BP1"	0.0360833737923957	11.6742472144709	0.009	0.175	1
"ADGRL2"	0.0362415033277485	-2.35913096165115	0.129	0.129	1
"NELL1"	0.036320793876881	-8.23889323708724	0.036	0.222	1
"GDF15"	0.0364797365013126	-10.9169807818261	0	0.234	1
"KIAA0586"	0.037283646774585	1.23177023708329	0.429	0.579	1
"SPTBN1"	0.0376912017855572	0.539065587559008	0.223	0.211	1
"AC002454.1"	0.0378552071332488	5.43384398006529	0.027	0.474	1
"ECT2"	0.0387686220162972	-1.56294188796326	0.768	0.936	1
"INSIG1"	0.0390209403397486	2.29970652237991	0.308	0.275	1
"HSPA1B"	0.0395297631998546	-0.406803146208912	0.071	0.251	1
"AC099791.2"	0.0397005694022058	4.9329463465765	0.004	0.146	1
"HIST2H2AC"	0.0397862795069054	-4.22155836507615	0.232	0.298	1
"ID1"	0.0398720982326751	-0.95315179971435	0.107	0.298	1
"AL078581.3"	0.040130497345741	11.6743373844765	0.004	0.175	1
"AFF3"	0.0402169454262418	-0.579079533105379	0.125	0.094	1
"BRINP3"	0.0416216874841059	-0.623974370520223	0.058	0.31	1
"FAM71F1"	0.0420691665345477	-4.61219577991131	0	0.234	1
"TYMS"	0.0421591391201327	-3.33639784216185	0.384	0.439	1
"AC025171.3"	0.0422492744612568	-8.17733959167847	0.045	0.105	1
"AP005203.1"	0.0423395225714731	11.65696850718	0.004	0.146	1
"AC137723.1"	0.0427023498248593	1.37217462654829	0.04	0.52	1
"CCDC186"	0.0436209872122954	4.20250216137193	0.112	0.111	1
"PAX6"	0.0437137570652276	-3.03186538987602	0.558	0.643	1
"GINS2"	0.0455082894013923	0.268734444851647	0.188	0.158	1
"NEK2"	0.045604433555227	1.23586598390426	0.496	0.772	1
"PLS3"	0.0460877253933606	-1.28658731175601	0.259	0.275	1
"AC025211.1"	0.0477632985570505	-6.64988060199301	0.004	0.164	1
"AL356441.1"	0.0483667734236892	6.45422222865609	0.04	0.181	1
"GABRA2"	0.0497998235847668	6.68787796299361	0.013	0.205	1
"MEF2C"	0.0502157471570966	1.44795345654111	0.103	0.076	1
"LRRN1"	0.051162229255214	1.52637587147805	0.438	0.567	1
"SPAG6"	0.051374574832001	11.6780052237239	0.045	0.199	1
"FAM214A"	0.0514810239691663	-1.96980823402909	0.103	0.123	1
"AC020558.1"	0.052339280521792	1.88129472894547	0.004	0.222	1
"DLGAP1"	0.0544256827553337	3.66689555764627	0.183	0.164	1
"PTTG1"	0.0557788227659925	0.848659477881377	0.991	0.988	1
"MEF2C-AS1"	0.057509543194369	-2.00705557172705	0.04	0.164	1
"ATF3"	0.0579785368951387	2.43693773692389	0.062	0.17	1
"DLG2"	0.0582142230634767	-0.723846382514972	0.192	0.199	1
"ZNF454"	0.0586879836978561	0.48311220516382	0.022	0.181	1
"AC114803.1"	0.0588069228289659	-0.851139330083125	0.103	0.146	1
"SLC1A3"	0.0591649416287607	0.345870932758985	0.402	0.322	1
"BAMBI"	0.0602498674096858	6.99385858088159	0.022	0.257	1
"AC108062.1"	0.0606151543121458	10.3794869190247	0.009	0.363	1
"FBXO31"	0.0612279803024464	-3.2268618916144	0.004	0.339	1
"CALD1"	0.061351234980355	0.507243454513587	0.482	0.491	1
"DLGAP5"	0.0620947020010973	1.20722333916096	0.768	0.871	1
"TRMT9B"	0.0624692218688981	0.480016095938241	0.018	0.111	1
"CTSK"	0.0636039416587659	1.71545430878474	0.004	0.351	1
"LINC00609"	0.0650140364418963	11.7066410789904	0.009	0.199	1
"GPR153"	0.0652731556599545	1.07003216207766	0.009	0.181	1
"IER3"	0.0661867882308036	0.812574373600663	0.045	0.164	1
"BCHE"	0.06631809712542	5.53596920736736	0.192	0.333	1
"AC004158.1"	0.0668458129620667	-0.532269335342822	0.152	0.17	1
"LINC00574"	0.0671109312566587	10.9512462789906	0.009	0.216	1
"STAT4"	0.0673769144590827	5.36604619844195	0.004	0.205	1
"NANOS3"	0.0695361542181358	1.74138108321409	0.112	0.117	1
"ANK2"	0.0698100106749908	0.536219129542166	0.25	0.292	1
"MT-CO1"	0.0700847518523379	-0.408578244730297	0.58	0.62	1
"DST"	0.0714717980822469	1.15784863392786	0.299	0.333	1
"CHD7"	0.0731658648823568	-0.478291739087896	0.42	0.474	1
"SOX2-OT"	0.0735944756433439	9.60536641531557	0.353	0.345	1
"DPP6"	0.0738813552252598	0.290495683885659	0.121	0.099	1
"MYCBP2"	0.0744578571468393	0.365515464577617	0.228	0.181	1
"LINC01355"	0.074747412751043	4.78503741676018	0.009	0.164	1
"FAM111B"	0.074747412751043	0.909035360241459	0.08	0.363	1
"HMGN2"	0.07532949686816	-1.32464670168228	0.848	0.708	1
"KRTCAP3"	0.0759151332017333	11.6994517825303	0.004	0.211	1
"AC069224.1"	0.0776945809420287	5.97675804993862	0.004	0.146	1
"PPM1F"	0.0790514134213515	2.37689127250332	0.022	0.199	1
"SPARC"	0.0792033469426741	-1.00480943748185	0.259	0.199	1
"CCND2"	0.079355517859073	-3.056821567069	0.455	0.509	1
"RUNX2"	0.0798134574823488	2.64658463027553	0.004	0.246	1
"CELF4"	0.0808903388371259	2.91268701501016	0.054	0.129	1
"CCNA2"	0.0815109773945591	1.58962651668083	0.705	0.836	1
"ETV4"	0.0816667392868507	2.87442319219461	0.004	0.135	1
"R3HDM1"	0.0819789875285299	1.50859656261585	0.384	0.392	1
"CHD3"	0.0835547830172767	-0.353716617902404	0.228	0.263	1
"MFAP4"	0.0840322158935842	-1.67097763268165	0.036	0.158	1
"NOC3L"	0.0845119758913533	0.656989169715128	0.174	0.24	1
"VIM"	0.0846723672672468	1.74425911670723	0.545	0.708	1
"CEP290"	0.0856398937017731	0.88662880177258	0.125	0.216	1
"NUF2"	0.0859643811650508	-0.46508768312113	0.759	0.865	1
"THY1"	0.0869438075630024	0.659352576320523	0.129	0.14	1
"FAM156A"	0.0876017485355439	4.0405482609827	0.027	0.181	1
"AC091887.1"	0.0876017485355439	11.6865765234227	0.004	0.152	1
"AC016705.2"	0.0882637002347131	-5.17084676576381	0.013	0.205	1
"RYR3"	0.0885961851128865	4.15020690542138	0.013	0.117	1
"DLL1"	0.0889296320382258	1.24155183375613	0.254	0.316	1
"RCAN2"	0.0895996998839483	2.9965342788695	0.018	0.263	1
"HMGB3"	0.0901048784788464	0.86084720458574	0.871	0.877	1
"ZNF525"	0.0919768419015789	11.0358480737043	0.022	0.17	1
"AC068722.1"	0.0924927639982169	-2.65658179920038	0.009	0.111	1
"HES6"	0.0940544849495668	-1.87790141734816	0.487	0.433	1
"ID4"	0.0944043894706785	3.37372498231882	0.321	0.322	1
"ONECUT2"	0.0945797326025776	-10.2825771080865	0.009	0.111	1
"CDK1"	0.0949312018548337	1.84876230029304	0.737	0.854	1
"MTUS1"	0.0952837167522321	1.79570109657758	0.112	0.211	1
"PTN"	0.0956372792867969	-3.28439685748965	0.312	0.234	1
"ARL4C"	0.0958144540403278	0.605400281478968	0.366	0.374	1
"DUT"	0.0976006886896348	-0.927313862495402	0.326	0.339	1
"SEMA3F-AS1"	0.0995961801756201	11.6877929420763	0.004	0.129	1
"GPNMB"	0.100698187493792	11.7165245783295	0.004	0.117	1
"LINC02134"	0.101438380948183	7.81280029085578	0.004	0.228	1
"PLK2"	0.103873695124286	0.340253539816626	0.165	0.211	1
"TEX41"	0.104062850696108	11.5846218973162	0.004	0.181	1
"ZNF804B"	0.104632213640962	6.53525379568111	0.004	0.14	1
"SCD"	0.106162697350511	1.20868892438193	0.308	0.263	1
"AL078639.1"	0.106162697350511	1.16983865936891	0.317	0.246	1
"CDCA7"	0.106741152515937	-0.702458911571541	0.295	0.38	1
"STXBP5L"	0.107516308453718	0.484862576721247	0.022	0.181	1
"IFI16"	0.107710792352593	10.7972052113999	0.027	0.351	1
"AL356481.1"	0.108100509941522	-1.81400133443297	0.018	0.205	1
"ENPP2"	0.109868546978136	11.6875169145549	0.045	0.117	1
"MLLT3"	0.110066388443826	-2.81514512693029	0.134	0.146	1
"AP001628.1"	0.110661497950481	2.54802188250414	0.009	0.205	1
"CCDC81"	0.111059717023809	12.6502126804648	0.009	0.211	1
"PLCB4"	0.111259354753174	-0.513851618525535	0.112	0.07	1
"CWF19L2"	0.111459170991765	-0.369794027830128	0.362	0.339	1
"SPC25"	0.111659270312084	0.36393177250279	0.603	0.667	1
"PGM2L1"	0.113270284896754	1.1797526388165	0.165	0.14	1
"XPC"	0.113472890151859	3.51781602252866	0.156	0.24	1
"CKAP2"	0.114694894581707	1.30034826142404	0.911	0.971	1
"NDST1-AS1"	0.114899467764149	1.13043075740688	0.009	0.152	1
"SOX4"	0.115309741003038	0.599262744568328	0.281	0.363	1
"TIAM2"	0.116340241658607	1.25182978948347	0.196	0.292	1
"PRKCH"	0.117586377838049	11.7137143602287	0.045	0.105	1
"ATG9B"	0.11800407648014	3.59196111541498	0.107	0.023	1
"ALDH8A1"	0.119053416025721	11.6964301425396	0.004	0.193	1
"CST3"	0.122675948281154	1.94477512162535	0.205	0.222	1
"APCDD1"	0.123974780640396	-3.79978090574331	0.125	0.117	1
"AC018413.1"	0.125723392262654	11.6459006635662	0.004	0.175	1
"SENP7"	0.126163515150217	0.468784705321275	0.228	0.211	1
"MLLT11"	0.127713400050955	0.274274134523218	0.143	0.123	1
"AKAP12"	0.127936015894169	0.71925715807913	0.335	0.351	1
"BX284668.6"	0.130630999107324	1.18882810149374	0.031	0.228	1
"LINC00467"	0.132680980425781	9.55302126708052	0.013	0.187	1
"AF121898.1"	0.132910191042358	11.6910571201922	0.004	0.14	1
"METRN"	0.134061415213132	6.92563630407519	0.281	0.287	1
"UBB"	0.135220240837142	0.589021998443494	0.536	0.491	1
"GRPEL2-AS1"	0.136152766058813	-4.85523043182863	0.018	0.281	1
"AC091212.1"	0.136386790647012	11.6040411774705	0.004	0.175	1
"ELOVL2-AS1"	0.137325515223882	11.7075306409805	0.004	0.158	1
"CPNE8"	0.137325610903635	3.14603517859899	0.009	0.123	1
"P2RX7"	0.138980432289732	0.532540101622253	0.018	0.415	1
"CRYM"	0.141130795137645	4.34232324449296	0.013	0.14	1
"P4HA1"	0.141612086758947	0.941480439104924	0.263	0.281	1
"PVT1"	0.143306444569721	-3.11055865459101	0.018	0.17	1
"LINC01551"	0.144037480996127	-0.258726257557063	0.424	0.333	1
"AP000873.2"	0.144281761479708	1.70249321824608	0.004	0.105	1
"NKAIN3"	0.144771274967919	-3.36276820525116	0.612	0.444	1
"OLIG1"	0.145507929780627	1.88797690442861	0.241	0.304	1
"TMEM123"	0.1457541181455	0.558369949521966	0.433	0.497	1
"RND3"	0.14848327493145	-1.72431079162748	0.339	0.439	1
"AC087521.2"	0.150492505044917	7.19482818624747	0.009	0.187	1
"NEUROG2"	0.151504861299382	-6.90345723454403	0.156	0.111	1
"SLC10A4"	0.151758659398091	-4.40410624389984	0.022	0.193	1
"WWC2"	0.153288954784624	3.81012696921681	0.062	0.246	1
"DIRC3"	0.153545124255318	2.2840437733784	0.009	0.181	1
"LIMA1"	0.15380161910137	-1.32780437067032	0.321	0.339	1
"CDCA3"	0.155606211150911	0.82249072715131	0.714	0.854	1
"ERBB4"	0.156384509305293	1.47168575762376	0.071	0.117	1
"ETV1"	0.156644597091893	-4.83751778029281	0.344	0.298	1
"MYO10"	0.156644597091893	-0.993589525235803	0.451	0.386	1
"AP003086.2"	0.157426828559592	0.287770568481426	0.045	0.263	1
"GLCCI1"	0.158474403815029	0.619501488110425	0.362	0.45	1
"EMP3"	0.161116423266761	0.361443494766446	0.388	0.316	1
"GSTP1"	0.164870964517654	-0.263805755729064	0.621	0.69	1
"PDIA4"	0.165684011849173	-0.291887498612861	0.429	0.392	1
"XBP1"	0.165955696902456	0.364500151656348	0.228	0.187	1
"AC007402.1"	0.168966383688045	-4.6259317454939	0.054	0.322	1
"GRID2"	0.169518093989336	2.08151089518626	0.112	0.246	1
"CNN3"	0.169794548765919	-0.287504894241313	0.321	0.339	1
"TOX2"	0.171460002217107	1.61456689173113	0.027	0.158	1
"CENPE"	0.172857197046234	0.326113656788028	0.777	0.836	1
"GAP43"	0.175110389140615	-0.546701003265182	0.103	0.082	1
"NFE2L2"	0.175393572160035	-1.95253605320571	0.344	0.316	1
"MEIS2"	0.177385426260302	-0.395941766056117	0.29	0.287	1
"AP001458.2"	0.177671346648559	4.95949577485405	0.009	0.193	1
"ID2"	0.179971073495318	5.45046315059793	0.147	0.146	1
"PDIA3"	0.18083914988555	0.552645684359111	0.478	0.433	1
"NR2F2-AS1"	0.182292846711477	3.30767869835471	0.04	0.17	1
"TAF4B"	0.183169214454468	11.6717761975955	0.004	0.117	1
"CADM1"	0.183462029720388	-0.706315921989541	0.277	0.275	1
"BMPER"	0.183755191626544	4.36639834784887	0.018	0.152	1
"NT5E"	0.184342449262886	9.72717610098281	0.013	0.14	1
"AC004852.2"	0.188493069532394	6.33176712103998	0.004	0.368	1
"MT-RNR1"	0.188792151302277	-0.488794691099321	0.656	0.749	1
"CCSAP"	0.188792151302277	-1.04592469734701	0.357	0.363	1
"TFP1"	0.190292810505189	-4.90939100161104	0.013	0.164	1
"ACAT2"	0.193016102270022	0.84486228494265	0.411	0.333	1
"KCNG1"	0.193625039322079	5.85524455166495	0.161	0.193	1
"MT-ATP6"	0.193625147770606	0.531881735544594	0.58	0.485	1
"MT-TP"	0.19761837160436	5.20110030711805	0.504	0.544	1
"AL606807.1"	0.202930632656862	7.67949614221743	0.018	0.211	1
"CENPW"	0.204512829488093	1.53023472045938	0.589	0.602	1
"UBE2C"	0.207383180843831	0.606254821120586	0.875	0.906	1
"TEX15"	0.208024981984249	5.75625749416093	0.022	0.228	1
"CSRP2"	0.211255596706153	1.74308474289798	0.21	0.222	1
"DBI"	0.21882332750415	3.67864621412015	0.513	0.561	1
"DCLK1"	0.21882332750415	0.339580737690048	0.263	0.263	1
"ANAPC5"	0.225220196777611	0.58811928561746	0.335	0.368	1
"AC073878.1"	0.228296457593381	2.95635037056029	0.009	0.129	1
"MDM2"	0.228640153269761	-2.19196721644716	0.326	0.38	1
"PLK1"	0.229673381964008	0.334914224419229	0.786	0.889	1
"PPP1R15A"	0.230709791419456	0.361646331742011	0.156	0.205	1
"BCYRN1"	0.231055976135324	-10.6286681410882	0	0.152	1
"SNCAIP"	0.233839179807881	-1.20322538117045	0.388	0.351	1
"NPW"	0.234188780861049	0.499448260307968	0.004	0.123	1
"CDCA8"	0.23770470863506	0.358230954955868	0.799	0.871	1
"PROX1"	0.238412344948253	2.09241298931694	0.094	0.216	1
"MT-ND4L"	0.238412344948253	-1.82887520733707	0.397	0.421	1
"SP8"	0.239476585288189	1.2550793458893	0.223	0.316	1
"DLX5"	0.24125775538854	6.1764573042929	0.228	0.357	1
"HMGN3"	0.24125775538854	-1.61636951219168	0.732	0.737	1
"CKS1B"	0.243767031846736	-0.578139612597338	0.763	0.825	1
"DNAJB1"	0.245570560042698	1.45642980803864	0.433	0.444	1
"TET1"	0.246294585138768	-1.10815196897639	0.348	0.398	1
"ATAD2"	0.246657158189216	-1.46906880447401	0.446	0.485	1
"PIK3R1"	0.247747120529949	0.397148320700745	0.188	0.222	1
"HIST1H4J"	0.248111074244666	-2.31373036252285	0.201	0.175	1
"EPHA4"	0.248840449696104	1.84170985479201	0.107	0.17	1
"ZFP36L1"	0.24920564138395	-1.48529981602936	0.522	0.48	1
"CASC15"	0.25140465877488	7.0824037347612	0.152	0.17	1
"HELT"	0.256588237570487	2.3616045918888	0.036	0.111	1
"AUTS2"	0.256961312411324	0.695333287698166	0.299	0.228	1
"FTH1"	0.257334763606276	1.09264332316827	0.214	0.199	1
"EZH2"	0.261089993240829	-1.82626057276648	0.746	0.737	1
"GADD45G"	0.261845563600252	4.01637860083272	0.46	0.485	1
"HIST3H2BB"	0.262602527422024	-4.45463251414003	0.013	0.17	1
"CPLX2"	0.265264320571282	1.49342684202493	0.179	0.164	1
"PDE4D"	0.265264320571282	0.395241388909988	0.17	0.181	1
"GTSE1"	0.267560502140018	1.16251613800381	0.75	0.731	1
"C1QTNF2"	0.268713585318312	4.61285327888026	0.009	0.187	1
"ESCO2"	0.269484395083712	-2.97978661232271	0.402	0.573	1
"LMNB1"	0.271030328314514	-1.60441123500437	0.893	0.801	1
"CD63"	0.271417759241693	4.93757407207712	0.424	0.421	1
"TCAP"	0.271805452671749	11.0644304721492	0.009	0.257	1
"KCTD12"	0.272582327344647	-1.89023525730959	0.04	0.234	1
"IGFBP5"	0.280433447386634	1.65881481436153	0.094	0.146	1
"GAPDH"	0.282419992322809	0.976488573637649	0.576	0.497	1
"TMEM131L"	0.2856182194802	-0.474147165293318	0.254	0.333	1
"AP003392.4"	0.288436647663808	-12.608423399394	0	0.123	1
"CEP350"	0.292495616795492	-1.51940418721618	0.46	0.485	1
"VGF"	0.295770069244725	0.785818820435064	0.018	0.129	1
"TTC28"	0.296592649394878	-0.966514059213366	0.268	0.234	1
"CENPF"	0.297416640530246	1.77965653895744	0.996	0.953	1
"PCSK5"	0.298242160425257	7.00105077071326	0.009	0.135	1
"FDFT1"	0.299483307168945	1.42488787682887	0.429	0.351	1
"DCLK2"	0.302392698639795	2.93369098324535	0.246	0.31	1
"PRDX1"	0.302809855752222	-0.292394094044123	0.286	0.269	1
"AC034236.2"	0.307845464046086	8.27637142542553	0.022	0.17	1
"AC078909.2"	0.307845581786978	11.6436299352947	0.009	0.129	1
"KIF2C"	0.309536402442348	1.49931809455178	0.763	0.836	1
"TMSB4X"	0.311233347173145	-1.14406284605497	0.451	0.503	1
"FGD6"	0.312936298826218	0.985562902399358	0.045	0.123	1
"FRMD4A"	0.314217738298233	-4.03064340323255	0.174	0.211	1
"SEL1L2"	0.314645611202794	0.620407769237099	0.036	0.181	1
"SCRG1"	0.315931526991721	0.315075583636753	0.478	0.485	1
"MAN1C1"	0.322412672978593	-3.72049772185381	0.004	0.17	1
"TMEM161B-AS1"	0.324155675303886	1.00048703037009	0.469	0.509	1
"AL591848.4"	0.325904566564616	11.8876077749068	0.009	0.17	1
"NSRP1"	0.330746032094866	0.300721551504513	0.362	0.327	1
"GPM6B"	0.333406279461751	-0.38887470284599	0.402	0.421	1
"AC009299.3"	0.334295970697317	-9.79428684199413	0	0.164	1
"PGK1"	0.336527302011079	-0.310713962956615	0.254	0.234	1
"PAAF1"	0.341018301707277	-0.806861421567968	0.138	0.14	1
"RBM11"	0.341018395717491	0.300123125103404	0.009	0.111	1
"NRXN1"	0.343731388226243	1.62332576808927	0.165	0.175	1
"CLU"	0.345547685447003	-1.12418656445937	0.223	0.152	1
"MAD2L1"	0.34600271385099	0.797474574072023	0.821	0.819	1
"H2AFV"	0.347826642662308	1.00832181436862	0.938	0.936	1
"RPS27L"	0.351952789678018	1.45040315360888	0.487	0.45	1
"TNFRSF25"	0.353796540362596	7.4280810635212	0.009	0.117	1
"AL359198.1"	0.354258312983881	11.8621006321729	0.027	0.164	1
"CFAP61"	0.356109702266849	11.7502829001494	0.004	0.135	1
"PTPRZ1"	0.362168763252816	-2.5857395342809	0.326	0.333	1
"MALAT1"	0.366873185670805	1.16441202589897	0.326	0.281	1
"SQLE"	0.368765573059275	-0.507588247246843	0.455	0.503	1
"SEC61G"	0.37018884136836	0.323394356587305	0.33	0.281	1
"FO393418.1"	0.3716154006008	-3.02400751692486	0.004	0.211	1
"FTL"	0.373523047973143	0.470069296738195	0.299	0.304	1
"BNIP3"	0.375436627859546	-1.74749974897184	0.263	0.287	1
"DLEU2"	0.375915967378961	-0.573635115298888	0.585	0.62	1
"CDKN3"	0.378799932387901	0.300249214806879	0.737	0.83	1
"BHLHE40"	0.378799932387901	-0.337200574598321	0.067	0.146	1
"PMP2"	0.382666336288803	-0.717238298841124	0.237	0.216	1
"TROAP"	0.38363670350806	1.20599319116073	0.5	0.713	1
"MIR210HG"	0.38606920448535	1.08914056554425	0.089	0.135	1
"KNL1"	0.390962378373337	1.68244513585906	0.799	0.854	1
"KPNA2"	0.393423026469628	1.34006289679062	0.884	0.947	1
"SMARCD3"	0.393423026469628	1.31372393893492	0.232	0.187	1
"FAM162A"	0.396883650328931	2.22128382297042	0.241	0.181	1
"LARGE1"	0.399864467879133	1.01967967207076	0.04	0.105	1
"NCAPG"	0.400861057670589	-0.350523913068566	0.625	0.69	1
"RPS20P14"	0.401359796940933	1.75897278643525	0.004	0.269	1
"RPS19"	0.402358736642973	0.784777952722535	0.531	0.491	1
"FRG1HP"	0.402858707642093	0.305246513020499	0.147	0.146	1
"CAMTA1-DT"	0.407375064371796	-3.31671402901589	0.009	0.246	1
"MEF2C-AS2"	0.407878751373512	2.19075871203953	0.174	0.263	1
"TMSB15A"	0.407878865487757	-1.83044491684946	0.567	0.503	1
"LINC01158"	0.409392151385794	-1.04085548841492	0.652	0.673	1
"CD81"	0.409392151385794	0.628262373989976	0.402	0.333	1
"SMC4"	0.412428724249926	-1.79678763682556	0.924	0.906	1
"ZIC1"	0.414460503106286	-1.18887403302837	0.036	0.222	1
"RASA4CP"	0.417008533291827	11.7046370578229	0.004	0.129	1
"AC010210.1"	0.424707835674104	4.77301414176822	0.049	0.216	1
"MAGI2"	0.430406413263071	2.61280827679227	0.165	0.14	1
"B2M"	0.430926657245948	1.50257632098793	0.688	0.608	1
"RPLP1"	0.431968238787035	0.940835988311369	0.598	0.544	1
"ADD3"	0.434055771759953	-1.04608757166896	0.295	0.304	1
"QKI"	0.435625240128056	0.324323501407614	0.562	0.62	1
"PSRC1"	0.437197932147467	-0.518462247542038	0.625	0.743	1
"NMU"	0.437722947847931	0.70250064035754	0.353	0.596	1
"VAX2"	0.438773977287942	-3.85686911600407	0.027	0.152	1
"PIMREG"	0.44088038069057	1.556264001403	0.79	0.778	1
"STX16"	0.444050715963327	11.682951380294	0.004	0.111	1
"HSPB1"	0.445110527722634	-0.363452506251327	0.629	0.719	1
"PBK"	0.448830814843577	0.997181816113669	0.83	0.842	1
"AL133227.1"	0.448830814843577	8.69575518156616	0.004	0.129	1
"SLC6A17"	0.449363721320877	-4.33984959159826	0	0.117	1
"DOK5"	0.454175998612694	0.980243921103695	0.254	0.216	1
"SZT2"	0.454712483725061	2.54610850331117	0.013	0.199	1
"CNTRL"	0.456861946940755	-4.55745060419103	0.357	0.439	1
"CKAP2L"	0.461178084961792	1.33188697796254	0.643	0.69	1
"RACGAP1"	0.461719194249147	-2.33643186573034	0.719	0.737	1
"ANKRD12"	0.462260657890271	5.37898969910008	0.214	0.211	1
"RIPOR2"	0.465516870108974	-1.30152212381839	0.049	0.281	1
"RPS2"	0.465516870108974	0.585030664951904	0.509	0.468	1
"TWISTNB"	0.467149743915489	7.71602243371243	0.188	0.193	1
"HSPA5"	0.467694740168235	1.35289714598501	0.438	0.456	1
"KDM5B"	0.468785788929749	0.346108683481427	0.308	0.298	1
"NTS"	0.471519562750959	3.82641882545995	0.009	0.158	1
"MPZL3"	0.472615420932965	11.7126730847904	0.004	0.117	1
"TPI1"	0.47261552870104	3.40000769525157	0.411	0.404	1
"SEL1L"	0.47536150551155	1.1407935259954	0.25	0.275	1
"CADM2"	0.475361569976958	2.62789400929218	0.138	0.158	1
"C21orf91"	0.475361569976958	-1.45657128361699	0.085	0.152	1
"PHF20L1"	0.475911826779707	0.655359101219939	0.246	0.228	1
"DPP4"	0.477013387226447	4.77547226797786	0.004	0.117	1
"NAA16"	0.478116342028111	2.97472371052789	0.228	0.31	1
"H1FX"	0.47977338485933	1.03332338406555	0.728	0.749	1
"AC006994.2"	0.480879732536699	11.9555845569896	0.009	0.105	1
"NRCAM"	0.489222193584308	-0.370253265333298	0.223	0.257	1
"UFL1"	0.497078191253856	6.80638329452658	0.348	0.287	1
"ADGRB3"	0.512989654141288	0.916501760606659	0.312	0.228	1
"CALR"	0.514710055047606	-1.26914444071358	0.393	0.31	1
"JPT1"	0.517008578239676	0.25515056367614	0.692	0.719	1
"BCAN"	0.518735952927511	-6.74189620291958	0.196	0.187	1
"EIF2S2"	0.519312406373264	0.458057413770089	0.362	0.345	1
"SYNE2"	0.52162152246333	-0.884682985884057	0.5	0.462	1
"LGALS3"	0.523356819437176	7.609610205161	0.022	0.152	1
"RNU6-6P"	0.525094973088663	0.27789700663797	0.071	0.14	1
"PGAP1"	0.535586293161553	-2.05698869449046	0.281	0.292	1
"KIFC1"	0.53675842997926	0.506427308452935	0.656	0.754	1
"AL442128.2"	0.539694544133594	11.6889042015351	0.004	0.117	1
"MT-RNR2"	0.543818511727637	-0.451953321675952	0.504	0.509	1
"KHDRBS3"	0.543818511727637	0.308997325734161	0.192	0.129	1
"LRRC3B"	0.544999660906692	0.655641949498465	0.254	0.175	1
"LINC00645"	0.549736861123348	-8.80430495568121	0	0.123	1
"VCAN"	0.550330544316963	-0.690767796039241	0.348	0.281	1
"CBWD4P"	0.550924445796702	8.42269245942184	0.018	0.17	1
"AL662890.1"	0.555090466087695	11.6651523734293	0.004	0.135	1
"SH3BGRL3"	0.55688074173032	-0.81823167546781	0.263	0.251	1
"CD24"	0.560469517524245	0.263303211990946	0.192	0.211	1
"TMEM158"	0.562268097151497	-0.43120344608092	0.183	0.129	1
"CDC20"	0.568886635748921	0.969692959998016	0.853	0.924	1
"SOX6"	0.5749356020001	2.89959430798285	0.268	0.263	1
"KIF18A"	0.578579521640194	0.766131886534218	0.531	0.69	1
"DRAXIN"	0.579187895248395	0.393271585799573	0.125	0.14	1
"ZBTB18"	0.579796569018687	0.628084092979338	0.188	0.228	1
"ATP1B1"	0.5810148157102	0.354922513449737	0.179	0.111	1
"UNC5B"	0.581624387962155	1.4149549507914	0.013	0.111	1
"TTK"	0.58345484134	1.50726871707302	0.58	0.673	1
"H2AFX"	0.584676724841164	1.23147996588988	0.781	0.778	1
"SCN11A"	0.587123944808782	-3.21568219026586	0.004	0.211	1
"CTSV"	0.589575824698402	0.359882711305835	0.031	0.409	1
"ANP32E"	0.592032559942513	-0.496224580160301	0.875	0.807	1
"NPTXR"	0.592032559942513	-0.58666328494193	0.121	0.158	1
"PEA15"	0.593878134962565	-1.54895591481821	0.29	0.216	1
"MEST"	0.603765351178724	0.932064411736416	0.112	0.14	1
"CAMK2N1"	0.603765351178724	0.401125889697167	0.29	0.17	1
"IVNS1ABP"	0.609359214486443	1.00319066115756	0.335	0.351	1
"TUBA1B"	0.609982175039627	1.78475669165045	0.987	0.947	1
"HMGCR"	0.613725862380122	0.558673598856264	0.379	0.31	1
"LINC01896"	0.615601497842823	-0.945297752586562	0.192	0.298	1
"NLGN1"	0.618106254972307	6.19973997618216	0.335	0.415	1
"DDIT3"	0.62312908510305	4.13845487897429	0.121	0.216	1
"TOX3"	0.625647110102993	-1.30000715665059	0.446	0.456	1
"GCC2"	0.626277300797532	-1.31136454147635	0.147	0.129	1
"CXCL14"	0.626907764510568	-4.52382087478729	0.062	0.14	1
"CIART"	0.630064165007576	-0.297919414634322	0.103	0.199	1
"GPR22"	0.632594160747059	-4.00785792614828	0.045	0.123	1
"AC123768.3"	0.633227267450801	0.624413949778933	0.013	0.251	1
"AC103591.3"	0.634494402878696	4.46624151894672	0.004	0.111	1
"AC027644.1"	0.637667048253554	0.610379962952127	0.058	0.351	1
"SGO1"	0.64786370768778	-0.428223380655385	0.714	0.778	1
"AC008764.2"	0.65619752873179	6.39759974120582	0.013	0.123	1
"PPP1R42"	0.665866860323201	-0.726718561303914	0.009	0.228	1
"Z94721.1"	0.669102455452862	2.51132687794466	0.076	0.48	1
"DEK"	0.67169536611697	-0.254773864064555	0.732	0.678	1
"CDH11"	0.672993290406331	0.702341536409415	0.076	0.105	1
"KIF15"	0.673642618316268	-1.13162723096875	0.625	0.725	1
"AC090510.1"	0.680801115120212	-2.37486308277636	0.009	0.409	1
"AC005476.2"	0.68733404695887	-2.40860645977504	0.009	0.398	1
"ZFHX3"	0.68798862851312	-2.88357948549434	0.116	0.216	1
"BCL11B"	0.689298492742774	1.13401579450885	0.129	0.135	1
"AC104806.2"	0.697835099767864	1.07762601096004	0.031	0.374	1
"HMCN1"	0.699151868338943	1.19832552068113	0.004	0.205	1
"CCNB1"	0.700469611853986	1.05414088878633	0.888	0.906	1
"KIF14"	0.701128759568716	-0.42264099411959	0.509	0.69	1
"AC005498.3"	0.701128787264827	3.57864027675087	0.036	0.175	1
"HS6ST2"	0.702447812820757	-0.941662964797888	0.156	0.234	1
"DUSP5"	0.702447812820757	7.03928206578007	0.004	0.123	1
"DPYSL3"	0.704428031307653	-0.953594517723365	0.228	0.193	1
"NFIA"	0.705749291858198	0.708294380476148	0.612	0.579	1
"AC125611.4"	0.707071358541684	2.40105147599947	0.009	0.292	1
"HMGB1"	0.71104317547789	3.40788751635917	0.96	0.93	1
"LINC00271"	0.71104317547789	1.20321356886341	0.018	0.292	1
"CPE"	0.711705898162282	-0.522297552912284	0.152	0.088	1
"SOCS3"	0.719010062335826	-7.54703546616772	0.004	0.199	1
"ABRACL"	0.719010127825713	0.268761113399049	0.214	0.175	1
"PGF"	0.719675435056423	-10.7227974378556	0.071	0.275	1
"NEK8"	0.722338718714981	2.55999766644857	0.009	0.193	1
"LMNA"	0.72367165849521	0.959805142606615	0.094	0.187	1
"NLN"	0.724338507449736	0.528788434672531	0.103	0.175	1
"SFRP1"	0.730348925480602	-4.0028821201463	0.513	0.491	1
"AL160313.1"	0.740403022006337	2.01734003033039	0.022	0.111	1
"MT-ND4"	0.741074896441431	0.400292635385665	0.411	0.398	1
"GPD1"	0.743764364375949	-0.738294229511385	0.04	0.263	1
"HMGCS1"	0.745783520739299	2.48395183508809	0.317	0.292	1
"RASD2"	0.749827063090225	11.6447525935671	0.004	0.111	1
"AURKA"	0.751176446039783	1.26000850221146	0.67	0.731	1
"CATSPERE"	0.753201946809442	2.49395359284739	0.004	0.152	1
"SOX5"	0.756581552932511	0.595495319363015	0.263	0.269	1
"MT-CO3"	0.758611558275521	-0.253469911379682	0.621	0.62	1
"FBXO5"	0.759288597431301	0.70692723242362	0.527	0.632	1
"UBE2T"	0.763354690816128	1.3008702726639	0.67	0.749	1
"NNAT"	0.764033011579774	7.45431987004298	0.268	0.292	1
"MIR7-3HG"	0.764033011579774	5.88292858506194	0.018	0.123	1
"ITGA2B"	0.764033011579774	7.06964516154328	0.004	0.14	1
"NPY"	0.764711513481088	2.51706560099481	0.411	0.468	1
"KIF4A"	0.764711513481088	0.98275014653761	0.661	0.754	1
"AL033504.1"	0.766748101123474	-7.86706287435643	0.031	0.111	1
"NUSAP1"	0.768786301392231	1.0299946480167	0.982	0.942	1
"MCM4"	0.770826101040715	-1.55646197306956	0.179	0.228	1
"SCGN"	0.777636813525729	4.07488798801682	0.188	0.292	1
"LRFN5"	0.782414533339804	3.22535126076524	0.009	0.158	1
"SUGCT"	0.783097688474183	-7.62668124105966	0.009	0.105	1
"SLAIN1"	0.785148361592094	0.255906157353039	0.214	0.287	1
"ECEL1"	0.787884792308228	6.06000160528481	0.022	0.14	1
"CDKN1A"	0.787884842701147	3.02488037603311	0.085	0.187	1
"PDIA6"	0.798169724821332	1.03560126837248	0.46	0.421	1
"NDC80"	0.798169724821332	0.433634736777101	0.598	0.667	1
"PKM"	0.802293615291	1.39176543973778	0.527	0.556	1
"SGO2"	0.802293615291	0.825118571086788	0.746	0.801	1
"TMEM97"	0.802293615291	4.74518453816565	0.397	0.351	1
"MKI67"	0.80298146942949	2.18319333815201	0.973	0.947	1
"KIF22"	0.80298146942949	0.332934835206448	0.665	0.737	1
"AC005498.2"	0.80298146942949	-5.7315060977002	0	0.158	1
"MTHFD2"	0.803669476225889	0.269177817151333	0.165	0.205	1
"STC2"	0.809178964943515	0.336872380988805	0.152	0.216	1
"BNIP3L"	0.813317313917095	0.538069430580474	0.286	0.222	1
"KNSTRN"	0.813317313917095	0.761665962645841	0.67	0.795	1
"LINC00324"	0.814697928774103	-0.395905845900735	0.013	0.374	1
"AC096887.1"	0.814697928774103	3.07423151668377	0.031	0.123	1
"HSP90B1"	0.816769929253848	0.658193416069969	0.781	0.848	1
"SLC16A3"	0.818151975674691	-1.60641703944747	0.121	0.158	1
"BUB1B"	0.824378070842055	1.02537575847268	0.513	0.678	1
"EZR"	0.824378121299103	-1.23361655926347	0.33	0.368	1
"AC016773.1"	0.827841857612838	5.9086200723602	0.004	0.152	1
"HNRNPA2B1"	0.827841898858017	0.921335986951908	0.911	0.977	1
"SESN3"	0.829228351982893	-3.06697493524355	0.379	0.48	1
"ESF1"	0.831309028000916	-0.763618121687986	0.272	0.257	1
"FABP7"	0.837558097585144	-2.459612489659	0.286	0.281	1
"LINC02487"	0.841729870023615	0.348328358613495	0.027	0.228	1
"ASCL1"	0.844513529785508	0.747678329759257	0.692	0.696	1
"IQCH"	0.845906053383423	-2.05902315838822	0	0.105	1
"PLOD2"	0.848692651995068	3.42656326287918	0.201	0.269	1
"MT-ND3"	0.851481105674742	-0.29570614778587	0.496	0.48	1
"BUB1"	0.852178510748851	0.571613587390413	0.759	0.807	1
"ARHGAP5"	0.852178510748851	0.379320835140391	0.424	0.444	1
"DDIT4"	0.857063553134063	1.82049954242918	0.263	0.257	1
"GAS2L3"	0.867549722597021	0.318672058623333	0.612	0.655	1
"H3F3B"	0.86824965115128	0.50392239831367	0.339	0.298	1
"TUBB4B"	0.8696498175542	1.42785240061796	0.879	0.883	1
"SRM"	0.873852752305001	0.411038076377131	0.219	0.257	1
"PRX"	0.876656665456135	1.70932758269124	0.004	0.205	1
"HERPUD1"	0.877357924317542	1.18628440956831	0.196	0.146	1
"MSRA"	0.877357924317542	4.03050668047913	0.103	0.158	1
"AFDN"	0.879462186934392	0.528267759005551	0.286	0.339	1
"LINC00461"	0.880865502737016	0.661774166213246	0.402	0.409	1
"CANX"	0.881567301228645	0.594782139278288	0.29	0.257	1
"GPATCH2"	0.881567301228645	0.535786085066024	0.161	0.146	1
"BTG2"	0.884375419795851	-4.79578891604686	0.246	0.281	1
"AL160314.2"	0.890698947033746	-2.69712644429964	0.009	0.263	1
"LINC01623"	0.89351163554625	1.07958081700773	0.004	0.257	1
"AC119674.2"	0.894215025006521	1.79053286774622	0.009	0.222	1
"NEAT1"	0.894918523090658	-0.812892444189806	0	0.211	1
"CD99"	0.897029434266083	-1.18569723154618	0.504	0.409	1
"TNIK"	0.899141074514262	0.349409584772119	0.085	0.105	1
"SFRP2"	0.89984509465897	-1.02603834404056	0.228	0.339	1
"RAD51AP1"	0.901957689150799	1.61460148664718	0.223	0.404	1
"TNC"	0.903366483060295	-2.86662216299753	0.103	0.129	1
"PTMA"	0.904070987277525	0.384951934191174	0.464	0.48	1
"SAT1"	0.906184950878781	-1.15457554637866	0.339	0.322	1
"MAP1B"	0.906889753897235	0.549471630719636	0.129	0.082	1
"ADM"	0.907594630241689	-1.36307849036435	0.156	0.316	1
"VEGFA"	0.912530771553495	1.09099455640136	0.183	0.216	1
"AL121761.1"	0.918176180234438	2.49784090444973	0.009	0.38	1
"HMGB2"	0.921000480130176	0.67632072476567	0.991	1	1
"HIST1H1D"	0.921000480130176	-0.282222721114836	0.286	0.503	1
"SLC3A2"	0.928772282893897	-0.462421743828706	0.25	0.269	1
"AC087286.2"	0.930893076701238	11.7220450306205	0.004	0.111	1
"SPDL1"	0.935136115461036	2.24297783654198	0.571	0.673	1
"ATP2B1"	0.940796361698922	-0.567476626017811	0.156	0.199	1
"UBE2S"	0.945043520767299	1.17848397884263	0.938	0.901	1
"IGFBP2"	0.945751535791927	-5.28291707944449	0.277	0.275	1
"H2AFZ"	0.947875835740128	0.594052054084147	0.973	0.971	1
"HIST1H4C"	0.949292242523631	0.596827372673433	0.464	0.526	1
"MIS18BP1"	0.95141715176709	1.44613362323743	0.701	0.766	1
"TTC9B"	0.95141715176709	-1.15900718135086	0.062	0.117	1
"HSP90AB1"	0.95141715176709	0.367813720331839	0.232	0.17	1
"MT-ND2"	0.958502593036364	-0.386006194713767	0.263	0.251	1
"INSM1"	0.958502593036364	6.95293730224062	0.348	0.345	1
"SMC2"	0.959211326784896	3.81688680706262	0.714	0.702	1
"ACER2"	0.959920083027155	-0.413747091847192	0.009	0.368	1
"PTPRO"	0.960628890444397	-0.667093496903485	0.107	0.123	1
"PHLDA1"	0.967009402819413	-0.297862351149321	0.29	0.257	1
"AC097478.1"	0.967718486526654	-10.8010844613648	0	0.251	1
"C1orf61"	0.974810635017067	1.39835916749369	0.29	0.234	1
"GRHL1"	0.976229321704189	2.86809433923153	0.004	0.193	1
"FGFBP3"	0.992548494728426	0.431369155006327	0.201	0.158	1
"CALM1"	0.994677458338173	0.523137917998425	0.286	0.222	1
"CDCA2"	0.994677458338173	1.94755203704645	0.513	0.626	1
"HAT1"	0.99751613245159	-1.86497788826722	0.442	0.439	1
"RCOR2"	0.998935484088254	0.98414102925438	0.143	0.216	1
